Linux 6.8.0-1061-aws (ip-10-42-1-14) 	08/16/26 	_x86_64_	(4 CPU)

02:45:22     CPU    %usr   %nice    %sys %iowait    %irq   %soft  %steal  %guest  %gnice   %idle
02:45:23     all    2.27    0.00    1.51   95.21    0.00    0.00    0.00    0.00    0.00    1.01
02:45:24     all    1.01    0.00    0.76   98.24    0.00    0.00    0.00    0.00    0.00    0.00
02:45:25     all    1.51    0.00    0.25   98.24    0.00    0.00    0.00    0.00    0.00    0.00
02:45:26     all    1.26    0.00    0.50   98.24    0.00    0.00    0.00    0.00    0.00    0.00
02:45:27     all    1.01    0.00    0.51   98.48    0.00    0.00    0.00    0.00    0.00    0.00
02:45:28     all    1.26    0.00    0.00   98.74    0.00    0.00    0.00    0.00    0.00    0.00
02:45:29     all    1.01    0.00    0.25   98.74    0.00    0.00    0.00    0.00    0.00    0.00
02:45:30     all    0.51    0.00    0.25   99.24    0.00    0.00    0.00    0.00    0.00    0.00
02:45:31     all    1.26    0.00    0.50   98.24    0.00    0.00    0.00    0.00    0.00    0.00
02:45:32     all    1.02    0.00    0.00   98.98    0.00    0.00    0.00    0.00    0.00    0.00
02:45:33     all    1.00    0.00    0.75   98.25    0.00    0.00    0.00    0.00    0.00    0.00
02:45:34     all    1.77    0.00    0.25   97.98    0.00    0.00    0.00    0.00    0.00    0.00
02:45:35     all    0.51    0.00    0.25   99.24    0.00    0.00    0.00    0.00    0.00    0.00
02:45:36     all    0.51    0.00    0.76   98.74    0.00    0.00    0.00    0.00    0.00    0.00
02:45:37     all    1.52    0.00    0.00   98.48    0.00    0.00    0.00    0.00    0.00    0.00
02:45:38     all    1.50    0.00    0.75   97.75    0.00    0.00    0.00    0.00    0.00    0.00
02:45:39     all    1.01    0.00    0.51   98.48    0.00    0.00    0.00    0.00    0.00    0.00
02:45:40     all    1.26    0.00    0.25   98.48    0.00    0.00    0.00    0.00    0.00    0.00
02:45:41     all    1.01    0.00    0.51   98.48    0.00    0.00    0.00    0.00    0.00    0.00
02:45:42     all    1.01    0.00    0.00   98.99    0.00    0.00    0.00    0.00    0.00    0.00
02:45:43     all    1.01    0.00    0.51   98.48    0.00    0.00    0.00    0.00    0.00    0.00
02:45:44     all    0.76    0.00    0.25   98.99    0.00    0.00    0.00    0.00    0.00    0.00
02:45:45     all    0.76    0.00    0.00   99.24    0.00    0.00    0.00    0.00    0.00    0.00
02:45:46     all    1.75    0.00    0.25   97.99    0.00    0.00    0.00    0.00    0.00    0.00
02:45:47     all    0.76    0.00    0.76   98.49    0.00    0.00    0.00    0.00    0.00    0.00
02:45:48     all    1.01    0.00    0.51   98.48    0.00    0.00    0.00    0.00    0.00    0.00
02:45:49     all    0.76    0.00    0.25   98.99    0.00    0.00    0.00    0.00    0.00    0.00
02:45:50     all    1.26    0.00    0.50   98.24    0.00    0.00    0.00    0.00    0.00    0.00
02:45:51     all    1.01    0.00    0.50   98.49    0.00    0.00    0.00    0.00    0.00    0.00
02:45:52     all    1.02    0.00    0.51   98.48    0.00    0.00    0.00    0.00    0.00    0.00
02:45:53     all    1.01    0.00    0.25   98.74    0.00    0.00    0.00    0.00    0.00    0.00
02:45:54     all    1.50    0.00    0.50   97.99    0.00    0.00    0.00    0.00    0.00    0.00
02:45:55     all    1.51    0.00    0.50   97.99    0.00    0.00    0.00    0.00    0.00    0.00
02:45:56     all    1.01    0.00    0.00   98.99    0.00    0.00    0.00    0.00    0.00    0.00
02:45:57     all    1.01    0.00    0.75   98.24    0.00    0.00    0.00    0.00    0.00    0.00
02:45:58     all    1.01    0.00    0.51   98.48    0.00    0.00    0.00    0.00    0.00    0.00
02:45:59     all    1.01    0.00    0.51   98.48    0.00    0.00    0.00    0.00    0.00    0.00
02:46:00     all    0.76    0.00    0.00   99.24    0.00    0.00    0.00    0.00    0.00    0.00
02:46:01     all    1.01    0.00    0.25   98.73    0.00    0.00    0.00    0.00    0.00    0.00
02:46:02     all    1.75    0.00    0.75   97.50    0.00    0.00    0.00    0.00    0.00    0.00
02:46:03     all    1.26    0.00    0.50   98.24    0.00    0.00    0.00    0.00    0.00    0.00
02:46:04     all    1.01    0.00    0.25   98.74    0.00    0.00    0.00    0.00    0.00    0.00
02:46:05     all    1.02    0.00    0.00   98.98    0.00    0.00    0.00    0.00    0.00    0.00
02:46:06     all    0.76    0.00    0.76   98.49    0.00    0.00    0.00    0.00    0.00    0.00
02:46:07     all    1.01    0.00    0.25   98.74    0.00    0.00    0.00    0.00    0.00    0.00
02:46:08     all    1.26    0.00    0.00   98.74    0.00    0.00    0.00    0.00    0.00    0.00
02:46:09     all    1.02    0.00    0.00   98.98    0.00    0.00    0.00    0.00    0.00    0.00
02:46:10     all    0.76    0.00    0.51   98.73    0.00    0.00    0.00    0.00    0.00    0.00
02:46:11     all    1.50    0.00    0.50   97.99    0.00    0.00    0.00    0.00    0.00    0.00
02:46:12     all    1.26    0.00    0.50   98.24    0.00    0.00    0.00    0.00    0.00    0.00
02:46:13     all    1.02    0.00    0.00   98.98    0.00    0.00    0.00    0.00    0.00    0.00
02:46:14     all    1.25    0.00    1.00   97.75    0.00    0.00    0.00    0.00    0.00    0.00
02:46:15     all    1.01    0.00    0.00   98.99    0.00    0.00    0.00    0.00    0.00    0.00
02:46:16     all    1.27    0.00    0.00   98.73    0.00    0.00    0.00    0.00    0.00    0.00
02:46:17     all    1.01    0.00    0.75   98.24    0.00    0.00    0.00    0.00    0.00    0.00
02:46:18     all    1.51    0.00    0.25   98.24    0.00    0.00    0.00    0.00    0.00    0.00
02:46:19     all    1.01    0.00    0.25   98.74    0.00    0.00    0.00    0.00    0.00    0.00
02:46:20     all    2.01    0.00    0.50   97.49    0.00    0.00    0.00    0.00    0.00    0.00
02:46:21     all    1.02    0.00    0.00   98.98    0.00    0.00    0.00    0.00    0.00    0.00
02:46:22     all    1.01    0.00    0.50   98.49    0.00    0.00    0.00    0.00    0.00    0.00
02:46:23     all    1.01    0.00    0.51   98.48    0.00    0.00    0.00    0.00    0.00    0.00
02:46:24     all    1.26    0.00    0.00   98.74    0.00    0.00    0.00    0.00    0.00    0.00
02:46:25     all    0.75    0.00    1.01   98.24    0.00    0.00    0.00    0.00    0.00    0.00
02:46:26     all    1.27    0.00    0.00   98.73    0.00    0.00    0.00    0.00    0.00    0.00
02:46:27     all    1.26    0.00    0.25   98.49    0.00    0.00    0.00    0.00    0.00    0.00
02:46:28     all    1.25    0.00    0.75   97.99    0.00    0.00    0.00    0.00    0.00    0.00
02:46:29     all    1.51    0.00    0.50   97.99    0.00    0.00    0.00    0.00    0.00    0.00
02:46:30     all    1.01    0.00    0.25   98.73    0.00    0.00    0.00    0.00    0.00    0.00
02:46:31     all    1.01    0.00    0.25   98.73    0.00    0.00    0.00    0.00    0.00    0.00
02:46:32     all    1.75    0.00    0.25   97.99    0.00    0.00    0.00    0.00    0.00    0.00
02:46:33     all    1.01    0.00    0.25   98.74    0.00    0.00    0.00    0.00    0.00    0.00
02:46:34     all    1.25    0.00    0.75   97.99    0.00    0.00    0.00    0.00    0.00    0.00
02:46:35     all    0.51    0.00    0.00   99.49    0.00    0.00    0.00    0.00    0.00    0.00
02:46:36     all    1.51    0.00    0.25   98.24    0.00    0.00    0.00    0.00    0.00    0.00
02:46:37     all    1.27    0.00    0.00   98.73    0.00    0.00    0.00    0.00    0.00    0.00
02:46:38     all    1.01    0.00    0.75   98.24    0.00    0.00    0.00    0.00    0.00    0.00
02:46:39     all    1.27    0.00    0.00   98.73    0.00    0.00    0.00    0.00    0.00    0.00
02:46:40     all    1.01    0.00    0.75   98.24    0.00    0.00    0.00    0.00    0.00    0.00
02:46:41     all    1.01    0.00    0.25   98.74    0.00    0.00    0.00    0.00    0.00    0.00
02:46:42     all    0.76    0.00    0.25   98.98    0.00    0.00    0.00    0.00    0.00    0.00
02:46:43     all    1.01    0.00    0.76   98.24    0.00    0.00    0.00    0.00    0.00    0.00
02:46:44     all    1.01    0.00    0.25   98.73    0.00    0.00    0.00    0.00    0.00    0.00
02:46:45     all    1.26    0.00    0.00   98.74    0.00    0.00    0.00    0.00    0.00    0.00
02:46:46     all    1.26    0.00    0.50   98.24    0.00    0.00    0.00    0.00    0.00    0.00
02:46:47     all    0.76    0.00    0.51   98.74    0.00    0.00    0.00    0.00    0.00    0.00
02:46:48     all    1.27    0.00    0.00   98.73    0.00    0.00    0.00    0.00    0.00    0.00
02:46:49     all    1.26    0.00    0.50   98.24    0.00    0.00    0.00    0.00    0.00    0.00
02:46:50     all    1.26    0.00    0.50   98.24    0.00    0.00    0.00    0.00    0.00    0.00
02:46:51     all    1.02    0.00    0.00   98.98    0.00    0.00    0.00    0.00    0.00    0.00
02:46:52     all    1.01    0.00    1.01   97.99    0.00    0.00    0.00    0.00    0.00    0.00
02:46:53     all    1.27    0.00    0.00   98.73    0.00    0.00    0.00    0.00    0.00    0.00
02:46:54     all    1.25    0.00    0.75   98.00    0.00    0.00    0.00    0.00    0.00    0.00
02:46:55     all    1.27    0.00    0.25   98.48    0.00    0.00    0.00    0.00    0.00    0.00
02:46:56     all    1.01    0.00    0.25   98.74    0.00    0.00    0.00    0.00    0.00    0.00
02:46:57     all    0.76    0.00    0.25   98.98    0.00    0.00    0.00    0.00    0.00    0.00
02:46:58     all    1.26    0.00    0.75   97.99    0.00    0.00    0.00    0.00    0.00    0.00
02:46:59     all    1.26    0.00    0.00   98.74    0.00    0.00    0.00    0.00    0.00    0.00
02:47:00     all    0.51    0.00    0.25   99.24    0.00    0.00    0.00    0.00    0.00    0.00
02:47:01     all    1.25    0.00    0.50   98.25    0.00    0.00    0.00    0.00    0.00    0.00
02:47:02     all    1.51    0.00    0.50   97.98    0.00    0.00    0.00    0.00    0.00    0.00
02:47:03     all    1.27    0.00    0.25   98.48    0.00    0.00    0.00    0.00    0.00    0.00
02:47:04     all    1.50    0.00    0.25   98.25    0.00    0.00    0.00    0.00    0.00    0.00
02:47:05     all    1.01    0.00    0.76   98.24    0.00    0.00    0.00    0.00    0.00    0.00
02:47:06     all    0.76    0.00    0.25   98.99    0.00    0.00    0.00    0.00    0.00    0.00
02:47:07     all    1.27    0.00    0.00   98.73    0.00    0.00    0.00    0.00    0.00    0.00
02:47:08     all    1.01    0.00    0.25   98.74    0.00    0.00    0.00    0.00    0.00    0.00
02:47:09     all    1.02    0.00    0.00   98.98    0.00    0.00    0.00    0.00    0.00    0.00
02:47:10     all    1.01    0.00    0.75   98.24    0.00    0.00    0.00    0.00    0.00    0.00
02:47:11     all    1.02    0.00    0.25   98.73    0.00    0.00    0.00    0.00    0.00    0.00
02:47:12     all    1.26    0.00    0.50   98.24    0.00    0.00    0.00    0.00    0.00    0.00
02:47:13     all    1.01    0.00    0.00   98.99    0.00    0.00    0.00    0.00    0.00    0.00
02:47:14     all    1.75    0.00    0.75   97.50    0.00    0.00    0.00    0.00    0.00    0.00
02:47:15     all    0.76    0.00    0.25   98.99    0.00    0.00    0.00    0.00    0.00    0.00
02:47:16     all    0.76    0.00    0.25   98.99    0.00    0.00    0.00    0.00    0.00    0.00
02:47:17     all    1.50    0.00    1.00   97.50    0.00    0.00    0.00    0.00    0.00    0.00
02:47:18     all    1.76    0.00    0.00   98.24    0.00    0.00    0.00    0.00    0.00    0.00
02:47:19     all    1.51    0.00    0.50   97.99    0.00    0.00    0.00    0.00    0.00    0.00
02:47:20     all    1.26    0.00    0.50   98.24    0.00    0.00    0.00    0.00    0.00    0.00
02:47:21     all    1.01    0.00    0.25   98.73    0.00    0.00    0.00    0.00    0.00    0.00
02:47:22     all    1.50    0.00    0.25   98.25    0.00    0.00    0.00    0.00    0.00    0.00
02:47:23     all    1.02    0.00    0.25   98.73    0.00    0.00    0.00    0.00    0.00    0.00
02:47:24     all    1.01    0.00    0.25   98.73    0.00    0.00    0.00    0.00    0.00    0.00
02:47:25     all    1.75    0.00    0.50   97.75    0.00    0.00    0.00    0.00    0.00    0.00
02:47:26     all    0.25    0.00    0.51   99.24    0.00    0.00    0.00    0.00    0.00    0.00
02:47:27     all    1.51    0.00    0.00   98.49    0.00    0.00    0.00    0.00    0.00    0.00
02:47:28     all    1.01    0.00    0.76   98.24    0.00    0.00    0.00    0.00    0.00    0.00
02:47:29     all    1.50    0.00    0.50   97.99    0.00    0.00    0.00    0.00    0.00    0.00
02:47:30     all    1.27    0.00    0.00   98.73    0.00    0.00    0.00    0.00    0.00    0.00
02:47:31     all    1.01    0.00    0.76   98.24    0.00    0.00    0.00    0.00    0.00    0.00
02:47:32     all    1.01    0.00    0.25   98.73    0.00    0.00    0.00    0.00    0.00    0.00
02:47:33     all    1.26    0.00    0.25   98.49    0.00    0.00    0.00    0.00    0.00    0.00
02:47:34     all    1.01    0.00    0.76   98.24    0.00    0.00    0.00    0.00    0.00    0.00
02:47:35     all    1.01    0.00    0.25   98.74    0.00    0.00    0.00    0.00    0.00    0.00
02:47:36     all    1.27    0.00    0.25   98.48    0.00    0.00    0.00    0.00    0.00    0.00
02:47:37     all    1.26    0.00    0.50   98.24    0.00    0.00    0.00    0.00    0.00    0.00
02:47:38     all    0.51    0.00    0.00   99.49    0.00    0.00    0.00    0.00    0.00    0.00
02:47:39     all    1.26    0.00    0.25   98.49    0.00    0.00    0.00    0.00    0.00    0.00
02:47:40     all    1.26    0.00    0.76   97.98    0.00    0.00    0.00    0.00    0.00    0.00
02:47:41     all    1.26    0.00    0.00   98.74    0.00    0.00    0.00    0.00    0.00    0.00
02:47:42     all    1.01    0.00    0.25   98.73    0.00    0.00    0.00    0.00    0.00    0.00
02:47:43     all    1.01    0.00    0.50   98.49    0.00    0.00    0.00    0.00    0.00    0.00
02:47:44     all    1.01    0.00    0.25   98.74    0.00    0.00    0.00    0.00    0.00    0.00
02:47:45     all    1.01    0.00    0.25   98.73    0.00    0.00    0.00    0.00    0.00    0.00
02:47:46     all    0.76    0.00    0.51   98.73    0.00    0.00    0.00    0.00    0.00    0.00
02:47:47     all    1.51    0.00    0.00   98.49    0.00    0.00    0.00    0.00    0.00    0.00
02:47:48     all    1.51    0.00    0.25   98.24    0.00    0.00    0.00    0.00    0.00    0.00
02:47:49     all    1.50    0.00    0.50   97.99    0.00    0.00    0.00    0.00    0.00    0.00
02:47:50     all    1.01    0.00    0.76   98.24    0.00    0.00    0.00    0.00    0.00    0.00
02:47:51     all    1.01    0.00    0.50   98.49    0.00    0.00    0.00    0.00    0.00    0.00
02:47:52     all    1.01    0.00    0.00   98.99    0.00    0.00    0.00    0.00    0.00    0.00
02:47:53     all    1.27    0.00    0.25   98.48    0.00    0.00    0.00    0.00    0.00    0.00
02:47:54     all    1.01    0.00    0.75   98.24    0.00    0.00    0.00    0.00    0.00    0.00
02:47:55     all    1.76    0.00    0.25   97.99    0.00    0.00    0.00    0.00    0.00    0.00
02:47:56     all    1.01    0.00    0.76   98.24    0.00    0.00    0.00    0.00    0.00    0.00
02:47:57     all    1.51    0.00    0.25   98.24    0.00    0.00    0.00    0.00    0.00    0.00
02:47:58     all    0.76    0.00    0.51   98.74    0.00    0.00    0.00    0.00    0.00    0.00
02:47:59     all    1.51    0.00    0.25   98.24    0.00    0.00    0.00    0.00    0.00    0.00
02:48:00     all    1.50    0.00    0.75   97.75    0.00    0.00    0.00    0.00    0.00    0.00
02:48:01     all    1.27    0.00    0.00   98.73    0.00    0.00    0.00    0.00    0.00    0.00
02:48:02     all    1.26    0.00    0.50   98.24    0.00    0.00    0.00    0.00    0.00    0.00
02:48:03     all    0.76    0.00    0.76   98.48    0.00    0.00    0.00    0.00    0.00    0.00
02:48:04     all    1.51    0.00    0.25   98.24    0.00    0.00    0.00    0.00    0.00    0.00
02:48:05     all    1.26    0.00    0.25   98.49    0.00    0.00    0.00    0.00    0.00    0.00
02:48:06     all    1.01    0.00    0.76   96.21    0.00    0.00    0.00    0.00    0.00    2.02
02:48:07     all    0.00    0.00    0.75   99.25    0.00    0.00    0.00    0.00    0.00    0.00
02:48:08     all    0.00    0.00    0.00  100.00    0.00    0.00    0.00    0.00    0.00    0.00
02:48:09     all    0.00    0.00    0.25   99.75    0.00    0.00    0.00    0.00    0.00    0.00
02:48:10     all    0.00    0.00    0.25   99.75    0.00    0.00    0.00    0.00    0.00    0.00
02:48:11     all    0.00    0.00    0.00  100.00    0.00    0.00    0.00    0.00    0.00    0.00
02:48:12     all    0.00    0.00    0.50   99.50    0.00    0.00    0.00    0.00    0.00    0.00
02:48:13     all    0.00    0.00    0.50   99.50    0.00    0.00    0.00    0.00    0.00    0.00
02:48:14     all    0.00    0.00    0.25   99.75    0.00    0.00    0.00    0.00    0.00    0.00
02:48:15     all    0.50    0.00    0.50   99.00    0.00    0.00    0.00    0.00    0.00    0.00
02:48:16     all    0.00    0.00    0.00  100.00    0.00    0.00    0.00    0.00    0.00    0.00
02:48:17     all    0.25    0.00    0.50   99.00    0.00    0.25    0.00    0.00    0.00    0.00
02:48:18     all    0.00    0.00    0.00  100.00    0.00    0.00    0.00    0.00    0.00    0.00
02:48:19     all    0.00    0.00    0.51   99.49    0.00    0.00    0.00    0.00    0.00    0.00
02:48:20     all    0.00    0.00    0.25   99.75    0.00    0.00    0.00    0.00    0.00    0.00
02:48:21     all    0.00    0.00    0.75   99.25    0.00    0.00    0.00    0.00    0.00    0.00
02:48:22     all    0.25    0.00    0.00   99.75    0.00    0.00    0.00    0.00    0.00    0.00
02:48:23     all    0.00    0.00    0.00  100.00    0.00    0.00    0.00    0.00    0.00    0.00
02:48:24     all    0.00    0.00    0.25   99.75    0.00    0.00    0.00    0.00    0.00    0.00
02:48:25     all    0.25    0.00    0.75   99.00    0.00    0.00    0.00    0.00    0.00    0.00
02:48:26     all    0.00    0.00    0.25   99.75    0.00    0.00    0.00    0.00    0.00    0.00
02:48:27     all    0.25    0.00    0.25   99.50    0.00    0.00    0.00    0.00    0.00    0.00
02:48:28     all    0.00    0.00    0.50   99.50    0.00    0.00    0.00    0.00    0.00    0.00
02:48:29     all    0.25    0.00    0.25   99.50    0.00    0.00    0.00    0.00    0.00    0.00
02:48:30     all    0.00    0.00    0.50   99.50    0.00    0.00    0.00    0.00    0.00    0.00
02:48:31     all    0.00    0.00    0.25   99.75    0.00    0.00    0.00    0.00    0.00    0.00
02:48:32     all    0.00    0.00    0.00  100.00    0.00    0.00    0.00    0.00    0.00    0.00
02:48:33     all    0.25    0.00    0.00   99.75    0.00    0.00    0.00    0.00    0.00    0.00
02:48:34     all    0.00    0.00    0.50   99.50    0.00    0.00    0.00    0.00    0.00    0.00
02:48:35     all    0.00    0.00    0.25   99.75    0.00    0.00    0.00    0.00    0.00    0.00
02:48:36     all    0.00    0.00    0.25   99.75    0.00    0.00    0.00    0.00    0.00    0.00
02:48:37     all    0.00    0.00    0.25   99.75    0.00    0.00    0.00    0.00    0.00    0.00
02:48:38     all    0.00    0.00    0.50   99.50    0.00    0.00    0.00    0.00    0.00    0.00
02:48:39     all    0.00    0.00    0.00  100.00    0.00    0.00    0.00    0.00    0.00    0.00
02:48:40     all    0.00    0.00    0.50   99.50    0.00    0.00    0.00    0.00    0.00    0.00
02:48:41     all    0.25    0.00    0.25   99.50    0.00    0.00    0.00    0.00    0.00    0.00
02:48:42     all    0.00    0.00    0.25   99.75    0.00    0.00    0.00    0.00    0.00    0.00
02:48:43     all    0.25    0.00    0.25   99.50    0.00    0.00    0.00    0.00    0.00    0.00
02:48:44     all    0.00    0.00    0.51   99.49    0.00    0.00    0.00    0.00    0.00    0.00
02:48:45     all    0.25    0.00    0.25   99.50    0.00    0.00    0.00    0.00    0.00    0.00
02:48:46     all    0.00    0.00    0.50   99.50    0.00    0.00    0.00    0.00    0.00    0.00
02:48:47     all    0.00    0.00    0.50   99.50    0.00    0.00    0.00    0.00    0.00    0.00
02:48:48     all    0.00    0.00    0.00  100.00    0.00    0.00    0.00    0.00    0.00    0.00
02:48:49     all    0.25    0.00    0.25   99.50    0.00    0.00    0.00    0.00    0.00    0.00
02:48:50     all    0.00    0.00    0.25   99.75    0.00    0.00    0.00    0.00    0.00    0.00
02:48:51     all    0.00    0.00    0.50   99.50    0.00    0.00    0.00    0.00    0.00    0.00
02:48:52     all    0.00    0.00    0.00  100.00    0.00    0.00    0.00    0.00    0.00    0.00
02:48:53     all    0.25    0.00    0.75   99.00    0.00    0.00    0.00    0.00    0.00    0.00
02:48:54     all    0.00    0.00    0.00  100.00    0.00    0.00    0.00    0.00    0.00    0.00
02:48:55     all    0.00    0.00    0.51   99.49    0.00    0.00    0.00    0.00    0.00    0.00
02:48:56     all    0.00    0.00    0.00  100.00    0.00    0.00    0.00    0.00    0.00    0.00
02:48:57     all    0.00    0.00    0.25   99.75    0.00    0.00    0.00    0.00    0.00    0.00
02:48:58     all    0.00    0.00    0.75   99.25    0.00    0.00    0.00    0.00    0.00    0.00
02:48:59     all    0.00    0.00    0.00  100.00    0.00    0.00    0.00    0.00    0.00    0.00
02:49:00     all    0.00    0.00    0.00  100.00    0.00    0.00    0.00    0.00    0.00    0.00
02:49:01     all    0.00    0.00    0.50   99.50    0.00    0.00    0.00    0.00    0.00    0.00
02:49:02     all    0.00    0.00    0.51   99.49    0.00    0.00    0.00    0.00    0.00    0.00
02:49:03     all    0.25    0.00    0.50   99.25    0.00    0.00    0.00    0.00    0.00    0.00
02:49:04     all    0.00    0.00    0.00  100.00    0.00    0.00    0.00    0.00    0.00    0.00
02:49:05     all    0.50    0.00    0.25   99.25    0.00    0.00    0.00    0.00    0.00    0.00
02:49:06     all    0.00    0.00    0.50   99.50    0.00    0.00    0.00    0.00    0.00    0.00
02:49:07     all    0.00    0.00    0.25   99.75    0.00    0.00    0.00    0.00    0.00    0.00
02:49:08     all    0.00    0.00    0.50   99.50    0.00    0.00    0.00    0.00    0.00    0.00
02:49:09     all    0.00    0.00    0.00  100.00    0.00    0.00    0.00    0.00    0.00    0.00
02:49:10     all    0.00    0.00    0.25   99.75    0.00    0.00    0.00    0.00    0.00    0.00
02:49:11     all    0.00    0.00    0.25   99.75    0.00    0.00    0.00    0.00    0.00    0.00
02:49:12     all    0.25    0.00    0.50   99.25    0.00    0.00    0.00    0.00    0.00    0.00
02:49:13     all    0.25    0.00    0.25   99.50    0.00    0.00    0.00    0.00    0.00    0.00
02:49:14     all    0.00    0.00    0.00  100.00    0.00    0.00    0.00    0.00    0.00    0.00
02:49:15     all    0.00    0.00    0.50   99.50    0.00    0.00    0.00    0.00    0.00    0.00
02:49:16     all    0.00    0.00    0.50   99.50    0.00    0.00    0.00    0.00    0.00    0.00
02:49:17     all    0.00    0.00    0.25   99.75    0.00    0.00    0.00    0.00    0.00    0.00
02:49:18     all    0.25    0.00    0.00   99.75    0.00    0.00    0.00    0.00    0.00    0.00
02:49:19     all    0.00    0.00    0.50   99.50    0.00    0.00    0.00    0.00    0.00    0.00
02:49:20     all    0.00    0.00    0.00  100.00    0.00    0.00    0.00    0.00    0.00    0.00
02:49:21     all    0.00    0.00    0.50   99.50    0.00    0.00    0.00    0.00    0.00    0.00
02:49:22     all    0.25    0.00    0.25   99.50    0.00    0.00    0.00    0.00    0.00    0.00
02:49:23     all    0.00    0.00    0.51   99.49    0.00    0.00    0.00    0.00    0.00    0.00
02:49:24     all    0.00    0.00    0.25   99.75    0.00    0.00    0.00    0.00    0.00    0.00
02:49:25     all    0.00    0.00    0.25   99.75    0.00    0.00    0.00    0.00    0.00    0.00
02:49:26     all    0.00    0.00    0.75   99.25    0.00    0.00    0.00    0.00    0.00    0.00
02:49:27     all    0.25    0.00    0.00   99.75    0.00    0.00    0.00    0.00    0.00    0.00
02:49:28     all    0.00    0.00    0.50   99.25    0.00    0.00    0.25    0.00    0.00    0.00
02:49:29     all    0.00    0.00    0.25   99.75    0.00    0.00    0.00    0.00    0.00    0.00
02:49:30     all    0.00    0.00    0.25   99.75    0.00    0.00    0.00    0.00    0.00    0.00
02:49:31     all    0.25    0.00    0.25   99.50    0.00    0.00    0.00    0.00    0.00    0.00
02:49:32     all    0.25    0.00    0.25   99.49    0.00    0.00    0.00    0.00    0.00    0.00
02:49:33     all    0.25    0.00    0.00   99.75    0.00    0.00    0.00    0.00    0.00    0.00
02:49:34     all    0.00    0.00    0.25   99.75    0.00    0.00    0.00    0.00    0.00    0.00
02:49:35     all    0.00    0.00    0.25   99.75    0.00    0.00    0.00    0.00    0.00    0.00
02:49:36     all    0.00    0.00    0.50   99.50    0.00    0.00    0.00    0.00    0.00    0.00
02:49:37     all    0.00    0.00    0.25   99.75    0.00    0.00    0.00    0.00    0.00    0.00
02:49:38     all    0.00    0.00    0.50   99.50    0.00    0.00    0.00    0.00    0.00    0.00
02:49:39     all    0.25    0.00    0.50   99.25    0.00    0.00    0.00    0.00    0.00    0.00
02:49:40     all    0.00    0.00    0.25   99.75    0.00    0.00    0.00    0.00    0.00    0.00
02:49:41     all    0.25    0.00    0.00   99.75    0.00    0.00    0.00    0.00    0.00    0.00
02:49:42     all    0.00    0.00    0.00  100.00    0.00    0.00    0.00    0.00    0.00    0.00
02:49:43     all    0.00    0.00    0.75   99.25    0.00    0.00    0.00    0.00    0.00    0.00
02:49:44     all    0.00    0.00    0.25   99.75    0.00    0.00    0.00    0.00    0.00    0.00
02:49:45     all    0.00    0.00    0.25   99.75    0.00    0.00    0.00    0.00    0.00    0.00
02:49:46     all    0.00    0.00    0.75   99.25    0.00    0.00    0.00    0.00    0.00    0.00
02:49:47     all    0.00    0.00    0.25   99.75    0.00    0.00    0.00    0.00    0.00    0.00
02:49:48     all    0.00    0.00    0.00  100.00    0.00    0.00    0.00    0.00    0.00    0.00
02:49:49     all    0.25    0.00    0.25   99.50    0.00    0.00    0.00    0.00    0.00    0.00
02:49:50     all    0.00    0.00    0.50   99.50    0.00    0.00    0.00    0.00    0.00    0.00
02:49:51     all    0.25    0.00    0.75   99.00    0.00    0.00    0.00    0.00    0.00    0.00
02:49:52     all    0.00    0.00    0.00  100.00    0.00    0.00    0.00    0.00    0.00    0.00
02:49:53     all    0.00    0.00    0.25   99.75    0.00    0.00    0.00    0.00    0.00    0.00
02:49:54     all    0.25    0.00    0.25   99.49    0.00    0.00    0.00    0.00    0.00    0.00
02:49:55     all    0.00    0.00    1.00   99.00    0.00    0.00    0.00    0.00    0.00    0.00
02:49:56     all    0.00    0.00    0.25   99.75    0.00    0.00    0.00    0.00    0.00    0.00
02:49:57     all    0.25    0.00    0.00   99.75    0.00    0.00    0.00    0.00    0.00    0.00
02:49:58     all    0.25    0.00    0.50   99.24    0.00    0.00    0.00    0.00    0.00    0.00
02:49:59     all    0.00    0.00    0.25   99.75    0.00    0.00    0.00    0.00    0.00    0.00
02:50:00     all    0.00    0.00    0.25   99.75    0.00    0.00    0.00    0.00    0.00    0.00
02:50:01     all    0.00    0.00    0.25   99.75    0.00    0.00    0.00    0.00    0.00    0.00
02:50:02     all    0.00    0.00    0.76   99.24    0.00    0.00    0.00    0.00    0.00    0.00
02:50:03     all    0.00    0.00    0.25   99.75    0.00    0.00    0.00    0.00    0.00    0.00
02:50:04     all    0.25    0.00    0.00   99.75    0.00    0.00    0.00    0.00    0.00    0.00
02:50:05     all    0.00    0.00    0.25   99.75    0.00    0.00    0.00    0.00    0.00    0.00
02:50:06     all    0.25    0.00    0.50   99.25    0.00    0.00    0.00    0.00    0.00    0.00
02:50:07     all    0.25    0.00    0.25   99.49    0.00    0.00    0.00    0.00    0.00    0.00
02:50:08     all    0.00    0.00    0.50   99.50    0.00    0.00    0.00    0.00    0.00    0.00
02:50:09     all    0.00    0.00    0.51   99.49    0.00    0.00    0.00    0.00    0.00    0.00
02:50:10     all    0.00    0.00    0.00  100.00    0.00    0.00    0.00    0.00    0.00    0.00
02:50:11     all    0.00    0.00    0.00  100.00    0.00    0.00    0.00    0.00    0.00    0.00
02:50:12     all    0.00    0.00    1.00   99.00    0.00    0.00    0.00    0.00    0.00    0.00
02:50:13     all    0.00    0.00    0.00  100.00    0.00    0.00    0.00    0.00    0.00    0.00
02:50:14     all    0.00    0.00    0.25   99.75    0.00    0.00    0.00    0.00    0.00    0.00
02:50:15     all    0.00    0.00    0.50   99.50    0.00    0.00    0.00    0.00    0.00    0.00
02:50:16     all    0.00    0.00    0.00  100.00    0.00    0.00    0.00    0.00    0.00    0.00
02:50:17     all    0.25    0.00    0.50   99.25    0.00    0.00    0.00    0.00    0.00    0.00
02:50:18     all    0.00    0.00    0.25   99.75    0.00    0.00    0.00    0.00    0.00    0.00
02:50:19     all    0.25    0.00    0.25   99.50    0.00    0.00    0.00    0.00    0.00    0.00
02:50:20     all    0.25    0.00    0.00   99.75    0.00    0.00    0.00    0.00    0.00    0.00
02:50:21     all    0.00    0.00    0.50   99.50    0.00    0.00    0.00    0.00    0.00    0.00
02:50:22     all    0.00    0.00    0.25   99.75    0.00    0.00    0.00    0.00    0.00    0.00
02:50:23     all    0.00    0.00    0.75   99.25    0.00    0.00    0.00    0.00    0.00    0.00
02:50:24     all    0.00    0.00    0.25   99.75    0.00    0.00    0.00    0.00    0.00    0.00
02:50:25     all    0.00    0.00    0.00  100.00    0.00    0.00    0.00    0.00    0.00    0.00
02:50:26     all    0.00    0.00    0.50   99.50    0.00    0.00    0.00    0.00    0.00    0.00
02:50:27     all    0.25    0.00    0.50   99.25    0.00    0.00    0.00    0.00    0.00    0.00
02:50:28     all    0.00    0.00    0.00  100.00    0.00    0.00    0.00    0.00    0.00    0.00
02:50:29     all    0.00    0.00    0.50   99.50    0.00    0.00    0.00    0.00    0.00    0.00
02:50:30     all    0.25    0.00    0.25   99.49    0.00    0.00    0.00    0.00    0.00    0.00
02:50:31     all    0.00    0.00    0.25   99.75    0.00    0.00    0.00    0.00    0.00    0.00
02:50:32     all    0.25    0.00    0.00   99.75    0.00    0.00    0.00    0.00    0.00    0.00
02:50:33     all    0.25    0.00    0.75   99.00    0.00    0.00    0.00    0.00    0.00    0.00
02:50:34     all    0.00    0.00    0.00  100.00    0.00    0.00    0.00    0.00    0.00    0.00
02:50:35     all    0.00    0.00    0.00  100.00    0.00    0.00    0.00    0.00    0.00    0.00
02:50:36     all    0.00    0.00    0.51   99.49    0.00    0.00    0.00    0.00    0.00    0.00
02:50:37     all    0.25    0.00    0.25   99.50    0.00    0.00    0.00    0.00    0.00    0.00
02:50:38     all    0.00    0.00    0.25   99.75    0.00    0.00    0.00    0.00    0.00    0.00
02:50:39     all    0.00    0.00    0.25   99.75    0.00    0.00    0.00    0.00    0.00    0.00
02:50:40     all    0.00    0.00    0.51   99.49    0.00    0.00    0.00    0.00    0.00    0.00
02:50:41     all    0.00    0.00    0.50   99.50    0.00    0.00    0.00    0.00    0.00    0.00
02:50:42     all    0.00    0.00    0.50   99.50    0.00    0.00    0.00    0.00    0.00    0.00
02:50:43     all    0.25    0.00    0.25   99.50    0.00    0.00    0.00    0.00    0.00    0.00
02:50:44     all    0.00    0.00    0.25   99.75    0.00    0.00    0.00    0.00    0.00    0.00
02:50:45     all    0.25    0.00    0.25   99.50    0.00    0.00    0.00    0.00    0.00    0.00
02:50:46     all    0.00    0.00    0.25   99.75    0.00    0.00    0.00    0.00    0.00    0.00
02:50:47     all    0.00    0.00    0.50   99.50    0.00    0.00    0.00    0.00    0.00    0.00
02:50:48     all    0.00    0.00    0.25   99.75    0.00    0.00    0.00    0.00    0.00    0.00
02:50:49     all    0.00    0.00    0.00  100.00    0.00    0.00    0.00    0.00    0.00    0.00
02:50:50     all    0.75    0.00    0.25   12.25    0.00    0.00    0.00    0.00    0.00   86.75
02:50:51     all    0.00    0.00    0.00    0.00    0.00    0.00    0.00    0.00    0.00  100.00
02:50:52     all    0.00    0.00    0.00    0.00    0.00    0.00    0.00    0.00    0.00  100.00
02:50:53     all    0.00    0.00    0.00    0.00    0.00    0.00    0.00    0.00    0.00  100.00
02:50:54     all    0.00    0.00    0.00    0.00    0.00    0.00    0.00    0.00    0.00  100.00
02:50:55     all    0.00    0.00    0.00    0.00    0.00    0.00    0.00    0.00    0.00  100.00
02:50:56     all    0.00    0.00    0.00    0.00    0.00    0.00    0.00    0.00    0.00  100.00
02:50:57     all    0.00    0.00    0.00    0.00    0.00    0.00    0.00    0.00    0.00  100.00
02:50:58     all    0.00    0.00    0.00    0.00    0.00    0.00    0.00    0.00    0.00  100.00
02:50:59     all    0.00    0.00    0.00    0.00    0.00    0.00    0.00    0.00    0.00  100.00
