Linux 6.8.0-1061-aws (ip-10-42-1-14) 	08/16/26 	_x86_64_	(4 CPU)

03:32:03     CPU    %usr   %nice    %sys %iowait    %irq   %soft  %steal  %guest  %gnice   %idle
03:32:04     all    0.50    0.00    1.00   97.75    0.00    0.00    0.00    0.00    0.00    0.75
03:32:05     all    0.00    0.00    0.00  100.00    0.00    0.00    0.00    0.00    0.00    0.00
03:32:06     all    0.00    0.00    0.00  100.00    0.00    0.00    0.00    0.00    0.00    0.00
03:32:07     all    0.00    0.00    0.00  100.00    0.00    0.00    0.00    0.00    0.00    0.00
03:32:08     all    0.00    0.00    0.00  100.00    0.00    0.00    0.00    0.00    0.00    0.00
03:32:09     all    0.00    0.00    0.00  100.00    0.00    0.00    0.00    0.00    0.00    0.00
03:32:10     all    0.00    0.00    0.50   99.50    0.00    0.00    0.00    0.00    0.00    0.00
03:32:11     all    0.00    0.00    0.00   90.45    0.00    0.00    0.00    0.00    0.00    9.55
03:32:12     all    0.00    0.00    0.50   99.50    0.00    0.00    0.00    0.00    0.00    0.00
03:32:13     all    0.00    0.00    0.00  100.00    0.00    0.00    0.00    0.00    0.00    0.00
03:32:14     all    0.00    0.00    0.00   96.74    0.00    0.00    0.00    0.00    0.00    3.26
03:32:15     all    0.00    0.00    0.00   98.75    0.00    0.00    0.00    0.00    0.00    1.25
03:32:16     all    0.00    0.00    0.00  100.00    0.00    0.00    0.00    0.00    0.00    0.00
03:32:17     all    0.00    0.00    0.00  100.00    0.00    0.00    0.00    0.00    0.00    0.00
03:32:18     all    0.00    0.00    0.25   99.75    0.00    0.00    0.00    0.00    0.00    0.00
03:32:19     all    0.00    0.00    0.00   96.24    0.00    0.00    0.00    0.00    0.00    3.76
03:32:20     all    0.25    0.00    0.00   99.75    0.00    0.00    0.00    0.00    0.00    0.00
03:32:21     all    0.00    0.00    0.50   99.50    0.00    0.00    0.00    0.00    0.00    0.00
03:32:22     all    0.00    0.00    0.00  100.00    0.00    0.00    0.00    0.00    0.00    0.00
03:32:23     all    0.00    0.00    0.25   99.75    0.00    0.00    0.00    0.00    0.00    0.00
03:32:24     all    0.00    0.00    0.00  100.00    0.00    0.00    0.00    0.00    0.00    0.00
03:32:25     all    0.00    0.00    0.25   98.50    0.00    0.00    0.00    0.00    0.00    1.25
03:32:26     all    0.00    0.00    0.00  100.00    0.00    0.00    0.00    0.00    0.00    0.00
03:32:27     all    0.00    0.00    0.00  100.00    0.00    0.00    0.00    0.00    0.00    0.00
03:32:28     all    0.00    0.00    0.00  100.00    0.00    0.00    0.00    0.00    0.00    0.00
03:32:29     all    0.00    0.00    0.00  100.00    0.00    0.00    0.00    0.00    0.00    0.00
03:32:30     all    0.00    0.00    0.25   99.75    0.00    0.00    0.00    0.00    0.00    0.00
03:32:31     all    0.00    0.00    0.25   99.75    0.00    0.00    0.00    0.00    0.00    0.00
03:32:32     all    0.00    0.00    0.25   99.75    0.00    0.00    0.00    0.00    0.00    0.00
03:32:33     all    0.00    0.00    0.00  100.00    0.00    0.00    0.00    0.00    0.00    0.00
03:32:34     all    0.00    0.00    0.00   95.23    0.00    0.00    0.00    0.00    0.00    4.77
03:32:35     all    0.00    0.00    0.00   99.00    0.00    0.00    0.00    0.00    0.00    1.00
03:32:36     all    0.00    0.00    0.00  100.00    0.00    0.00    0.00    0.00    0.00    0.00
03:32:37     all    0.00    0.00    0.25   99.75    0.00    0.00    0.00    0.00    0.00    0.00
03:32:38     all    0.00    0.00    0.00  100.00    0.00    0.00    0.00    0.00    0.00    0.00
03:32:39     all    0.00    0.00    0.25   99.00    0.00    0.00    0.00    0.00    0.00    0.75
03:32:40     all    0.00    0.00    0.25   98.00    0.00    0.00    0.00    0.00    0.00    1.75
03:32:41     all    0.00    0.00    0.00  100.00    0.00    0.00    0.00    0.00    0.00    0.00
03:32:42     all    0.00    0.00    0.00  100.00    0.00    0.00    0.00    0.00    0.00    0.00
03:32:43     all    0.00    0.00    0.00   99.50    0.00    0.00    0.00    0.00    0.00    0.50
03:32:44     all    0.00    0.00    0.25   99.75    0.00    0.00    0.00    0.00    0.00    0.00
03:32:45     all    0.00    0.00    0.00   90.93    0.00    0.00    0.00    0.00    0.00    9.07
03:32:46     all    0.00    0.00    0.25   99.75    0.00    0.00    0.00    0.00    0.00    0.00
03:32:47     all    0.00    0.00    0.00  100.00    0.00    0.00    0.00    0.00    0.00    0.00
03:32:48     all    0.00    0.00    0.00  100.00    0.00    0.00    0.00    0.00    0.00    0.00
03:32:49     all    0.00    0.00    0.00  100.00    0.00    0.00    0.00    0.00    0.00    0.00
03:32:50     all    0.00    0.00    0.00  100.00    0.00    0.00    0.00    0.00    0.00    0.00
03:32:51     all    0.00    0.00    0.25   99.75    0.00    0.00    0.00    0.00    0.00    0.00
03:32:52     all    0.00    0.00    0.25   99.75    0.00    0.00    0.00    0.00    0.00    0.00
03:32:53     all    0.00    0.00    0.25   99.75    0.00    0.00    0.00    0.00    0.00    0.00
03:32:54     all    0.00    0.00    0.00  100.00    0.00    0.00    0.00    0.00    0.00    0.00
03:32:55     all    0.00    0.00    0.00  100.00    0.00    0.00    0.00    0.00    0.00    0.00
03:32:56     all    0.00    0.00    0.00   98.99    0.00    0.00    0.00    0.00    0.00    1.01
03:32:57     all    0.00    0.00    0.25   99.75    0.00    0.00    0.00    0.00    0.00    0.00
03:32:58     all    0.00    0.00    0.50   99.50    0.00    0.00    0.00    0.00    0.00    0.00
03:32:59     all    0.25    0.00    0.25   99.50    0.00    0.00    0.00    0.00    0.00    0.00
03:33:00     all    0.00    0.00    0.00  100.00    0.00    0.00    0.00    0.00    0.00    0.00
03:33:01     all    0.00    0.00    0.00  100.00    0.00    0.00    0.00    0.00    0.00    0.00
03:33:02     all    0.00    0.00    0.00  100.00    0.00    0.00    0.00    0.00    0.00    0.00
03:33:03     all    0.00    0.00    0.00  100.00    0.00    0.00    0.00    0.00    0.00    0.00
03:33:04     all    0.00    0.00    0.25   99.75    0.00    0.00    0.00    0.00    0.00    0.00
03:33:05     all    0.00    0.00    0.25   95.99    0.00    0.00    0.00    0.00    0.00    3.76
03:33:06     all    0.00    0.00    0.25   99.75    0.00    0.00    0.00    0.00    0.00    0.00
03:33:07     all    0.00    0.00    0.25   99.75    0.00    0.00    0.00    0.00    0.00    0.00
03:33:08     all    0.00    0.00    0.00  100.00    0.00    0.00    0.00    0.00    0.00    0.00
03:33:09     all    0.00    0.00    0.25   99.75    0.00    0.00    0.00    0.00    0.00    0.00
03:33:10     all    0.00    0.00    0.00   90.95    0.00    0.00    0.00    0.00    0.00    9.05
03:33:11     all    0.00    0.00    0.00  100.00    0.00    0.00    0.00    0.00    0.00    0.00
03:33:12     all    0.00    0.00    0.00  100.00    0.00    0.00    0.00    0.00    0.00    0.00
03:33:13     all    0.00    0.00    0.00  100.00    0.00    0.00    0.00    0.00    0.00    0.00
03:33:14     all    0.00    0.00    0.25   99.75    0.00    0.00    0.00    0.00    0.00    0.00
03:33:15     all    0.00    0.00    0.50   97.76    0.00    0.00    0.00    0.00    0.00    1.74
03:33:16     all    0.00    0.00    0.25   99.75    0.00    0.00    0.00    0.00    0.00    0.00
03:33:17     all    0.00    0.00    0.00  100.00    0.00    0.00    0.00    0.00    0.00    0.00
03:33:18     all    0.00    0.00    0.00  100.00    0.00    0.00    0.00    0.00    0.00    0.00
03:33:19     all    0.00    0.00    0.00  100.00    0.00    0.00    0.00    0.00    0.00    0.00
03:33:20     all    0.00    0.00    0.25   96.00    0.00    0.00    0.00    0.00    0.00    3.75
03:33:21     all    0.00    0.00    0.00  100.00    0.00    0.00    0.00    0.00    0.00    0.00
03:33:22     all    0.00    0.00    0.00  100.00    0.00    0.00    0.00    0.00    0.00    0.00
03:33:23     all    0.00    0.00    0.25   99.75    0.00    0.00    0.00    0.00    0.00    0.00
03:33:24     all    0.00    0.00    0.25   99.75    0.00    0.00    0.00    0.00    0.00    0.00
03:33:25     all    0.00    0.00    0.00   93.98    0.00    0.00    0.00    0.00    0.00    6.02
03:33:26     all    0.00    0.00    0.00  100.00    0.00    0.00    0.00    0.00    0.00    0.00
03:33:27     all    0.00    0.00    0.25   95.25    0.00    0.00    0.00    0.00    0.00    4.50
03:33:28     all    0.00    0.00    0.00   98.75    0.00    0.00    0.00    0.00    0.00    1.25
03:33:29     all    0.00    0.00    0.25   99.75    0.00    0.00    0.00    0.00    0.00    0.00
03:33:30     all    0.00    0.00    0.00  100.00    0.00    0.00    0.00    0.00    0.00    0.00
03:33:31     all    0.00    0.00    0.25   99.75    0.00    0.00    0.00    0.00    0.00    0.00
03:33:32     all    0.00    0.00    0.00  100.00    0.00    0.00    0.00    0.00    0.00    0.00
03:33:33     all    0.00    0.00    0.25   99.75    0.00    0.00    0.00    0.00    0.00    0.00
03:33:34     all    0.00    0.00    0.25   99.75    0.00    0.00    0.00    0.00    0.00    0.00
03:33:35     all    0.00    0.00    0.00  100.00    0.00    0.00    0.00    0.00    0.00    0.00
03:33:36     all    0.00    0.00    0.00   98.50    0.00    0.00    0.00    0.00    0.00    1.50
03:33:37     all    0.00    0.00    0.00  100.00    0.00    0.00    0.00    0.00    0.00    0.00
03:33:38     all    0.00    0.00    0.00  100.00    0.00    0.00    0.00    0.00    0.00    0.00
03:33:39     all    0.00    0.00    0.25   99.75    0.00    0.00    0.00    0.00    0.00    0.00
03:33:40     all    0.00    0.00    0.25   98.25    0.00    0.00    0.00    0.00    0.00    1.50
03:33:41     all    0.00    0.00    0.25   99.75    0.00    0.00    0.00    0.00    0.00    0.00
03:33:42     all    0.00    0.00    0.00  100.00    0.00    0.00    0.00    0.00    0.00    0.00
03:33:43     all    0.00    0.00    0.25   99.75    0.00    0.00    0.00    0.00    0.00    0.00
03:33:44     all    0.25    0.00    0.00   99.75    0.00    0.00    0.00    0.00    0.00    0.00
03:33:45     all    0.00    0.00    0.00  100.00    0.00    0.00    0.00    0.00    0.00    0.00
03:33:46     all    0.00    0.00    0.25   99.75    0.00    0.00    0.00    0.00    0.00    0.00
03:33:47     all    0.00    0.00    0.25   99.75    0.00    0.00    0.00    0.00    0.00    0.00
03:33:48     all    0.25    0.00    0.00   99.75    0.00    0.00    0.00    0.00    0.00    0.00
03:33:49     all    0.00    0.00    0.00   99.75    0.00    0.00    0.00    0.00    0.00    0.25
03:33:50     all    0.00    0.00    0.00  100.00    0.00    0.00    0.00    0.00    0.00    0.00
03:33:51     all    0.00    0.00    0.00  100.00    0.00    0.00    0.00    0.00    0.00    0.00
03:33:52     all    0.00    0.00    0.25   96.48    0.00    0.00    0.00    0.00    0.00    3.27
03:33:53     all    0.25    0.00    0.25   98.01    0.00    0.00    0.00    0.00    0.00    1.49
03:33:54     all    0.00    0.00    0.50   99.50    0.00    0.00    0.00    0.00    0.00    0.00
03:33:55     all    0.00    0.00    0.00   98.50    0.00    0.00    0.00    0.00    0.00    1.50
03:33:56     all    0.00    0.00    0.00   98.50    0.00    0.00    0.00    0.00    0.00    1.50
03:33:57     all    0.00    0.00    0.00  100.00    0.00    0.00    0.00    0.00    0.00    0.00
03:33:58     all    0.00    0.00    0.00  100.00    0.00    0.00    0.00    0.00    0.00    0.00
03:33:59     all    0.00    0.00    0.00  100.00    0.00    0.00    0.00    0.00    0.00    0.00
03:34:00     all    0.00    0.00    0.00   98.49    0.00    0.00    0.00    0.00    0.00    1.51
03:34:01     all    0.00    0.00    0.00  100.00    0.00    0.00    0.00    0.00    0.00    0.00
03:34:02     all    0.00    0.00    0.25   99.75    0.00    0.00    0.00    0.00    0.00    0.00
03:34:03     all    0.00    0.00    0.00  100.00    0.00    0.00    0.00    0.00    0.00    0.00
03:34:04     all    0.00    0.00    0.00  100.00    0.00    0.00    0.00    0.00    0.00    0.00
03:34:05     all    0.00    0.00    0.00   99.75    0.00    0.00    0.00    0.00    0.00    0.25
03:34:06     all    0.00    0.00    0.50   99.50    0.00    0.00    0.00    0.00    0.00    0.00
03:34:07     all    0.00    0.00    0.00  100.00    0.00    0.00    0.00    0.00    0.00    0.00
03:34:08     all    0.00    0.00    0.00  100.00    0.00    0.00    0.00    0.00    0.00    0.00
03:34:09     all    0.00    0.00    0.00  100.00    0.00    0.00    0.00    0.00    0.00    0.00
03:34:10     all    0.00    0.00    0.00  100.00    0.00    0.00    0.00    0.00    0.00    0.00
03:34:11     all    0.00    0.00    0.25   99.75    0.00    0.00    0.00    0.00    0.00    0.00
03:34:12     all    0.00    0.00    0.25   99.75    0.00    0.00    0.00    0.00    0.00    0.00
03:34:13     all    0.00    0.00    0.00  100.00    0.00    0.00    0.00    0.00    0.00    0.00
03:34:14     all    0.00    0.00    0.00  100.00    0.00    0.00    0.00    0.00    0.00    0.00
03:34:15     all    0.00    0.00    0.00  100.00    0.00    0.00    0.00    0.00    0.00    0.00
03:34:16     all    0.00    0.00    0.50   99.50    0.00    0.00    0.00    0.00    0.00    0.00
03:34:17     all    0.00    0.00    0.00  100.00    0.00    0.00    0.00    0.00    0.00    0.00
03:34:18     all    0.00    0.00    0.00  100.00    0.00    0.00    0.00    0.00    0.00    0.00
03:34:19     all    0.00    0.00    0.25   99.75    0.00    0.00    0.00    0.00    0.00    0.00
03:34:20     all    0.00    0.00    0.00  100.00    0.00    0.00    0.00    0.00    0.00    0.00
03:34:21     all    0.00    0.00    0.00  100.00    0.00    0.00    0.00    0.00    0.00    0.00
03:34:22     all    0.00    0.00    0.00  100.00    0.00    0.00    0.00    0.00    0.00    0.00
03:34:23     all    0.00    0.00    0.25   99.75    0.00    0.00    0.00    0.00    0.00    0.00
03:34:24     all    0.00    0.00    0.25   99.75    0.00    0.00    0.00    0.00    0.00    0.00
03:34:25     all    0.00    0.00    0.00  100.00    0.00    0.00    0.00    0.00    0.00    0.00
03:34:26     all    0.00    0.00    0.00   98.49    0.00    0.00    0.00    0.00    0.00    1.51
03:34:27     all    0.00    0.00    0.25   99.75    0.00    0.00    0.00    0.00    0.00    0.00
03:34:28     all    0.00    0.00    0.00   98.50    0.00    0.00    0.00    0.00    0.00    1.50
03:34:29     all    0.00    0.00    0.00  100.00    0.00    0.00    0.00    0.00    0.00    0.00
03:34:30     all    0.00    0.00    0.25   99.75    0.00    0.00    0.00    0.00    0.00    0.00
03:34:31     all    0.00    0.00    0.00  100.00    0.00    0.00    0.00    0.00    0.00    0.00
03:34:32     all    0.00    0.00    0.00  100.00    0.00    0.00    0.00    0.00    0.00    0.00
03:34:33     all    0.00    0.00    0.00  100.00    0.00    0.00    0.00    0.00    0.00    0.00
03:34:34     all    0.00    0.00    0.00   98.50    0.00    0.00    0.00    0.00    0.00    1.50
03:34:35     all    0.00    0.00    0.25   99.75    0.00    0.00    0.00    0.00    0.00    0.00
03:34:36     all    0.00    0.00    0.25   97.49    0.00    0.00    0.00    0.00    0.00    2.26
03:34:37     all    0.00    0.00    0.00  100.00    0.00    0.00    0.00    0.00    0.00    0.00
03:34:38     all    0.00    0.00    0.00  100.00    0.00    0.00    0.00    0.00    0.00    0.00
03:34:39     all    0.00    0.00    0.00   78.89    0.00    0.00    0.00    0.00    0.00   21.11
03:34:40     all    0.00    0.00    0.00   75.13    0.00    0.00    0.00    0.00    0.00   24.87
03:34:41     all    0.00    0.00    0.00   75.00    0.00    0.00    0.00    0.00    0.00   25.00
03:34:42     all    0.00    0.00    0.00   74.87    0.00    0.00    0.00    0.00    0.00   25.13
03:34:43     all    0.00    0.00    0.25   74.75    0.00    0.00    0.00    0.00    0.00   25.00
03:34:44     all    0.00    0.00    0.25   74.75    0.00    0.00    0.00    0.00    0.00   25.00
03:34:45     all    0.00    0.00    0.00   75.19    0.00    0.00    0.00    0.00    0.00   24.81
03:34:46     all    0.00    0.00    0.25   80.55    0.00    0.00    0.00    0.00    0.00   19.20
03:34:47     all    0.00    0.00    0.00   75.13    0.00    0.00    0.00    0.00    0.00   24.87
03:34:48     all    0.00    0.00    0.25   74.50    0.00    0.00    0.00    0.00    0.00   25.25
03:34:49     all    0.00    0.00    0.00   74.87    0.00    0.00    0.00    0.00    0.00   25.13
03:34:50     all    0.00    0.00    0.00   74.94    0.00    0.00    0.00    0.00    0.00   25.06
03:34:51     all    0.00    0.00    0.00   80.95    0.00    0.00    0.00    0.00    0.00   19.05
03:34:52     all    0.00    0.00    0.25   74.75    0.00    0.00    0.00    0.00    0.00   25.00
03:34:53     all    0.00    0.00    0.00   74.94    0.00    0.00    0.00    0.00    0.00   25.06
03:34:54     all    0.00    0.00    0.00   74.94    0.00    0.00    0.00    0.00    0.00   25.06
03:34:55     all    0.00    0.00    0.25   74.69    0.00    0.00    0.00    0.00    0.00   25.06
03:34:56     all    0.00    0.00    0.00   81.70    0.00    0.00    0.00    0.00    0.00   18.30
03:34:57     all    0.00    0.00    0.25   92.23    0.00    0.00    0.00    0.00    0.00    7.52
03:34:58     all    0.00    0.00    0.25   99.75    0.00    0.00    0.00    0.00    0.00    0.00
03:34:59     all    0.00    0.00    0.00  100.00    0.00    0.00    0.00    0.00    0.00    0.00
03:35:00     all    0.00    0.00    0.00  100.00    0.00    0.00    0.00    0.00    0.00    0.00
03:35:01     all    0.00    0.00    0.00  100.00    0.00    0.00    0.00    0.00    0.00    0.00
03:35:02     all    0.00    0.00    0.25   98.00    0.00    0.00    0.00    0.00    0.00    1.75
03:35:03     all    0.00    0.00    0.00  100.00    0.00    0.00    0.00    0.00    0.00    0.00
03:35:04     all    0.00    0.00    0.25   99.75    0.00    0.00    0.00    0.00    0.00    0.00
03:35:05     all    0.00    0.00    0.00  100.00    0.00    0.00    0.00    0.00    0.00    0.00
03:35:06     all    0.00    0.00    0.25   99.75    0.00    0.00    0.00    0.00    0.00    0.00
03:35:07     all    0.00    0.00    0.25   97.50    0.00    0.00    0.00    0.00    0.00    2.25
03:35:08     all    0.00    0.00    0.25   98.75    0.00    0.00    0.00    0.00    0.00    1.00
03:35:09     all    0.25    0.00    0.00   99.75    0.00    0.00    0.00    0.00    0.00    0.00
03:35:10     all    0.00    0.00    0.00  100.00    0.00    0.00    0.00    0.00    0.00    0.00
03:35:11     all    0.00    0.00    0.00   99.75    0.00    0.00    0.00    0.00    0.00    0.25
03:35:12     all    0.00    0.00    0.00  100.00    0.00    0.00    0.00    0.00    0.00    0.00
03:35:13     all    0.00    0.00    0.00  100.00    0.00    0.00    0.00    0.00    0.00    0.00
03:35:14     all    0.00    0.00    0.25   77.25    0.00    0.00    0.00    0.00    0.00   22.50
03:35:15     all    0.00    0.00    0.00   86.15    0.00    0.00    0.00    0.00    0.00   13.85
03:35:16     all    0.00    0.00    0.00   74.94    0.00    0.00    0.00    0.00    0.00   25.06
03:35:17     all    0.00    0.00    0.25   74.81    0.00    0.00    0.00    0.00    0.00   24.94
03:35:18     all    0.00    0.00    0.25   74.69    0.00    0.00    0.00    0.00    0.00   25.06
03:35:19     all    0.00    0.00    0.00   74.94    0.00    0.00    0.00    0.00    0.00   25.06
03:35:20     all    0.00    0.00    0.00   86.72    0.00    0.00    0.00    0.00    0.00   13.28
03:35:21     all    0.00    0.00    0.00  100.00    0.00    0.00    0.00    0.00    0.00    0.00
03:35:22     all    0.00    0.00    0.25   99.75    0.00    0.00    0.00    0.00    0.00    0.00
03:35:23     all    0.00    0.00    0.00  100.00    0.00    0.00    0.00    0.00    0.00    0.00
03:35:24     all    0.25    0.00    0.00   99.75    0.00    0.00    0.00    0.00    0.00    0.00
03:35:25     all    0.00    0.00    0.00  100.00    0.00    0.00    0.00    0.00    0.00    0.00
03:35:26     all    0.00    0.00    0.00  100.00    0.00    0.00    0.00    0.00    0.00    0.00
03:35:27     all    0.00    0.00    0.25   99.75    0.00    0.00    0.00    0.00    0.00    0.00
03:35:28     all    0.00    0.00    0.25   99.75    0.00    0.00    0.00    0.00    0.00    0.00
03:35:29     all    0.00    0.00    0.00  100.00    0.00    0.00    0.00    0.00    0.00    0.00
03:35:30     all    0.00    0.00    0.25   99.75    0.00    0.00    0.00    0.00    0.00    0.00
03:35:31     all    0.00    0.00    0.00  100.00    0.00    0.00    0.00    0.00    0.00    0.00
03:35:32     all    0.00    0.00    0.25   99.75    0.00    0.00    0.00    0.00    0.00    0.00
03:35:33     all    0.00    0.00    0.00  100.00    0.00    0.00    0.00    0.00    0.00    0.00
03:35:34     all    0.00    0.00    0.50   99.50    0.00    0.00    0.00    0.00    0.00    0.00
03:35:35     all    0.00    0.00    0.00  100.00    0.00    0.00    0.00    0.00    0.00    0.00
03:35:36     all    0.25    0.00    0.00   99.75    0.00    0.00    0.00    0.00    0.00    0.00
03:35:37     all    0.00    0.00    0.25   99.75    0.00    0.00    0.00    0.00    0.00    0.00
03:35:38     all    0.00    0.00    0.00  100.00    0.00    0.00    0.00    0.00    0.00    0.00
03:35:39     all    0.00    0.00    0.25   99.75    0.00    0.00    0.00    0.00    0.00    0.00
03:35:40     all    0.00    0.00    0.00  100.00    0.00    0.00    0.00    0.00    0.00    0.00
03:35:41     all    0.00    0.00    0.00  100.00    0.00    0.00    0.00    0.00    0.00    0.00
03:35:42     all    0.00    0.00    0.00  100.00    0.00    0.00    0.00    0.00    0.00    0.00
03:35:43     all    0.00    0.00    0.00   98.74    0.00    0.00    0.00    0.00    0.00    1.26
03:35:44     all    0.00    0.00    0.00  100.00    0.00    0.00    0.00    0.00    0.00    0.00
03:35:45     all    0.00    0.00    0.50   99.50    0.00    0.00    0.00    0.00    0.00    0.00
03:35:46     all    0.00    0.00    0.25   99.75    0.00    0.00    0.00    0.00    0.00    0.00
03:35:47     all    0.00    0.00    0.00  100.00    0.00    0.00    0.00    0.00    0.00    0.00
03:35:48     all    0.00    0.00    0.00  100.00    0.00    0.00    0.00    0.00    0.00    0.00
03:35:49     all    0.00    0.00    0.25   99.75    0.00    0.00    0.00    0.00    0.00    0.00
03:35:50     all    0.00    0.00    0.00  100.00    0.00    0.00    0.00    0.00    0.00    0.00
03:35:51     all    0.00    0.00    0.00   98.50    0.00    0.00    0.00    0.00    0.00    1.50
03:35:52     all    0.00    0.00    0.25   99.75    0.00    0.00    0.00    0.00    0.00    0.00
03:35:53     all    0.00    0.00    0.00  100.00    0.00    0.00    0.00    0.00    0.00    0.00
03:35:54     all    0.00    0.00    0.25   99.75    0.00    0.00    0.00    0.00    0.00    0.00
03:35:55     all    0.00    0.00    0.00  100.00    0.00    0.00    0.00    0.00    0.00    0.00
03:35:56     all    0.00    0.00    0.00  100.00    0.00    0.00    0.00    0.00    0.00    0.00
03:35:57     all    0.00    0.00    0.00  100.00    0.00    0.00    0.00    0.00    0.00    0.00
03:35:58     all    0.00    0.00    0.25   99.75    0.00    0.00    0.00    0.00    0.00    0.00
03:35:59     all    0.00    0.00    0.00  100.00    0.00    0.00    0.00    0.00    0.00    0.00
03:36:00     all    0.00    0.00    0.00  100.00    0.00    0.00    0.00    0.00    0.00    0.00
03:36:01     all    0.00    0.00    0.50   99.50    0.00    0.00    0.00    0.00    0.00    0.00
03:36:02     all    0.00    0.00    0.00  100.00    0.00    0.00    0.00    0.00    0.00    0.00
03:36:03     all    0.00    0.00    0.50   99.50    0.00    0.00    0.00    0.00    0.00    0.00
03:36:04     all    0.00    0.00    0.00  100.00    0.00    0.00    0.00    0.00    0.00    0.00
03:36:05     all    0.00    0.00    0.00  100.00    0.00    0.00    0.00    0.00    0.00    0.00
03:36:06     all    0.00    0.00    0.25   99.75    0.00    0.00    0.00    0.00    0.00    0.00
03:36:07     all    0.00    0.00    0.00  100.00    0.00    0.00    0.00    0.00    0.00    0.00
03:36:08     all    0.00    0.00    0.00  100.00    0.00    0.00    0.00    0.00    0.00    0.00
03:36:09     all    0.00    0.00    0.00  100.00    0.00    0.00    0.00    0.00    0.00    0.00
03:36:10     all    0.00    0.00    0.00  100.00    0.00    0.00    0.00    0.00    0.00    0.00
03:36:11     all    0.00    0.00    0.25   99.75    0.00    0.00    0.00    0.00    0.00    0.00
03:36:12     all    0.00    0.00    0.50   99.50    0.00    0.00    0.00    0.00    0.00    0.00
03:36:13     all    0.00    0.00    0.00  100.00    0.00    0.00    0.00    0.00    0.00    0.00
03:36:14     all    0.00    0.00    0.00  100.00    0.00    0.00    0.00    0.00    0.00    0.00
03:36:15     all    0.00    0.00    0.00  100.00    0.00    0.00    0.00    0.00    0.00    0.00
03:36:16     all    0.00    0.00    0.25   99.75    0.00    0.00    0.00    0.00    0.00    0.00
03:36:17     all    0.00    0.00    0.00  100.00    0.00    0.00    0.00    0.00    0.00    0.00
03:36:18     all    0.00    0.00    0.00  100.00    0.00    0.00    0.00    0.00    0.00    0.00
03:36:19     all    0.00    0.00    0.00  100.00    0.00    0.00    0.00    0.00    0.00    0.00
03:36:20     all    0.00    0.00    0.00   96.98    0.00    0.00    0.00    0.00    0.00    3.02
03:36:21     all    0.00    0.00    0.00   98.50    0.00    0.00    0.00    0.00    0.00    1.50
03:36:22     all    0.00    0.00    0.00  100.00    0.00    0.00    0.00    0.00    0.00    0.00
03:36:23     all    0.00    0.00    0.00  100.00    0.00    0.00    0.00    0.00    0.00    0.00
03:36:24     all    0.00    0.00    0.50   99.50    0.00    0.00    0.00    0.00    0.00    0.00
03:36:25     all    0.00    0.00    0.00  100.00    0.00    0.00    0.00    0.00    0.00    0.00
03:36:26     all    0.00    0.00    0.25   99.75    0.00    0.00    0.00    0.00    0.00    0.00
03:36:27     all    0.00    0.00    0.25   99.75    0.00    0.00    0.00    0.00    0.00    0.00
03:36:28     all    0.00    0.00    0.00  100.00    0.00    0.00    0.00    0.00    0.00    0.00
03:36:29     all    0.00    0.00    0.00  100.00    0.00    0.00    0.00    0.00    0.00    0.00
03:36:30     all    0.00    0.00    0.00  100.00    0.00    0.00    0.00    0.00    0.00    0.00
03:36:31     all    0.00    0.00    0.00   98.74    0.00    0.00    0.00    0.00    0.00    1.26
03:36:32     all    0.00    0.00    0.00   99.25    0.00    0.00    0.00    0.00    0.00    0.75
03:36:33     all    0.00    0.00    0.00  100.00    0.00    0.00    0.00    0.00    0.00    0.00
03:36:34     all    0.00    0.00    0.00  100.00    0.00    0.00    0.00    0.00    0.00    0.00
03:36:35     all    0.00    0.00    0.25   99.75    0.00    0.00    0.00    0.00    0.00    0.00
03:36:36     all    0.00    0.00    0.00  100.00    0.00    0.00    0.00    0.00    0.00    0.00
03:36:37     all    0.25    0.00    0.25   99.50    0.00    0.00    0.00    0.00    0.00    0.00
03:36:38     all    0.00    0.00    0.25   99.75    0.00    0.00    0.00    0.00    0.00    0.00
03:36:39     all    0.00    0.00    0.00  100.00    0.00    0.00    0.00    0.00    0.00    0.00
03:36:40     all    0.00    0.00    0.00  100.00    0.00    0.00    0.00    0.00    0.00    0.00
03:36:41     all    0.00    0.00    0.00  100.00    0.00    0.00    0.00    0.00    0.00    0.00
03:36:42     all    0.00    0.00    0.25   99.75    0.00    0.00    0.00    0.00    0.00    0.00
03:36:43     all    0.00    0.00    0.00   99.75    0.00    0.00    0.25    0.00    0.00    0.00
03:36:44     all    0.00    0.00    0.00  100.00    0.00    0.00    0.00    0.00    0.00    0.00
03:36:45     all    0.00    0.00    0.25   99.75    0.00    0.00    0.00    0.00    0.00    0.00
03:36:46     all    0.00    0.00    0.00   98.49    0.00    0.00    0.00    0.00    0.00    1.51
03:36:47     all    0.00    0.00    0.00  100.00    0.00    0.00    0.00    0.00    0.00    0.00
03:36:48     all    0.00    0.00    0.00  100.00    0.00    0.00    0.00    0.00    0.00    0.00
03:36:49     all    0.00    0.00    0.25   99.75    0.00    0.00    0.00    0.00    0.00    0.00
03:36:50     all    0.00    0.00    0.25   99.75    0.00    0.00    0.00    0.00    0.00    0.00
03:36:51     all    0.00    0.00    0.25   99.75    0.00    0.00    0.00    0.00    0.00    0.00
03:36:52     all    0.00    0.00    0.00  100.00    0.00    0.00    0.00    0.00    0.00    0.00
03:36:53     all    0.00    0.00    0.00  100.00    0.00    0.00    0.00    0.00    0.00    0.00
03:36:54     all    0.00    0.00    0.50   99.50    0.00    0.00    0.00    0.00    0.00    0.00
03:36:55     all    0.00    0.00    0.00  100.00    0.00    0.00    0.00    0.00    0.00    0.00
03:36:56     all    0.25    0.00    0.00   96.98    0.00    0.00    0.00    0.00    0.00    2.76
03:36:57     all    0.00    0.00    0.25   99.75    0.00    0.00    0.00    0.00    0.00    0.00
03:36:58     all    0.00    0.00    0.00   99.25    0.00    0.00    0.00    0.00    0.00    0.75
03:36:59     all    0.00    0.00    0.50   99.50    0.00    0.00    0.00    0.00    0.00    0.00
03:37:00     all    0.00    0.00    0.00  100.00    0.00    0.00    0.00    0.00    0.00    0.00
03:37:01     all    0.00    0.00    0.25   99.75    0.00    0.00    0.00    0.00    0.00    0.00
03:37:02     all    0.00    0.00    0.00   94.99    0.00    0.00    0.00    0.00    0.00    5.01
03:37:03     all    0.00    0.00    0.00  100.00    0.00    0.00    0.00    0.00    0.00    0.00
03:37:04     all    0.00    0.00    0.00  100.00    0.00    0.00    0.00    0.00    0.00    0.00
03:37:05     all    0.00    0.00    0.00  100.00    0.00    0.00    0.00    0.00    0.00    0.00
03:37:06     all    0.00    0.00    0.00  100.00    0.00    0.00    0.00    0.00    0.00    0.00
03:37:07     all    0.00    0.00    0.00  100.00    0.00    0.00    0.00    0.00    0.00    0.00
03:37:08     all    0.00    0.00    0.25   99.75    0.00    0.00    0.00    0.00    0.00    0.00
03:37:09     all    0.00    0.00    0.25   67.33    0.00    0.00    0.00    0.00    0.00   32.42
03:37:10     all    0.00    0.00    0.00   50.13    0.00    0.00    0.00    0.00    0.00   49.87
03:37:11     all    0.00    0.00    0.00   50.00    0.00    0.00    0.00    0.00    0.00   50.00
03:37:12     all    0.00    0.00    0.00   53.27    0.00    0.00    0.00    0.00    0.00   46.73
03:37:13     all    0.00    0.00    0.25   50.00    0.00    0.00    0.00    0.00    0.00   49.75
03:37:14     all    0.00    0.00    0.00   51.63    0.00    0.00    0.00    0.00    0.00   48.37
03:37:15     all    0.00    0.00    0.00   50.00    0.00    0.00    0.00    0.00    0.00   50.00
03:37:16     all    0.25    0.00    0.00   49.37    0.00    0.00    0.00    0.00    0.00   50.38
03:37:17     all    0.00    0.00    0.00   50.00    0.00    0.00    0.00    0.00    0.00   50.00
03:37:18     all    0.00    0.00    0.00   49.75    0.00    0.00    0.00    0.00    0.00   50.25
03:37:19     all    0.00    0.00    0.00   50.00    0.00    0.00    0.00    0.00    0.00   50.00
03:37:20     all    0.00    0.00    0.50   49.75    0.00    0.00    0.00    0.00    0.00   49.75
03:37:21     all    0.00    0.00    0.00   49.75    0.00    0.00    0.00    0.00    0.00   50.25
03:37:22     all    0.00    0.00    0.00   54.25    0.00    0.00    0.00    0.00    0.00   45.75
03:37:23     all    0.00    0.00    0.00   49.87    0.00    0.00    0.00    0.00    0.00   50.13
03:37:24     all    0.00    0.00    0.00   49.75    0.00    0.00    0.00    0.00    0.00   50.25
03:37:25     all    0.00    0.00    0.25   49.88    0.00    0.00    0.00    0.00    0.00   49.88
03:37:26     all    0.00    0.00    0.00   49.75    0.00    0.00    0.00    0.00    0.00   50.25
03:37:27     all    0.00    0.00    0.00   50.25    0.00    0.00    0.00    0.00    0.00   49.75
03:37:28     all    0.00    0.00    0.00   49.87    0.00    0.00    0.00    0.00    0.00   50.13
03:37:29     all    0.00    0.00    0.00   50.00    0.00    0.00    0.00    0.00    0.00   50.00
03:37:30     all    0.00    0.00    0.00   47.75    0.00    0.00    0.00    0.00    0.00   52.25
03:37:31     all    0.00    0.00    0.00    4.26    0.00    0.00    0.00    0.00    0.00   95.74
03:37:32     all    0.00    0.00    0.00    0.00    0.00    0.00    0.00    0.00    0.00  100.00
03:37:33     all    0.00    0.00    0.00    0.00    0.00    0.00    0.00    0.00    0.00  100.00
03:37:34     all    0.00    0.00    0.00    0.00    0.00    0.00    0.00    0.00    0.00  100.00
03:37:35     all    0.00    0.00    0.00    0.00    0.00    0.00    0.00    0.00    0.00  100.00
03:37:36     all    0.00    0.00    0.00    0.00    0.00    0.00    0.00    0.00    0.00  100.00
03:37:37     all    0.00    0.00    0.00    0.25    0.00    0.00    0.00    0.00    0.00   99.75
03:37:38     all    0.00    0.00    0.00    0.00    0.00    0.00    0.00    0.00    0.00  100.00
03:37:39     all    0.00    0.00    0.00    0.00    0.00    0.00    0.00    0.00    0.00  100.00
03:37:40     all    0.00    0.00    0.00    0.00    0.00    0.00    0.00    0.00    0.00  100.00
