Linux 6.8.0-1061-aws (ip-10-42-1-14) 	08/16/26 	_x86_64_	(4 CPU)

03:46:14     CPU    %usr   %nice    %sys %iowait    %irq   %soft  %steal  %guest  %gnice   %idle
03:46:15     all    7.81    0.00   10.83   80.10    0.00    0.00    0.00    0.00    0.00    1.26
03:46:16     all    0.00    0.00    0.25   99.75    0.00    0.00    0.00    0.00    0.00    0.00
03:46:17     all    0.00    0.00    0.00  100.00    0.00    0.00    0.00    0.00    0.00    0.00
03:46:18     all    0.00    0.00    0.75   99.25    0.00    0.00    0.00    0.00    0.00    0.00
03:46:19     all    0.00    0.00    0.25   99.75    0.00    0.00    0.00    0.00    0.00    0.00
03:46:20     all    0.00    0.00    0.00  100.00    0.00    0.00    0.00    0.00    0.00    0.00
03:46:21     all    0.00    0.00    0.00  100.00    0.00    0.00    0.00    0.00    0.00    0.00
03:46:22     all    0.00    0.00    0.25   99.75    0.00    0.00    0.00    0.00    0.00    0.00
03:46:23     all    0.00    0.00    0.25   99.75    0.00    0.00    0.00    0.00    0.00    0.00
03:46:24     all    0.00    0.00    0.25   99.75    0.00    0.00    0.00    0.00    0.00    0.00
03:46:25     all    0.00    0.00    0.00  100.00    0.00    0.00    0.00    0.00    0.00    0.00
03:46:26     all    0.00    0.00    0.25   99.75    0.00    0.00    0.00    0.00    0.00    0.00
03:46:27     all    0.00    0.00    0.25   99.75    0.00    0.00    0.00    0.00    0.00    0.00
03:46:28     all    0.00    0.00    0.25   99.75    0.00    0.00    0.00    0.00    0.00    0.00
03:46:29     all    0.00    0.00    0.00  100.00    0.00    0.00    0.00    0.00    0.00    0.00
03:46:30     all    0.00    0.00    0.00  100.00    0.00    0.00    0.00    0.00    0.00    0.00
03:46:31     all    0.00    0.00    0.50   99.50    0.00    0.00    0.00    0.00    0.00    0.00
03:46:32     all    0.00    0.00    0.50   99.50    0.00    0.00    0.00    0.00    0.00    0.00
03:46:33     all    0.00    0.00    0.00  100.00    0.00    0.00    0.00    0.00    0.00    0.00
03:46:34     all    0.00    0.00    0.00  100.00    0.00    0.00    0.00    0.00    0.00    0.00
03:46:35     all    0.00    0.00    0.00  100.00    0.00    0.00    0.00    0.00    0.00    0.00
03:46:36     all    0.00    0.00    0.50   99.50    0.00    0.00    0.00    0.00    0.00    0.00
03:46:37     all    0.00    0.00    0.50   99.50    0.00    0.00    0.00    0.00    0.00    0.00
03:46:38     all    0.00    0.00    0.00  100.00    0.00    0.00    0.00    0.00    0.00    0.00
03:46:39     all    0.00    0.00    0.25   99.75    0.00    0.00    0.00    0.00    0.00    0.00
03:46:40     all    0.00    0.00    0.25   99.75    0.00    0.00    0.00    0.00    0.00    0.00
03:46:41     all    0.00    0.00    0.25   99.75    0.00    0.00    0.00    0.00    0.00    0.00
03:46:42     all    0.00    0.00    0.00  100.00    0.00    0.00    0.00    0.00    0.00    0.00
03:46:43     all    0.00    0.00    0.25   99.75    0.00    0.00    0.00    0.00    0.00    0.00
03:46:44     all    0.00    0.00    0.25   99.75    0.00    0.00    0.00    0.00    0.00    0.00
03:46:45     all    0.00    0.00    0.25   99.75    0.00    0.00    0.00    0.00    0.00    0.00
03:46:46     all    0.00    0.00    0.25   99.75    0.00    0.00    0.00    0.00    0.00    0.00
03:46:47     all    0.00    0.00    0.00  100.00    0.00    0.00    0.00    0.00    0.00    0.00
03:46:48     all    0.00    0.00    0.00  100.00    0.00    0.00    0.00    0.00    0.00    0.00
03:46:49     all    0.00    0.00    0.25   99.75    0.00    0.00    0.00    0.00    0.00    0.00
03:46:50     all    0.00    0.00    0.00  100.00    0.00    0.00    0.00    0.00    0.00    0.00
03:46:51     all    0.00    0.00    0.50   99.50    0.00    0.00    0.00    0.00    0.00    0.00
03:46:52     all    0.25    0.00    0.25   99.50    0.00    0.00    0.00    0.00    0.00    0.00
03:46:53     all    0.00    0.00    0.25   99.75    0.00    0.00    0.00    0.00    0.00    0.00
03:46:54     all    0.00    0.00    0.00  100.00    0.00    0.00    0.00    0.00    0.00    0.00
03:46:55     all    0.00    0.00    0.00  100.00    0.00    0.00    0.00    0.00    0.00    0.00
03:46:56     all    0.00    0.00    0.25   99.75    0.00    0.00    0.00    0.00    0.00    0.00
03:46:57     all    0.00    0.00    0.25   99.50    0.00    0.00    0.25    0.00    0.00    0.00
03:46:58     all    0.00    0.00    0.00  100.00    0.00    0.00    0.00    0.00    0.00    0.00
03:46:59     all    0.00    0.00    0.25   99.75    0.00    0.00    0.00    0.00    0.00    0.00
03:47:00     all    0.00    0.00    0.25   99.50    0.00    0.00    0.25    0.00    0.00    0.00
03:47:01     all    0.00    0.00    0.25   99.75    0.00    0.00    0.00    0.00    0.00    0.00
03:47:02     all    0.00    0.00    0.25   99.75    0.00    0.00    0.00    0.00    0.00    0.00
03:47:03     all    0.00    0.00    0.25   99.75    0.00    0.00    0.00    0.00    0.00    0.00
03:47:04     all    0.00    0.00    0.00  100.00    0.00    0.00    0.00    0.00    0.00    0.00
03:47:05     all    0.00    0.00    0.25   99.75    0.00    0.00    0.00    0.00    0.00    0.00
03:47:06     all    0.00    0.00    0.25   99.75    0.00    0.00    0.00    0.00    0.00    0.00
03:47:07     all    0.00    0.00    0.00  100.00    0.00    0.00    0.00    0.00    0.00    0.00
03:47:08     all    0.00    0.00    0.50   99.50    0.00    0.00    0.00    0.00    0.00    0.00
03:47:09     all    0.00    0.00    0.00  100.00    0.00    0.00    0.00    0.00    0.00    0.00
03:47:10     all    0.00    0.00    0.00  100.00    0.00    0.00    0.00    0.00    0.00    0.00
03:47:11     all    0.00    0.00    0.00  100.00    0.00    0.00    0.00    0.00    0.00    0.00
03:47:12     all    0.00    0.00    0.25   99.75    0.00    0.00    0.00    0.00    0.00    0.00
03:47:13     all    0.00    0.00    0.25   99.75    0.00    0.00    0.00    0.00    0.00    0.00
03:47:14     all    0.00    0.00    0.00  100.00    0.00    0.00    0.00    0.00    0.00    0.00
03:47:15     all    0.00    0.00    0.25   99.75    0.00    0.00    0.00    0.00    0.00    0.00
03:47:16     all    0.00    0.00    0.25   99.75    0.00    0.00    0.00    0.00    0.00    0.00
03:47:17     all    0.00    0.00    0.50   99.50    0.00    0.00    0.00    0.00    0.00    0.00
03:47:18     all    0.00    0.00    0.00  100.00    0.00    0.00    0.00    0.00    0.00    0.00
03:47:19     all    0.00    0.00    0.00  100.00    0.00    0.00    0.00    0.00    0.00    0.00
03:47:20     all    0.00    0.00    0.00  100.00    0.00    0.00    0.00    0.00    0.00    0.00
03:47:21     all    0.00    0.00    0.00  100.00    0.00    0.00    0.00    0.00    0.00    0.00
03:47:22     all    0.00    0.00    0.75   99.25    0.00    0.00    0.00    0.00    0.00    0.00
03:47:23     all    0.50    0.00    0.25   99.25    0.00    0.00    0.00    0.00    0.00    0.00
03:47:24     all    0.00    0.00    0.25   99.75    0.00    0.00    0.00    0.00    0.00    0.00
03:47:25     all    0.00    0.00    0.00  100.00    0.00    0.00    0.00    0.00    0.00    0.00
03:47:26     all    0.00    0.00    0.00  100.00    0.00    0.00    0.00    0.00    0.00    0.00
03:47:27     all    0.00    0.00    0.00  100.00    0.00    0.00    0.00    0.00    0.00    0.00
03:47:28     all    0.00    0.00    0.25   99.75    0.00    0.00    0.00    0.00    0.00    0.00
03:47:29     all    0.00    0.00    0.25   99.75    0.00    0.00    0.00    0.00    0.00    0.00
03:47:30     all    0.00    0.00    0.00  100.00    0.00    0.00    0.00    0.00    0.00    0.00
03:47:31     all    0.00    0.00    0.50   99.50    0.00    0.00    0.00    0.00    0.00    0.00
03:47:32     all    0.00    0.00    0.00  100.00    0.00    0.00    0.00    0.00    0.00    0.00
03:47:33     all    0.00    0.00    0.00  100.00    0.00    0.00    0.00    0.00    0.00    0.00
03:47:34     all    0.00    0.00    0.00  100.00    0.00    0.00    0.00    0.00    0.00    0.00
03:47:35     all    0.00    0.00    0.25   99.75    0.00    0.00    0.00    0.00    0.00    0.00
03:47:36     all    0.00    0.00    0.00  100.00    0.00    0.00    0.00    0.00    0.00    0.00
03:47:37     all    0.00    0.00    0.25   99.75    0.00    0.00    0.00    0.00    0.00    0.00
03:47:38     all    0.00    0.00    0.25   99.75    0.00    0.00    0.00    0.00    0.00    0.00
03:47:39     all    0.00    0.00    0.25   99.75    0.00    0.00    0.00    0.00    0.00    0.00
03:47:40     all    0.00    0.00    0.00  100.00    0.00    0.00    0.00    0.00    0.00    0.00
03:47:41     all    0.00    0.00    0.00  100.00    0.00    0.00    0.00    0.00    0.00    0.00
03:47:42     all    0.25    0.00    0.25   99.50    0.00    0.00    0.00    0.00    0.00    0.00
03:47:43     all    0.00    0.00    0.00  100.00    0.00    0.00    0.00    0.00    0.00    0.00
03:47:44     all    0.00    0.00    0.50   99.50    0.00    0.00    0.00    0.00    0.00    0.00
03:47:45     all    0.00    0.00    0.00  100.00    0.00    0.00    0.00    0.00    0.00    0.00
03:47:46     all    0.00    0.00    0.25   99.75    0.00    0.00    0.00    0.00    0.00    0.00
03:47:47     all    0.00    0.00    0.00  100.00    0.00    0.00    0.00    0.00    0.00    0.00
03:47:48     all    0.00    0.00    0.00  100.00    0.00    0.00    0.00    0.00    0.00    0.00
03:47:49     all    0.00    0.00    0.99   99.01    0.00    0.00    0.00    0.00    0.00    0.00
03:47:50     all    0.00    0.00    0.00  100.00    0.00    0.00    0.00    0.00    0.00    0.00
03:47:51     all    0.00    0.00    0.00  100.00    0.00    0.00    0.00    0.00    0.00    0.00
03:47:52     all    0.00    0.00    0.00  100.00    0.00    0.00    0.00    0.00    0.00    0.00
03:47:53     all    0.00    0.00    0.25   99.75    0.00    0.00    0.00    0.00    0.00    0.00
03:47:54     all    0.00    0.00    0.25   99.75    0.00    0.00    0.00    0.00    0.00    0.00
03:47:55     all    0.00    0.00    0.00  100.00    0.00    0.00    0.00    0.00    0.00    0.00
03:47:56     all    0.00    0.00    0.25   99.75    0.00    0.00    0.00    0.00    0.00    0.00
03:47:57     all    0.00    0.00    0.00  100.00    0.00    0.00    0.00    0.00    0.00    0.00
03:47:58     all    0.00    0.00    0.00  100.00    0.00    0.00    0.00    0.00    0.00    0.00
03:47:59     all    0.00    0.00    0.75   99.25    0.00    0.00    0.00    0.00    0.00    0.00
03:48:00     all    0.00    0.00    0.00  100.00    0.00    0.00    0.00    0.00    0.00    0.00
03:48:01     all    0.00    0.00    0.00  100.00    0.00    0.00    0.00    0.00    0.00    0.00
03:48:02     all    0.00    0.00    0.25   99.75    0.00    0.00    0.00    0.00    0.00    0.00
03:48:03     all    0.00    0.00    0.00  100.00    0.00    0.00    0.00    0.00    0.00    0.00
03:48:04     all    0.00    0.00    0.00  100.00    0.00    0.00    0.00    0.00    0.00    0.00
03:48:05     all    0.00    0.00    0.00  100.00    0.00    0.00    0.00    0.00    0.00    0.00
03:48:06     all    0.00    0.00    0.50   99.50    0.00    0.00    0.00    0.00    0.00    0.00
03:48:07     all    0.00    0.00    0.00  100.00    0.00    0.00    0.00    0.00    0.00    0.00
03:48:08     all    0.00    0.00    0.50   99.50    0.00    0.00    0.00    0.00    0.00    0.00
03:48:09     all    0.00    0.00    0.00  100.00    0.00    0.00    0.00    0.00    0.00    0.00
03:48:10     all    0.00    0.00    0.25   99.75    0.00    0.00    0.00    0.00    0.00    0.00
03:48:11     all    0.00    0.00    0.25   99.75    0.00    0.00    0.00    0.00    0.00    0.00
03:48:12     all    0.00    0.00    0.25   99.75    0.00    0.00    0.00    0.00    0.00    0.00
03:48:13     all    0.00    0.00    0.00  100.00    0.00    0.00    0.00    0.00    0.00    0.00
03:48:14     all    0.00    0.00    0.25   99.75    0.00    0.00    0.00    0.00    0.00    0.00
03:48:15     all    0.00    0.00    0.25   99.75    0.00    0.00    0.00    0.00    0.00    0.00
03:48:16     all    0.00    0.00    0.25   99.75    0.00    0.00    0.00    0.00    0.00    0.00
03:48:17     all    0.00    0.00    0.00  100.00    0.00    0.00    0.00    0.00    0.00    0.00
03:48:18     all    0.00    0.00    0.00  100.00    0.00    0.00    0.00    0.00    0.00    0.00
03:48:19     all    0.00    0.00    0.25   99.75    0.00    0.00    0.00    0.00    0.00    0.00
03:48:20     all    0.00    0.00    0.25   99.75    0.00    0.00    0.00    0.00    0.00    0.00
03:48:21     all    0.00    0.00    0.50   99.50    0.00    0.00    0.00    0.00    0.00    0.00
03:48:22     all    0.00    0.00    0.00  100.00    0.00    0.00    0.00    0.00    0.00    0.00
03:48:23     all    0.00    0.00    0.00  100.00    0.00    0.00    0.00    0.00    0.00    0.00
03:48:24     all    0.00    0.00    0.00  100.00    0.00    0.00    0.00    0.00    0.00    0.00
03:48:25     all    0.00    0.00    0.50   99.50    0.00    0.00    0.00    0.00    0.00    0.00
03:48:26     all    0.00    0.00    0.25   99.75    0.00    0.00    0.00    0.00    0.00    0.00
03:48:27     all    0.00    0.00    0.00  100.00    0.00    0.00    0.00    0.00    0.00    0.00
03:48:28     all    0.00    0.00    0.25   99.75    0.00    0.00    0.00    0.00    0.00    0.00
03:48:29     all    0.00    0.00    0.00  100.00    0.00    0.00    0.00    0.00    0.00    0.00
03:48:30     all    0.00    0.00    0.25   99.75    0.00    0.00    0.00    0.00    0.00    0.00
03:48:31     all    0.00    0.00    0.25   99.75    0.00    0.00    0.00    0.00    0.00    0.00
03:48:32     all    0.00    0.00    0.00  100.00    0.00    0.00    0.00    0.00    0.00    0.00
03:48:33     all    0.00    0.00    0.00  100.00    0.00    0.00    0.00    0.00    0.00    0.00
03:48:34     all    0.00    0.00    0.25   99.75    0.00    0.00    0.00    0.00    0.00    0.00
03:48:35     all    0.00    0.00    0.50   99.50    0.00    0.00    0.00    0.00    0.00    0.00
03:48:36     all    0.00    0.00    0.00  100.00    0.00    0.00    0.00    0.00    0.00    0.00
03:48:37     all    0.00    0.00    0.00  100.00    0.00    0.00    0.00    0.00    0.00    0.00
03:48:38     all    0.00    0.00    0.25   99.75    0.00    0.00    0.00    0.00    0.00    0.00
03:48:39     all    0.00    0.00    0.25   99.75    0.00    0.00    0.00    0.00    0.00    0.00
03:48:40     all    0.00    0.00    0.50   99.50    0.00    0.00    0.00    0.00    0.00    0.00
03:48:41     all    0.00    0.00    0.00  100.00    0.00    0.00    0.00    0.00    0.00    0.00
03:48:42     all    0.00    0.00    0.00  100.00    0.00    0.00    0.00    0.00    0.00    0.00
03:48:43     all    0.00    0.00    0.00  100.00    0.00    0.00    0.00    0.00    0.00    0.00
03:48:44     all    0.25    0.00    0.00   99.75    0.00    0.00    0.00    0.00    0.00    0.00
03:48:45     all    0.25    0.00    0.50   99.25    0.00    0.00    0.00    0.00    0.00    0.00
03:48:46     all    0.00    0.00    0.25   99.75    0.00    0.00    0.00    0.00    0.00    0.00
03:48:47     all    0.00    0.00    0.25   99.75    0.00    0.00    0.00    0.00    0.00    0.00
03:48:48     all    0.00    0.00    0.25   99.75    0.00    0.00    0.00    0.00    0.00    0.00
03:48:49     all    0.00    0.00    0.00  100.00    0.00    0.00    0.00    0.00    0.00    0.00
03:48:50     all    0.00    0.00    0.25   99.75    0.00    0.00    0.00    0.00    0.00    0.00
03:48:51     all    0.00    0.00    0.00  100.00    0.00    0.00    0.00    0.00    0.00    0.00
03:48:52     all    0.00    0.00    0.00  100.00    0.00    0.00    0.00    0.00    0.00    0.00
03:48:53     all    0.00    0.00    0.25   99.75    0.00    0.00    0.00    0.00    0.00    0.00
03:48:54     all    0.00    0.00    0.00  100.00    0.00    0.00    0.00    0.00    0.00    0.00
03:48:55     all    0.00    0.00    0.50   99.50    0.00    0.00    0.00    0.00    0.00    0.00
03:48:56     all    0.00    0.00    0.00  100.00    0.00    0.00    0.00    0.00    0.00    0.00
03:48:57     all    0.00    0.00    0.25   99.75    0.00    0.00    0.00    0.00    0.00    0.00
03:48:58     all    0.00    0.00    0.25   99.75    0.00    0.00    0.00    0.00    0.00    0.00
03:48:59     all    0.00    0.00    0.00  100.00    0.00    0.00    0.00    0.00    0.00    0.00
03:49:00     all    0.00    0.00    0.75   99.25    0.00    0.00    0.00    0.00    0.00    0.00
03:49:01     all    0.00    0.00    0.00  100.00    0.00    0.00    0.00    0.00    0.00    0.00
03:49:02     all    0.00    0.00    0.00  100.00    0.00    0.00    0.00    0.00    0.00    0.00
03:49:03     all    0.00    0.00    0.25   99.75    0.00    0.00    0.00    0.00    0.00    0.00
03:49:04     all    0.00    0.00    0.50   99.50    0.00    0.00    0.00    0.00    0.00    0.00
03:49:05     all    0.00    0.00    0.25   99.75    0.00    0.00    0.00    0.00    0.00    0.00
03:49:06     all    0.00    0.00    0.00  100.00    0.00    0.00    0.00    0.00    0.00    0.00
03:49:07     all    0.00    0.00    0.25   99.75    0.00    0.00    0.00    0.00    0.00    0.00
03:49:08     all    0.00    0.00    0.00  100.00    0.00    0.00    0.00    0.00    0.00    0.00
03:49:09     all    0.00    0.00    0.25   99.75    0.00    0.00    0.00    0.00    0.00    0.00
03:49:10     all    0.00    0.00    0.50   99.50    0.00    0.00    0.00    0.00    0.00    0.00
03:49:11     all    0.00    0.00    0.00  100.00    0.00    0.00    0.00    0.00    0.00    0.00
03:49:12     all    0.00    0.00    0.25   99.75    0.00    0.00    0.00    0.00    0.00    0.00
03:49:13     all    0.00    0.00    0.00  100.00    0.00    0.00    0.00    0.00    0.00    0.00
03:49:14     all    0.00    0.00    0.50   99.50    0.00    0.00    0.00    0.00    0.00    0.00
03:49:15     all    0.00    0.00    0.00  100.00    0.00    0.00    0.00    0.00    0.00    0.00
03:49:16     all    0.00    0.00    0.00  100.00    0.00    0.00    0.00    0.00    0.00    0.00
03:49:17     all    0.00    0.00    0.50   99.50    0.00    0.00    0.00    0.00    0.00    0.00
03:49:18     all    0.00    0.00    0.50   99.25    0.00    0.00    0.25    0.00    0.00    0.00
03:49:19     all    0.00    0.00    0.00  100.00    0.00    0.00    0.00    0.00    0.00    0.00
03:49:20     all    0.00    0.00    0.00  100.00    0.00    0.00    0.00    0.00    0.00    0.00
03:49:21     all    0.00    0.00    0.00  100.00    0.00    0.00    0.00    0.00    0.00    0.00
03:49:22     all    0.00    0.00    0.25   99.75    0.00    0.00    0.00    0.00    0.00    0.00
03:49:23     all    0.00    0.00    0.00  100.00    0.00    0.00    0.00    0.00    0.00    0.00
03:49:24     all    0.00    0.00    0.25   99.75    0.00    0.00    0.00    0.00    0.00    0.00
03:49:25     all    0.00    0.00    0.25   99.75    0.00    0.00    0.00    0.00    0.00    0.00
03:49:26     all    0.00    0.00    0.25   99.75    0.00    0.00    0.00    0.00    0.00    0.00
03:49:27     all    0.00    0.00    0.25   99.75    0.00    0.00    0.00    0.00    0.00    0.00
03:49:28     all    0.00    0.00    0.25   99.75    0.00    0.00    0.00    0.00    0.00    0.00
03:49:29     all    0.00    0.00    0.50   99.50    0.00    0.00    0.00    0.00    0.00    0.00
03:49:30     all    0.00    0.00    0.00  100.00    0.00    0.00    0.00    0.00    0.00    0.00
03:49:31     all    0.00    0.00    0.00  100.00    0.00    0.00    0.00    0.00    0.00    0.00
03:49:32     all    0.00    0.00    0.25   99.75    0.00    0.00    0.00    0.00    0.00    0.00
03:49:33     all    0.00    0.00    0.50   99.50    0.00    0.00    0.00    0.00    0.00    0.00
03:49:34     all    0.00    0.00    0.00  100.00    0.00    0.00    0.00    0.00    0.00    0.00
03:49:35     all    0.00    0.00    0.25   99.75    0.00    0.00    0.00    0.00    0.00    0.00
03:49:36     all    0.00    0.00    0.25   99.75    0.00    0.00    0.00    0.00    0.00    0.00
03:49:37     all    0.00    0.00    0.25   99.75    0.00    0.00    0.00    0.00    0.00    0.00
03:49:38     all    0.00    0.00    0.00  100.00    0.00    0.00    0.00    0.00    0.00    0.00
03:49:39     all    0.00    0.00    0.25   99.75    0.00    0.00    0.00    0.00    0.00    0.00
03:49:40     all    0.00    0.00    0.00  100.00    0.00    0.00    0.00    0.00    0.00    0.00
03:49:41     all    0.00    0.00    0.00  100.00    0.00    0.00    0.00    0.00    0.00    0.00
03:49:42     all    0.00    0.00    0.00  100.00    0.00    0.00    0.00    0.00    0.00    0.00
03:49:43     all    0.00    0.00    0.25   99.75    0.00    0.00    0.00    0.00    0.00    0.00
03:49:44     all    0.00    0.00    0.50   99.50    0.00    0.00    0.00    0.00    0.00    0.00
03:49:45     all    0.00    0.00    0.00  100.00    0.00    0.00    0.00    0.00    0.00    0.00
03:49:46     all    0.00    0.00    0.00  100.00    0.00    0.00    0.00    0.00    0.00    0.00
03:49:47     all    0.00    0.00    0.25   99.75    0.00    0.00    0.00    0.00    0.00    0.00
03:49:48     all    0.00    0.00    0.25   99.75    0.00    0.00    0.00    0.00    0.00    0.00
03:49:49     all    0.00    0.00    0.00  100.00    0.00    0.00    0.00    0.00    0.00    0.00
03:49:50     all    0.25    0.00    0.50   99.25    0.00    0.00    0.00    0.00    0.00    0.00
03:49:51     all    0.00    0.00    0.00  100.00    0.00    0.00    0.00    0.00    0.00    0.00
03:49:52     all    0.00    0.00    0.00  100.00    0.00    0.00    0.00    0.00    0.00    0.00
03:49:53     all    0.00    0.00    0.25   99.75    0.00    0.00    0.00    0.00    0.00    0.00
03:49:54     all    0.00    0.00    0.25   99.75    0.00    0.00    0.00    0.00    0.00    0.00
03:49:55     all    0.00    0.00    0.25   99.75    0.00    0.00    0.00    0.00    0.00    0.00
03:49:56     all    0.00    0.00    0.00  100.00    0.00    0.00    0.00    0.00    0.00    0.00
03:49:57     all    0.00    0.00    0.25   99.75    0.00    0.00    0.00    0.00    0.00    0.00
03:49:58     all    0.00    0.00    0.00  100.00    0.00    0.00    0.00    0.00    0.00    0.00
03:49:59     all    0.00    0.00    0.25   99.75    0.00    0.00    0.00    0.00    0.00    0.00
03:50:00     all    0.00    0.00    0.00  100.00    0.00    0.00    0.00    0.00    0.00    0.00
03:50:01     all    0.00    0.00    0.25   99.75    0.00    0.00    0.00    0.00    0.00    0.00
03:50:02     all    0.00    0.00    0.00  100.00    0.00    0.00    0.00    0.00    0.00    0.00
03:50:03     all    0.00    0.00    0.00  100.00    0.00    0.00    0.00    0.00    0.00    0.00
03:50:04     all    0.00    0.00    0.50   99.50    0.00    0.00    0.00    0.00    0.00    0.00
03:50:05     all    0.00    0.00    0.25   99.75    0.00    0.00    0.00    0.00    0.00    0.00
03:50:06     all    0.00    0.00    0.25   99.75    0.00    0.00    0.00    0.00    0.00    0.00
03:50:07     all    0.00    0.00    0.50   99.50    0.00    0.00    0.00    0.00    0.00    0.00
03:50:08     all    0.00    0.00    0.00  100.00    0.00    0.00    0.00    0.00    0.00    0.00
03:50:09     all    0.00    0.00    0.25   99.75    0.00    0.00    0.00    0.00    0.00    0.00
03:50:10     all    0.00    0.00    0.00  100.00    0.00    0.00    0.00    0.00    0.00    0.00
03:50:11     all    0.00    0.00    0.25   99.75    0.00    0.00    0.00    0.00    0.00    0.00
03:50:12     all    0.00    0.00    0.00  100.00    0.00    0.00    0.00    0.00    0.00    0.00
03:50:13     all    0.00    0.00    0.25   99.75    0.00    0.00    0.00    0.00    0.00    0.00
03:50:14     all    0.00    0.00    0.25   99.75    0.00    0.00    0.00    0.00    0.00    0.00
03:50:15     all    0.00    0.00    0.25   99.75    0.00    0.00    0.00    0.00    0.00    0.00
03:50:16     all    0.00    0.00    0.00  100.00    0.00    0.00    0.00    0.00    0.00    0.00
03:50:17     all    0.25    0.00    0.00   99.75    0.00    0.00    0.00    0.00    0.00    0.00
03:50:18     all    0.00    0.00    0.00  100.00    0.00    0.00    0.00    0.00    0.00    0.00
03:50:19     all    0.25    0.00    0.25   99.50    0.00    0.00    0.00    0.00    0.00    0.00
03:50:20     all    0.00    0.00    0.00  100.00    0.00    0.00    0.00    0.00    0.00    0.00
03:50:21     all    0.00    0.00    0.25   99.75    0.00    0.00    0.00    0.00    0.00    0.00
03:50:22     all    0.00    0.00    0.25   99.75    0.00    0.00    0.00    0.00    0.00    0.00
03:50:23     all    0.00    0.00    0.00  100.00    0.00    0.00    0.00    0.00    0.00    0.00
03:50:24     all    0.00    0.00    0.50   99.50    0.00    0.00    0.00    0.00    0.00    0.00
03:50:25     all    0.00    0.00    0.25   99.75    0.00    0.00    0.00    0.00    0.00    0.00
03:50:26     all    0.00    0.00    0.00  100.00    0.00    0.00    0.00    0.00    0.00    0.00
03:50:27     all    0.00    0.00    0.50   99.50    0.00    0.00    0.00    0.00    0.00    0.00
03:50:28     all    0.00    0.00    0.00  100.00    0.00    0.00    0.00    0.00    0.00    0.00
03:50:29     all    0.00    0.00    0.00  100.00    0.00    0.00    0.00    0.00    0.00    0.00
03:50:30     all    0.00    0.00    0.00  100.00    0.00    0.00    0.00    0.00    0.00    0.00
03:50:31     all    0.00    0.00    0.25   99.75    0.00    0.00    0.00    0.00    0.00    0.00
03:50:32     all    0.00    0.00    0.25   99.75    0.00    0.00    0.00    0.00    0.00    0.00
03:50:33     all    0.00    0.00    0.00  100.00    0.00    0.00    0.00    0.00    0.00    0.00
03:50:34     all    0.00    0.00    0.25   99.75    0.00    0.00    0.00    0.00    0.00    0.00
03:50:35     all    0.00    0.00    0.00  100.00    0.00    0.00    0.00    0.00    0.00    0.00
03:50:36     all    0.00    0.00    0.25   99.75    0.00    0.00    0.00    0.00    0.00    0.00
03:50:37     all    0.00    0.00    0.00  100.00    0.00    0.00    0.00    0.00    0.00    0.00
03:50:38     all    0.00    0.00    0.00  100.00    0.00    0.00    0.00    0.00    0.00    0.00
03:50:39     all    0.00    0.00    0.25   99.75    0.00    0.00    0.00    0.00    0.00    0.00
03:50:40     all    0.00    0.00    0.00  100.00    0.00    0.00    0.00    0.00    0.00    0.00
03:50:41     all    0.00    0.00    0.25   99.75    0.00    0.00    0.00    0.00    0.00    0.00
03:50:42     all    0.00    0.00    0.25   99.75    0.00    0.00    0.00    0.00    0.00    0.00
03:50:43     all    0.00    0.00    0.50   99.50    0.00    0.00    0.00    0.00    0.00    0.00
03:50:44     all    0.00    0.00    0.00  100.00    0.00    0.00    0.00    0.00    0.00    0.00
03:50:45     all    0.00    0.00    0.00  100.00    0.00    0.00    0.00    0.00    0.00    0.00
03:50:46     all    0.00    0.00    0.75   99.25    0.00    0.00    0.00    0.00    0.00    0.00
03:50:47     all    0.00    0.00    0.00  100.00    0.00    0.00    0.00    0.00    0.00    0.00
03:50:48     all    0.00    0.00    0.25   99.75    0.00    0.00    0.00    0.00    0.00    0.00
03:50:49     all    0.00    0.00    0.00  100.00    0.00    0.00    0.00    0.00    0.00    0.00
03:50:50     all    0.00    0.00    0.00  100.00    0.00    0.00    0.00    0.00    0.00    0.00
03:50:51     all    0.00    0.00    0.25   99.75    0.00    0.00    0.00    0.00    0.00    0.00
03:50:52     all    0.25    0.00    0.25   99.50    0.00    0.00    0.00    0.00    0.00    0.00
03:50:53     all    0.00    0.00    0.25   99.75    0.00    0.00    0.00    0.00    0.00    0.00
03:50:54     all    0.00    0.00    0.00  100.00    0.00    0.00    0.00    0.00    0.00    0.00
03:50:55     all    0.00    0.00    0.25   99.75    0.00    0.00    0.00    0.00    0.00    0.00
03:50:56     all    0.00    0.00    0.00  100.00    0.00    0.00    0.00    0.00    0.00    0.00
03:50:57     all    0.00    0.00    0.25   99.75    0.00    0.00    0.00    0.00    0.00    0.00
03:50:58     all    0.00    0.00    0.50   99.50    0.00    0.00    0.00    0.00    0.00    0.00
03:50:59     all    0.00    0.00    0.00  100.00    0.00    0.00    0.00    0.00    0.00    0.00
03:51:00     all    0.00    0.00    0.00  100.00    0.00    0.00    0.00    0.00    0.00    0.00
03:51:01     all    0.00    0.00    0.50   99.50    0.00    0.00    0.00    0.00    0.00    0.00
03:51:02     all    0.00    0.00    0.25   99.75    0.00    0.00    0.00    0.00    0.00    0.00
03:51:03     all    0.00    0.00    0.25   99.75    0.00    0.00    0.00    0.00    0.00    0.00
03:51:04     all    0.00    0.00    0.00  100.00    0.00    0.00    0.00    0.00    0.00    0.00
03:51:05     all    0.00    0.00    0.00  100.00    0.00    0.00    0.00    0.00    0.00    0.00
03:51:06     all    0.00    0.00    0.00  100.00    0.00    0.00    0.00    0.00    0.00    0.00
03:51:07     all    0.00    0.00    0.00  100.00    0.00    0.00    0.00    0.00    0.00    0.00
03:51:08     all    0.00    0.00    0.50   99.50    0.00    0.00    0.00    0.00    0.00    0.00
03:51:09     all    0.00    0.00    0.00  100.00    0.00    0.00    0.00    0.00    0.00    0.00
03:51:10     all    0.00    0.00    0.00  100.00    0.00    0.00    0.00    0.00    0.00    0.00
03:51:11     all    0.00    0.00    0.25   99.75    0.00    0.00    0.00    0.00    0.00    0.00
03:51:12     all    0.00    0.00    0.00  100.00    0.00    0.00    0.00    0.00    0.00    0.00
03:51:13     all    0.00    0.00    0.25   99.75    0.00    0.00    0.00    0.00    0.00    0.00
03:51:14     all    0.00    0.00    0.25   99.75    0.00    0.00    0.00    0.00    0.00    0.00
03:51:15     all    0.00    0.00    0.00  100.00    0.00    0.00    0.00    0.00    0.00    0.00
03:51:16     all    0.00    0.00    0.50   99.50    0.00    0.00    0.00    0.00    0.00    0.00
03:51:17     all    0.00    0.00    0.00  100.00    0.00    0.00    0.00    0.00    0.00    0.00
03:51:18     all    0.00    0.00    0.00  100.00    0.00    0.00    0.00    0.00    0.00    0.00
03:51:19     all    0.00    0.00    0.00  100.00    0.00    0.00    0.00    0.00    0.00    0.00
03:51:20     all    0.00    0.00    0.50   99.50    0.00    0.00    0.00    0.00    0.00    0.00
03:51:21     all    0.00    0.00    0.00  100.00    0.00    0.00    0.00    0.00    0.00    0.00
03:51:22     all    0.00    0.00    0.50   99.50    0.00    0.00    0.00    0.00    0.00    0.00
03:51:23     all    0.00    0.00    0.00  100.00    0.00    0.00    0.00    0.00    0.00    0.00
03:51:24     all    0.00    0.00    0.25   99.75    0.00    0.00    0.00    0.00    0.00    0.00
03:51:25     all    0.00    0.00    0.00  100.00    0.00    0.00    0.00    0.00    0.00    0.00
03:51:26     all    0.00    0.00    0.00  100.00    0.00    0.00    0.00    0.00    0.00    0.00
03:51:27     all    0.00    0.00    0.50   99.50    0.00    0.00    0.00    0.00    0.00    0.00
03:51:28     all    0.00    0.00    0.25   99.75    0.00    0.00    0.00    0.00    0.00    0.00
03:51:29     all    0.00    0.00    0.25   99.75    0.00    0.00    0.00    0.00    0.00    0.00
03:51:30     all    0.00    0.00    0.00  100.00    0.00    0.00    0.00    0.00    0.00    0.00
03:51:31     all    0.00    0.00    0.25   99.75    0.00    0.00    0.00    0.00    0.00    0.00
03:51:32     all    0.00    0.00    0.00  100.00    0.00    0.00    0.00    0.00    0.00    0.00
03:51:33     all    0.00    0.00    0.25   99.75    0.00    0.00    0.00    0.00    0.00    0.00
03:51:34     all    0.00    0.00    0.00  100.00    0.00    0.00    0.00    0.00    0.00    0.00
03:51:35     all    0.00    0.00    0.25   99.75    0.00    0.00    0.00    0.00    0.00    0.00
03:51:36     all    0.00    0.00    0.00  100.00    0.00    0.00    0.00    0.00    0.00    0.00
03:51:37     all    0.25    0.00    0.25   99.50    0.00    0.00    0.00    0.00    0.00    0.00
03:51:38     all    0.00    0.00    0.50   99.50    0.00    0.00    0.00    0.00    0.00    0.00
03:51:39     all    0.00    0.00    0.00  100.00    0.00    0.00    0.00    0.00    0.00    0.00
03:51:40     all    0.00    0.00    0.00  100.00    0.00    0.00    0.00    0.00    0.00    0.00
03:51:41     all    0.00    0.00    0.00   94.96    0.00    0.00    0.00    0.00    0.00    5.04
03:51:42     all    0.75    0.00    0.50    5.97    0.00    0.00    0.00    0.00    0.00   92.79
03:51:43     all    0.00    0.00    0.00    0.00    0.00    0.00    0.00    0.00    0.00  100.00
03:51:44     all    0.00    0.00    0.00    0.00    0.00    0.00    0.00    0.00    0.00  100.00
03:51:45     all    0.00    0.00    0.00    0.00    0.00    0.00    0.00    0.00    0.00  100.00
03:51:46     all    0.00    0.00    0.00    0.00    0.00    0.00    0.00    0.00    0.00  100.00
03:51:47     all    0.00    0.00    0.00    0.00    0.00    0.00    0.00    0.00    0.00  100.00
03:51:48     all    0.00    0.00    0.00    0.00    0.00    0.00    0.00    0.00    0.00  100.00
03:51:49     all    0.00    0.00    0.00    0.00    0.00    0.00    0.00    0.00    0.00  100.00
03:51:50     all    0.00    0.00    0.00    0.00    0.00    0.00    0.00    0.00    0.00  100.00
03:51:51     all    0.00    0.00    0.00    0.00    0.00    0.00    0.00    0.00    0.00  100.00
