Linux 6.8.0-1061-aws (ip-10-42-1-14) 	08/15/26 	_x86_64_	(4 CPU)

18:32:06     CPU    %usr   %nice    %sys %iowait    %irq   %soft  %steal  %guest  %gnice   %idle
18:32:07     all    2.01    0.00    2.76   94.22    0.00    0.00    0.00    0.00    0.00    1.01
18:32:08     all    0.00    0.00    0.00  100.00    0.00    0.00    0.00    0.00    0.00    0.00
18:32:09     all    0.00    0.00    0.00  100.00    0.00    0.00    0.00    0.00    0.00    0.00
18:32:10     all    0.00    0.00    0.00  100.00    0.00    0.00    0.00    0.00    0.00    0.00
18:32:11     all    0.00    0.00    0.25   99.75    0.00    0.00    0.00    0.00    0.00    0.00
18:32:12     all    0.00    0.00    0.00   99.75    0.00    0.00    0.00    0.00    0.00    0.25
18:32:13     all    0.00    0.00    0.25   99.75    0.00    0.00    0.00    0.00    0.00    0.00
18:32:14     all    0.00    0.00    0.00  100.00    0.00    0.00    0.00    0.00    0.00    0.00
18:32:15     all    0.00    0.00    0.00  100.00    0.00    0.00    0.00    0.00    0.00    0.00
18:32:16     all    0.00    0.00    0.50   99.50    0.00    0.00    0.00    0.00    0.00    0.00
18:32:17     all    0.00    0.00    0.00  100.00    0.00    0.00    0.00    0.00    0.00    0.00
18:32:18     all    0.00    0.00    0.00  100.00    0.00    0.00    0.00    0.00    0.00    0.00
18:32:19     all    0.00    0.00    0.25   99.75    0.00    0.00    0.00    0.00    0.00    0.00
18:32:20     all    0.00    0.00    0.00  100.00    0.00    0.00    0.00    0.00    0.00    0.00
18:32:21     all    0.00    0.00    0.25   99.75    0.00    0.00    0.00    0.00    0.00    0.00
18:32:22     all    0.00    0.00    0.25   99.75    0.00    0.00    0.00    0.00    0.00    0.00
18:32:23     all    0.00    0.00    0.25   99.75    0.00    0.00    0.00    0.00    0.00    0.00
18:32:24     all    0.00    0.00    0.00  100.00    0.00    0.00    0.00    0.00    0.00    0.00
18:32:25     all    0.00    0.00    0.00  100.00    0.00    0.00    0.00    0.00    0.00    0.00
18:32:26     all    0.00    0.00    0.50   99.50    0.00    0.00    0.00    0.00    0.00    0.00
18:32:27     all    0.00    0.00    0.00  100.00    0.00    0.00    0.00    0.00    0.00    0.00
18:32:28     all    0.00    0.00    0.25   99.75    0.00    0.00    0.00    0.00    0.00    0.00
18:32:29     all    0.00    0.00    0.25   99.75    0.00    0.00    0.00    0.00    0.00    0.00
18:32:30     all    0.00    0.00    0.00  100.00    0.00    0.00    0.00    0.00    0.00    0.00
18:32:31     all    0.00    0.00    0.00  100.00    0.00    0.00    0.00    0.00    0.00    0.00
18:32:32     all    0.00    0.00    0.25   99.75    0.00    0.00    0.00    0.00    0.00    0.00
18:32:33     all    0.25    0.00    0.25   99.50    0.00    0.00    0.00    0.00    0.00    0.00
18:32:34     all    0.00    0.00    0.00  100.00    0.00    0.00    0.00    0.00    0.00    0.00
18:32:35     all    0.00    0.00    0.25   99.75    0.00    0.00    0.00    0.00    0.00    0.00
18:32:36     all    0.00    0.00    0.25   99.75    0.00    0.00    0.00    0.00    0.00    0.00
18:32:37     all    0.00    0.00    0.00  100.00    0.00    0.00    0.00    0.00    0.00    0.00
18:32:38     all    0.00    0.00    0.25   99.75    0.00    0.00    0.00    0.00    0.00    0.00
18:32:39     all    0.00    0.00    0.00  100.00    0.00    0.00    0.00    0.00    0.00    0.00
18:32:40     all    0.00    0.00    0.25   99.75    0.00    0.00    0.00    0.00    0.00    0.00
18:32:41     all    0.00    0.00    0.25   99.75    0.00    0.00    0.00    0.00    0.00    0.00
18:32:42     all    0.00    0.00    0.00  100.00    0.00    0.00    0.00    0.00    0.00    0.00
18:32:43     all    0.00    0.00    0.50   99.25    0.00    0.00    0.00    0.00    0.00    0.25
18:32:44     all    0.00    0.00    0.00  100.00    0.00    0.00    0.00    0.00    0.00    0.00
18:32:45     all    0.00    0.00    0.50   99.50    0.00    0.00    0.00    0.00    0.00    0.00
18:32:46     all    0.00    0.00    0.00  100.00    0.00    0.00    0.00    0.00    0.00    0.00
18:32:47     all    0.00    0.00    0.25   99.75    0.00    0.00    0.00    0.00    0.00    0.00
18:32:48     all    0.00    0.00    0.00  100.00    0.00    0.00    0.00    0.00    0.00    0.00
18:32:49     all    0.00    0.00    0.25   99.75    0.00    0.00    0.00    0.00    0.00    0.00
18:32:50     all    0.00    0.00    0.00  100.00    0.00    0.00    0.00    0.00    0.00    0.00
18:32:51     all    0.00    0.00    0.00  100.00    0.00    0.00    0.00    0.00    0.00    0.00
18:32:52     all    0.00    0.00    0.25   99.75    0.00    0.00    0.00    0.00    0.00    0.00
18:32:53     all    0.00    0.00    0.25   99.75    0.00    0.00    0.00    0.00    0.00    0.00
18:32:54     all    0.00    0.00    0.00  100.00    0.00    0.00    0.00    0.00    0.00    0.00
18:32:55     all    0.00    0.00    0.25   99.75    0.00    0.00    0.00    0.00    0.00    0.00
18:32:56     all    0.00    0.00    0.00  100.00    0.00    0.00    0.00    0.00    0.00    0.00
18:32:57     all    0.00    0.00    0.50   99.50    0.00    0.00    0.00    0.00    0.00    0.00
18:32:58     all    0.25    0.00    0.00   99.75    0.00    0.00    0.00    0.00    0.00    0.00
18:32:59     all    0.00    0.00    0.50   99.50    0.00    0.00    0.00    0.00    0.00    0.00
18:33:00     all    0.00    0.00    0.00  100.00    0.00    0.00    0.00    0.00    0.00    0.00
18:33:01     all    0.00    0.00    0.00  100.00    0.00    0.00    0.00    0.00    0.00    0.00
18:33:02     all    0.00    0.00    0.00  100.00    0.00    0.00    0.00    0.00    0.00    0.00
18:33:03     all    0.00    0.00    0.50   99.50    0.00    0.00    0.00    0.00    0.00    0.00
18:33:04     all    0.00    0.00    0.00  100.00    0.00    0.00    0.00    0.00    0.00    0.00
18:33:05     all    0.00    0.00    0.00  100.00    0.00    0.00    0.00    0.00    0.00    0.00
18:33:06     all    0.00    0.00    0.00  100.00    0.00    0.00    0.00    0.00    0.00    0.00
18:33:07     all    0.00    0.00    0.50   99.50    0.00    0.00    0.00    0.00    0.00    0.00
18:33:08     all    0.00    0.00    0.00  100.00    0.00    0.00    0.00    0.00    0.00    0.00
18:33:09     all    0.25    0.00    0.25   99.50    0.00    0.00    0.00    0.00    0.00    0.00
18:33:10     all    0.00    0.00    0.00  100.00    0.00    0.00    0.00    0.00    0.00    0.00
18:33:11     all    0.00    0.00    0.25   99.75    0.00    0.00    0.00    0.00    0.00    0.00
18:33:12     all    0.00    0.00    0.00  100.00    0.00    0.00    0.00    0.00    0.00    0.00
18:33:13     all    0.00    0.00    0.25   99.75    0.00    0.00    0.00    0.00    0.00    0.00
18:33:14     all    0.00    0.00    0.25   99.75    0.00    0.00    0.00    0.00    0.00    0.00
18:33:15     all    0.00    0.00    0.25   99.75    0.00    0.00    0.00    0.00    0.00    0.00
18:33:16     all    0.00    0.00    0.00  100.00    0.00    0.00    0.00    0.00    0.00    0.00
18:33:17     all    0.00    0.00    0.50   99.50    0.00    0.00    0.00    0.00    0.00    0.00
18:33:18     all    0.00    0.00    0.25   99.75    0.00    0.00    0.00    0.00    0.00    0.00
18:33:19     all    0.00    0.00    0.00  100.00    0.00    0.00    0.00    0.00    0.00    0.00
18:33:20     all    0.00    0.00    0.00  100.00    0.00    0.00    0.00    0.00    0.00    0.00
18:33:21     all    0.00    0.00    0.00  100.00    0.00    0.00    0.00    0.00    0.00    0.00
18:33:22     all    0.00    0.00    0.00  100.00    0.00    0.00    0.00    0.00    0.00    0.00
18:33:23     all    0.25    0.00    0.50   99.25    0.00    0.00    0.00    0.00    0.00    0.00
18:33:24     all    0.00    0.00    0.25   99.75    0.00    0.00    0.00    0.00    0.00    0.00
18:33:25     all    0.00    0.00    0.00  100.00    0.00    0.00    0.00    0.00    0.00    0.00
18:33:26     all    0.00    0.00    0.25   99.75    0.00    0.00    0.00    0.00    0.00    0.00
18:33:27     all    0.00    0.00    0.00  100.00    0.00    0.00    0.00    0.00    0.00    0.00
18:33:28     all    0.00    0.00    0.50   99.50    0.00    0.00    0.00    0.00    0.00    0.00
18:33:29     all    0.00    0.00    0.25   99.75    0.00    0.00    0.00    0.00    0.00    0.00
18:33:30     all    0.00    0.00    0.25   99.75    0.00    0.00    0.00    0.00    0.00    0.00
18:33:31     all    0.00    0.00    0.00  100.00    0.00    0.00    0.00    0.00    0.00    0.00
18:33:32     all    0.00    0.00    0.00  100.00    0.00    0.00    0.00    0.00    0.00    0.00
18:33:33     all    0.00    0.00    0.00   99.50    0.00    0.00    0.00    0.00    0.00    0.50
18:33:34     all    0.00    0.00    0.00  100.00    0.00    0.00    0.00    0.00    0.00    0.00
18:33:35     all    0.00    0.00    0.25   99.75    0.00    0.00    0.00    0.00    0.00    0.00
18:33:36     all    0.00    0.00    0.25   99.75    0.00    0.00    0.00    0.00    0.00    0.00
18:33:37     all    0.00    0.00    0.00  100.00    0.00    0.00    0.00    0.00    0.00    0.00
18:33:38     all    0.00    0.00    0.25   99.25    0.00    0.00    0.00    0.00    0.00    0.50
18:33:39     all    0.00    0.00    0.25   99.75    0.00    0.00    0.00    0.00    0.00    0.00
18:33:40     all    0.00    0.00    0.00   99.75    0.00    0.00    0.25    0.00    0.00    0.00
18:33:41     all    0.00    0.00    0.25   99.75    0.00    0.00    0.00    0.00    0.00    0.00
18:33:42     all    0.00    0.00    0.25   99.75    0.00    0.00    0.00    0.00    0.00    0.00
18:33:43     all    0.00    0.00    0.25   99.75    0.00    0.00    0.00    0.00    0.00    0.00
18:33:44     all    0.00    0.00    0.25   99.75    0.00    0.00    0.00    0.00    0.00    0.00
18:33:45     all    0.00    0.00    0.25   99.75    0.00    0.00    0.00    0.00    0.00    0.00
18:33:46     all    0.00    0.00    0.00  100.00    0.00    0.00    0.00    0.00    0.00    0.00
18:33:47     all    0.00    0.00    0.25   99.75    0.00    0.00    0.00    0.00    0.00    0.00
18:33:48     all    0.00    0.00    0.25   99.75    0.00    0.00    0.00    0.00    0.00    0.00
18:33:49     all    0.00    0.00    0.25   99.75    0.00    0.00    0.00    0.00    0.00    0.00
18:33:50     all    0.00    0.00    0.25   99.75    0.00    0.00    0.00    0.00    0.00    0.00
18:33:51     all    0.00    0.00    0.00  100.00    0.00    0.00    0.00    0.00    0.00    0.00
18:33:52     all    0.00    0.00    0.50   99.50    0.00    0.00    0.00    0.00    0.00    0.00
18:33:53     all    0.00    0.00    0.00  100.00    0.00    0.00    0.00    0.00    0.00    0.00
18:33:54     all    0.00    0.00    0.00  100.00    0.00    0.00    0.00    0.00    0.00    0.00
18:33:55     all    0.00    0.00    0.50   99.50    0.00    0.00    0.00    0.00    0.00    0.00
18:33:56     all    0.00    0.00    0.25   99.75    0.00    0.00    0.00    0.00    0.00    0.00
18:33:57     all    0.00    0.00    0.00  100.00    0.00    0.00    0.00    0.00    0.00    0.00
18:33:58     all    0.00    0.00    0.25   99.75    0.00    0.00    0.00    0.00    0.00    0.00
18:33:59     all    0.00    0.00    0.00  100.00    0.00    0.00    0.00    0.00    0.00    0.00
18:34:00     all    0.00    0.00    0.50   99.50    0.00    0.00    0.00    0.00    0.00    0.00
18:34:01     all    0.00    0.00    0.00   99.50    0.00    0.00    0.00    0.00    0.00    0.50
18:34:02     all    0.00    0.00    0.00  100.00    0.00    0.00    0.00    0.00    0.00    0.00
18:34:03     all    0.00    0.00    0.00  100.00    0.00    0.00    0.00    0.00    0.00    0.00
18:34:04     all    0.00    0.00    0.25   99.75    0.00    0.00    0.00    0.00    0.00    0.00
18:34:05     all    0.00    0.00    0.00  100.00    0.00    0.00    0.00    0.00    0.00    0.00
18:34:06     all    0.00    0.00    0.25   99.75    0.00    0.00    0.00    0.00    0.00    0.00
18:34:07     all    0.00    0.00    0.25   99.75    0.00    0.00    0.00    0.00    0.00    0.00
18:34:08     all    0.00    0.00    0.00  100.00    0.00    0.00    0.00    0.00    0.00    0.00
18:34:09     all    0.25    0.00    0.50   99.25    0.00    0.00    0.00    0.00    0.00    0.00
18:34:10     all    0.00    0.00    0.00  100.00    0.00    0.00    0.00    0.00    0.00    0.00
18:34:11     all    0.00    0.00    0.00  100.00    0.00    0.00    0.00    0.00    0.00    0.00
18:34:12     all    0.00    0.00    0.25   99.75    0.00    0.00    0.00    0.00    0.00    0.00
18:34:13     all    0.00    0.00    0.25   99.75    0.00    0.00    0.00    0.00    0.00    0.00
18:34:14     all    0.00    0.00    0.25   99.75    0.00    0.00    0.00    0.00    0.00    0.00
18:34:15     all    0.00    0.00    0.00  100.00    0.00    0.00    0.00    0.00    0.00    0.00
18:34:16     all    0.00    0.00    0.25   99.75    0.00    0.00    0.00    0.00    0.00    0.00
18:34:17     all    0.00    0.00    0.00  100.00    0.00    0.00    0.00    0.00    0.00    0.00
18:34:18     all    0.00    0.00    0.00  100.00    0.00    0.00    0.00    0.00    0.00    0.00
18:34:19     all    0.00    0.00    0.00  100.00    0.00    0.00    0.00    0.00    0.00    0.00
18:34:20     all    0.00    0.00    0.25   99.75    0.00    0.00    0.00    0.00    0.00    0.00
18:34:21     all    0.25    0.00    0.25   99.50    0.00    0.00    0.00    0.00    0.00    0.00
18:34:22     all    0.00    0.00    0.00   99.50    0.00    0.00    0.00    0.00    0.00    0.50
18:34:23     all    0.00    0.00    0.50   99.50    0.00    0.00    0.00    0.00    0.00    0.00
18:34:24     all    0.00    0.00    0.00  100.00    0.00    0.00    0.00    0.00    0.00    0.00
18:34:25     all    0.00    0.00    0.00  100.00    0.00    0.00    0.00    0.00    0.00    0.00
18:34:26     all    0.00    0.00    0.25   99.50    0.00    0.00    0.00    0.00    0.00    0.25
18:34:27     all    0.00    0.00    0.00  100.00    0.00    0.00    0.00    0.00    0.00    0.00
18:34:28     all    0.00    0.00    0.25   99.75    0.00    0.00    0.00    0.00    0.00    0.00
18:34:29     all    0.00    0.00    0.25   99.75    0.00    0.00    0.00    0.00    0.00    0.00
18:34:30     all    0.00    0.00    0.25   99.75    0.00    0.00    0.00    0.00    0.00    0.00
18:34:31     all    0.00    0.00    0.00  100.00    0.00    0.00    0.00    0.00    0.00    0.00
18:34:32     all    0.00    0.00    0.50   99.50    0.00    0.00    0.00    0.00    0.00    0.00
18:34:33     all    0.00    0.00    0.25   99.75    0.00    0.00    0.00    0.00    0.00    0.00
18:34:34     all    0.00    0.00    0.00  100.00    0.00    0.00    0.00    0.00    0.00    0.00
18:34:35     all    0.00    0.00    0.25   99.75    0.00    0.00    0.00    0.00    0.00    0.00
18:34:36     all    0.00    0.00    0.00  100.00    0.00    0.00    0.00    0.00    0.00    0.00
18:34:37     all    0.00    0.00    0.25   99.75    0.00    0.00    0.00    0.00    0.00    0.00
18:34:38     all    0.00    0.00    0.00  100.00    0.00    0.00    0.00    0.00    0.00    0.00
18:34:39     all    0.00    0.00    0.00  100.00    0.00    0.00    0.00    0.00    0.00    0.00
18:34:40     all    0.00    0.00    0.00  100.00    0.00    0.00    0.00    0.00    0.00    0.00
18:34:41     all    0.00    0.00    0.25   98.75    0.00    0.00    0.00    0.00    0.00    1.00
18:34:42     all    0.00    0.00    0.50   99.50    0.00    0.00    0.00    0.00    0.00    0.00
18:34:43     all    0.00    0.00    0.00  100.00    0.00    0.00    0.00    0.00    0.00    0.00
18:34:44     all    0.00    0.00    0.25   99.00    0.00    0.00    0.00    0.00    0.00    0.75
18:34:45     all    0.00    0.00    0.00  100.00    0.00    0.00    0.00    0.00    0.00    0.00
18:34:46     all    0.00    0.00    0.75   99.25    0.00    0.00    0.00    0.00    0.00    0.00
18:34:47     all    0.00    0.00    0.00  100.00    0.00    0.00    0.00    0.00    0.00    0.00
18:34:48     all    0.00    0.00    0.25   99.75    0.00    0.00    0.00    0.00    0.00    0.00
18:34:49     all    0.00    0.00    0.00  100.00    0.00    0.00    0.00    0.00    0.00    0.00
18:34:50     all    0.00    0.00    0.25   99.75    0.00    0.00    0.00    0.00    0.00    0.00
18:34:51     all    0.00    0.00    0.75   99.25    0.00    0.00    0.00    0.00    0.00    0.00
18:34:52     all    0.00    0.00    0.00  100.00    0.00    0.00    0.00    0.00    0.00    0.00
18:34:53     all    0.00    0.00    0.00  100.00    0.00    0.00    0.00    0.00    0.00    0.00
18:34:54     all    0.25    0.00    0.50   99.00    0.00    0.00    0.00    0.00    0.00    0.25
18:34:55     all    0.00    0.00    0.00  100.00    0.00    0.00    0.00    0.00    0.00    0.00
18:34:56     all    0.00    0.00    0.00  100.00    0.00    0.00    0.00    0.00    0.00    0.00
18:34:57     all    0.00    0.00    0.25   99.75    0.00    0.00    0.00    0.00    0.00    0.00
18:34:58     all    0.00    0.00    0.25   99.75    0.00    0.00    0.00    0.00    0.00    0.00
18:34:59     all    0.00    0.00    0.00  100.00    0.00    0.00    0.00    0.00    0.00    0.00
18:35:00     all    0.00    0.00    0.25   99.75    0.00    0.00    0.00    0.00    0.00    0.00
18:35:01     all    0.00    0.00    0.00  100.00    0.00    0.00    0.00    0.00    0.00    0.00
18:35:02     all    0.25    0.00    0.25   99.50    0.00    0.00    0.00    0.00    0.00    0.00
18:35:03     all    0.00    0.00    0.25   99.75    0.00    0.00    0.00    0.00    0.00    0.00
18:35:04     all    0.00    0.00    0.25   99.75    0.00    0.00    0.00    0.00    0.00    0.00
18:35:05     all    0.00    0.00    0.25   99.75    0.00    0.00    0.00    0.00    0.00    0.00
18:35:06     all    0.00    0.00    0.00  100.00    0.00    0.00    0.00    0.00    0.00    0.00
18:35:07     all    0.00    0.00    0.25   99.75    0.00    0.00    0.00    0.00    0.00    0.00
18:35:08     all    0.00    0.00    0.00   99.50    0.00    0.00    0.00    0.00    0.00    0.50
18:35:09     all    0.00    0.00    0.25   99.75    0.00    0.00    0.00    0.00    0.00    0.00
18:35:10     all    0.00    0.00    0.25   99.75    0.00    0.00    0.00    0.00    0.00    0.00
18:35:11     all    0.00    0.00    0.25   99.00    0.00    0.00    0.00    0.00    0.00    0.75
18:35:12     all    0.00    0.00    0.25   99.75    0.00    0.00    0.00    0.00    0.00    0.00
18:35:13     all    0.00    0.00    0.00  100.00    0.00    0.00    0.00    0.00    0.00    0.00
18:35:14     all    0.00    0.00    0.50   99.25    0.00    0.00    0.00    0.00    0.00    0.25
18:35:15     all    0.00    0.00    0.00  100.00    0.00    0.00    0.00    0.00    0.00    0.00
18:35:16     all    0.00    0.00    0.00  100.00    0.00    0.00    0.00    0.00    0.00    0.00
18:35:17     all    0.00    0.00    0.00  100.00    0.00    0.00    0.00    0.00    0.00    0.00
18:35:18     all    0.00    0.00    0.25   99.75    0.00    0.00    0.00    0.00    0.00    0.00
18:35:19     all    0.00    0.00    0.50   99.50    0.00    0.00    0.00    0.00    0.00    0.00
18:35:20     all    0.00    0.00    0.25   99.75    0.00    0.00    0.00    0.00    0.00    0.00
18:35:21     all    0.00    0.00    0.00  100.00    0.00    0.00    0.00    0.00    0.00    0.00
18:35:22     all    0.00    0.00    0.25   99.75    0.00    0.00    0.00    0.00    0.00    0.00
18:35:23     all    0.00    0.00    0.00  100.00    0.00    0.00    0.00    0.00    0.00    0.00
18:35:24     all    0.00    0.00    0.00  100.00    0.00    0.00    0.00    0.00    0.00    0.00
18:35:25     all    0.00    0.00    0.00  100.00    0.00    0.00    0.00    0.00    0.00    0.00
18:35:26     all    0.00    0.00    0.50   99.50    0.00    0.00    0.00    0.00    0.00    0.00
18:35:27     all    0.00    0.00    0.00  100.00    0.00    0.00    0.00    0.00    0.00    0.00
18:35:28     all    0.00    0.00    0.00  100.00    0.00    0.00    0.00    0.00    0.00    0.00
18:35:29     all    0.00    0.00    0.25   99.75    0.00    0.00    0.00    0.00    0.00    0.00
18:35:30     all    0.00    0.00    0.00  100.00    0.00    0.00    0.00    0.00    0.00    0.00
18:35:31     all    0.00    0.00    0.00  100.00    0.00    0.00    0.00    0.00    0.00    0.00
18:35:32     all    0.00    0.00    0.25   98.74    0.00    0.00    0.00    0.00    0.00    1.01
18:35:33     all    0.00    0.00    0.25   99.75    0.00    0.00    0.00    0.00    0.00    0.00
18:35:34     all    0.00    0.00    0.25   99.75    0.00    0.00    0.00    0.00    0.00    0.00
18:35:35     all    0.25    0.00    0.25   99.50    0.00    0.00    0.00    0.00    0.00    0.00
18:35:36     all    0.00    0.00    0.00  100.00    0.00    0.00    0.00    0.00    0.00    0.00
18:35:37     all    0.00    0.00    0.00   98.99    0.00    0.00    0.00    0.00    0.00    1.01
18:35:38     all    0.00    0.00    0.25   99.75    0.00    0.00    0.00    0.00    0.00    0.00
18:35:39     all    0.00    0.00    0.00  100.00    0.00    0.00    0.00    0.00    0.00    0.00
18:35:40     all    0.00    0.00    0.00  100.00    0.00    0.00    0.00    0.00    0.00    0.00
18:35:41     all    0.00    0.00    0.00  100.00    0.00    0.00    0.00    0.00    0.00    0.00
18:35:42     all    0.00    0.00    0.25   99.75    0.00    0.00    0.00    0.00    0.00    0.00
18:35:43     all    0.00    0.00    0.25   99.75    0.00    0.00    0.00    0.00    0.00    0.00
18:35:44     all    0.00    0.00    0.25   99.50    0.00    0.00    0.00    0.00    0.00    0.25
18:35:45     all    0.00    0.00    0.25   99.75    0.00    0.00    0.00    0.00    0.00    0.00
18:35:46     all    0.00    0.00    0.00  100.00    0.00    0.00    0.00    0.00    0.00    0.00
18:35:47     all    0.00    0.00    0.00  100.00    0.00    0.00    0.00    0.00    0.00    0.00
18:35:48     all    0.00    0.00    0.00  100.00    0.00    0.00    0.00    0.00    0.00    0.00
18:35:49     all    0.00    0.00    0.00  100.00    0.00    0.00    0.00    0.00    0.00    0.00
18:35:50     all    0.00    0.00    0.25   99.75    0.00    0.00    0.00    0.00    0.00    0.00
18:35:51     all    0.00    0.00    0.25   99.75    0.00    0.00    0.00    0.00    0.00    0.00
18:35:52     all    0.00    0.00    0.00   98.99    0.00    0.00    0.00    0.00    0.00    1.01
18:35:53     all    0.00    0.00    0.25   99.75    0.00    0.00    0.00    0.00    0.00    0.00
18:35:54     all    0.00    0.00    0.00  100.00    0.00    0.00    0.00    0.00    0.00    0.00
18:35:55     all    0.00    0.00    0.00  100.00    0.00    0.00    0.00    0.00    0.00    0.00
18:35:56     all    0.00    0.00    0.00  100.00    0.00    0.00    0.00    0.00    0.00    0.00
18:35:57     all    0.00    0.00    0.25   99.75    0.00    0.00    0.00    0.00    0.00    0.00
18:35:58     all    0.00    0.00    0.00  100.00    0.00    0.00    0.00    0.00    0.00    0.00
18:35:59     all    0.00    0.00    0.00  100.00    0.00    0.00    0.00    0.00    0.00    0.00
18:36:00     all    0.00    0.00    0.25   99.75    0.00    0.00    0.00    0.00    0.00    0.00
18:36:01     all    0.00    0.00    0.50   99.50    0.00    0.00    0.00    0.00    0.00    0.00
18:36:02     all    0.00    0.00    0.00  100.00    0.00    0.00    0.00    0.00    0.00    0.00
18:36:03     all    0.00    0.00    0.00  100.00    0.00    0.00    0.00    0.00    0.00    0.00
18:36:04     all    0.00    0.00    0.00  100.00    0.00    0.00    0.00    0.00    0.00    0.00
18:36:05     all    0.00    0.00    0.00  100.00    0.00    0.00    0.00    0.00    0.00    0.00
18:36:06     all    0.00    0.00    0.50   99.50    0.00    0.00    0.00    0.00    0.00    0.00
18:36:07     all    0.00    0.00    0.00  100.00    0.00    0.00    0.00    0.00    0.00    0.00
18:36:08     all    0.00    0.00    0.00  100.00    0.00    0.00    0.00    0.00    0.00    0.00
18:36:09     all    0.00    0.00    0.50   99.50    0.00    0.00    0.00    0.00    0.00    0.00
18:36:10     all    0.00    0.00    0.00  100.00    0.00    0.00    0.00    0.00    0.00    0.00
18:36:11     all    0.00    0.00    0.25   99.75    0.00    0.00    0.00    0.00    0.00    0.00
18:36:12     all    0.00    0.00    0.25   99.75    0.00    0.00    0.00    0.00    0.00    0.00
18:36:13     all    0.00    0.00    0.50   99.50    0.00    0.00    0.00    0.00    0.00    0.00
18:36:14     all    0.00    0.00    0.00  100.00    0.00    0.00    0.00    0.00    0.00    0.00
18:36:15     all    0.00    0.00    0.00  100.00    0.00    0.00    0.00    0.00    0.00    0.00
18:36:16     all    0.00    0.00    0.00  100.00    0.00    0.00    0.00    0.00    0.00    0.00
18:36:17     all    0.00    0.00    0.25   99.75    0.00    0.00    0.00    0.00    0.00    0.00
18:36:18     all    0.00    0.00    0.00  100.00    0.00    0.00    0.00    0.00    0.00    0.00
18:36:19     all    0.00    0.00    0.50   99.50    0.00    0.00    0.00    0.00    0.00    0.00
18:36:20     all    0.00    0.00    0.00  100.00    0.00    0.00    0.00    0.00    0.00    0.00
18:36:21     all    0.00    0.00    0.00  100.00    0.00    0.00    0.00    0.00    0.00    0.00
18:36:22     all    0.00    0.00    0.25   99.75    0.00    0.00    0.00    0.00    0.00    0.00
18:36:23     all    0.00    0.00    0.25   99.75    0.00    0.00    0.00    0.00    0.00    0.00
18:36:24     all    0.00    0.00    0.00  100.00    0.00    0.00    0.00    0.00    0.00    0.00
18:36:25     all    0.00    0.00    0.00  100.00    0.00    0.00    0.00    0.00    0.00    0.00
18:36:26     all    0.00    0.00    0.25   99.75    0.00    0.00    0.00    0.00    0.00    0.00
18:36:27     all    0.00    0.00    0.25   99.75    0.00    0.00    0.00    0.00    0.00    0.00
18:36:28     all    0.00    0.00    0.00  100.00    0.00    0.00    0.00    0.00    0.00    0.00
18:36:29     all    0.00    0.00    0.25   99.75    0.00    0.00    0.00    0.00    0.00    0.00
18:36:30     all    0.00    0.00    0.25   99.75    0.00    0.00    0.00    0.00    0.00    0.00
18:36:31     all    0.00    0.00    0.25   99.75    0.00    0.00    0.00    0.00    0.00    0.00
18:36:32     all    0.00    0.00    0.00  100.00    0.00    0.00    0.00    0.00    0.00    0.00
18:36:33     all    0.00    0.00    0.25   99.50    0.00    0.00    0.25    0.00    0.00    0.00
18:36:34     all    0.00    0.00    0.25   99.75    0.00    0.00    0.00    0.00    0.00    0.00
18:36:35     all    0.00    0.00    0.25   99.25    0.00    0.00    0.00    0.00    0.00    0.50
18:36:36     all    0.00    0.00    0.25   99.75    0.00    0.00    0.00    0.00    0.00    0.00
18:36:37     all    0.25    0.00    0.00   99.25    0.00    0.00    0.00    0.00    0.00    0.50
18:36:38     all    0.00    0.00    0.00  100.00    0.00    0.00    0.00    0.00    0.00    0.00
18:36:39     all    0.00    0.00    0.25   99.75    0.00    0.00    0.00    0.00    0.00    0.00
18:36:40     all    0.25    0.00    0.00   99.75    0.00    0.00    0.00    0.00    0.00    0.00
18:36:41     all    0.25    0.00    0.25   99.50    0.00    0.00    0.00    0.00    0.00    0.00
18:36:42     all    0.00    0.00    0.25   99.75    0.00    0.00    0.00    0.00    0.00    0.00
18:36:43     all    0.00    0.00    0.25   99.75    0.00    0.00    0.00    0.00    0.00    0.00
18:36:44     all    0.00    0.00    0.00  100.00    0.00    0.00    0.00    0.00    0.00    0.00
18:36:45     all    0.00    0.00    0.50   99.50    0.00    0.00    0.00    0.00    0.00    0.00
18:36:46     all    0.00    0.00    0.00  100.00    0.00    0.00    0.00    0.00    0.00    0.00
18:36:47     all    0.00    0.00    0.00  100.00    0.00    0.00    0.00    0.00    0.00    0.00
18:36:48     all    0.00    0.00    0.00  100.00    0.00    0.00    0.00    0.00    0.00    0.00
18:36:49     all    0.00    0.00    0.25   99.75    0.00    0.00    0.00    0.00    0.00    0.00
18:36:50     all    0.00    0.00    0.00  100.00    0.00    0.00    0.00    0.00    0.00    0.00
18:36:51     all    0.00    0.00    0.25   99.75    0.00    0.00    0.00    0.00    0.00    0.00
18:36:52     all    0.00    0.00    0.25   99.75    0.00    0.00    0.00    0.00    0.00    0.00
18:36:53     all    0.00    0.00    0.25   99.75    0.00    0.00    0.00    0.00    0.00    0.00
18:36:54     all    0.00    0.00    0.00  100.00    0.00    0.00    0.00    0.00    0.00    0.00
18:36:55     all    0.00    0.00    0.00  100.00    0.00    0.00    0.00    0.00    0.00    0.00
18:36:56     all    0.00    0.00    0.25   99.75    0.00    0.00    0.00    0.00    0.00    0.00
18:36:57     all    0.00    0.00    0.25   99.75    0.00    0.00    0.00    0.00    0.00    0.00
18:36:58     all    0.00    0.00    0.00  100.00    0.00    0.00    0.00    0.00    0.00    0.00
18:36:59     all    0.00    0.00    0.25   99.75    0.00    0.00    0.00    0.00    0.00    0.00
18:37:00     all    0.00    0.00    0.25   99.75    0.00    0.00    0.00    0.00    0.00    0.00
18:37:01     all    0.00    0.00    0.00  100.00    0.00    0.00    0.00    0.00    0.00    0.00
18:37:02     all    0.00    0.00    0.00  100.00    0.00    0.00    0.00    0.00    0.00    0.00
18:37:03     all    0.00    0.00    0.25   99.75    0.00    0.00    0.00    0.00    0.00    0.00
18:37:04     all    0.00    0.00    0.25   99.75    0.00    0.00    0.00    0.00    0.00    0.00
18:37:05     all    0.00    0.00    0.00  100.00    0.00    0.00    0.00    0.00    0.00    0.00
18:37:06     all    0.00    0.00    0.00  100.00    0.00    0.00    0.00    0.00    0.00    0.00
18:37:07     all    0.00    0.00    0.00  100.00    0.00    0.00    0.00    0.00    0.00    0.00
18:37:08     all    0.00    0.00    0.25   99.75    0.00    0.00    0.00    0.00    0.00    0.00
18:37:09     all    0.00    0.00    0.25   99.75    0.00    0.00    0.00    0.00    0.00    0.00
18:37:10     all    0.00    0.00    0.25   99.75    0.00    0.00    0.00    0.00    0.00    0.00
18:37:11     all    0.00    0.00    0.00  100.00    0.00    0.00    0.00    0.00    0.00    0.00
18:37:12     all    0.00    0.00    0.00  100.00    0.00    0.00    0.00    0.00    0.00    0.00
18:37:13     all    0.00    0.00    0.25   99.75    0.00    0.00    0.00    0.00    0.00    0.00
18:37:14     all    0.00    0.00    0.00  100.00    0.00    0.00    0.00    0.00    0.00    0.00
18:37:15     all    0.00    0.00    0.00  100.00    0.00    0.00    0.00    0.00    0.00    0.00
18:37:16     all    0.00    0.00    0.00  100.00    0.00    0.00    0.00    0.00    0.00    0.00
18:37:17     all    0.00    0.00    0.00  100.00    0.00    0.00    0.00    0.00    0.00    0.00
18:37:18     all    0.00    0.00    0.25   99.75    0.00    0.00    0.00    0.00    0.00    0.00
18:37:19     all    0.00    0.00    0.25   99.75    0.00    0.00    0.00    0.00    0.00    0.00
18:37:20     all    0.00    0.00    0.00  100.00    0.00    0.00    0.00    0.00    0.00    0.00
18:37:21     all    0.00    0.00    0.25   99.75    0.00    0.00    0.00    0.00    0.00    0.00
18:37:22     all    0.25    0.00    0.00   99.75    0.00    0.00    0.00    0.00    0.00    0.00
18:37:23     all    0.00    0.00    0.25   99.75    0.00    0.00    0.00    0.00    0.00    0.00
18:37:24     all    0.00    0.00    0.00  100.00    0.00    0.00    0.00    0.00    0.00    0.00
18:37:25     all    0.00    0.00    0.00   99.24    0.00    0.00    0.00    0.00    0.00    0.76
18:37:26     all    0.00    0.00    0.00  100.00    0.00    0.00    0.00    0.00    0.00    0.00
18:37:27     all    0.00    0.00    0.25   99.75    0.00    0.00    0.00    0.00    0.00    0.00
18:37:28     all    0.00    0.00    0.50   99.00    0.00    0.00    0.00    0.00    0.00    0.50
18:37:29     all    0.00    0.00    0.00  100.00    0.00    0.00    0.00    0.00    0.00    0.00
18:37:30     all    0.00    0.00    0.00  100.00    0.00    0.00    0.00    0.00    0.00    0.00
18:37:31     all    0.00    0.00    0.00   99.50    0.00    0.00    0.00    0.00    0.00    0.50
18:37:32     all    0.00    0.00    0.00   95.47    0.00    0.00    0.00    0.00    0.00    4.53
18:37:33     all    0.00    0.00    0.00   73.93    0.00    0.00    0.00    0.00    0.00   26.07
18:37:34     all    0.00    0.00    0.00    6.78    0.00    0.00    0.00    0.00    0.00   93.22
18:37:35     all    0.00    0.00    0.00    0.00    0.00    0.00    0.00    0.00    0.00  100.00
18:37:36     all    0.00    0.00    0.00    0.00    0.00    0.00    0.00    0.00    0.00  100.00
18:37:37     all    0.00    0.00    0.00    0.00    0.00    0.00    0.00    0.00    0.00  100.00
18:37:38     all    0.00    0.00    0.00    0.00    0.00    0.00    0.00    0.00    0.00  100.00
18:37:39     all    0.00    0.00    0.00    0.00    0.00    0.00    0.00    0.00    0.00  100.00
18:37:40     all    0.00    0.00    0.00    0.25    0.00    0.00    0.00    0.00    0.00   99.75
18:37:41     all    0.00    0.00    0.00    0.00    0.00    0.00    0.00    0.00    0.00  100.00
18:37:42     all    0.00    0.00    0.00    0.00    0.00    0.00    0.00    0.00    0.00  100.00
18:37:43     all    0.00    0.00    0.00    0.00    0.00    0.00    0.00    0.00    0.00  100.00
