Linux 6.8.0-1061-aws (ip-10-42-1-92) 	08/02/26 	_x86_64_	(4 CPU)

14:24:54     CPU    %usr   %nice    %sys %iowait    %irq   %soft  %steal  %guest  %gnice   %idle
14:24:55     all   10.89    0.00    2.03    0.00    0.00    0.25    0.00    0.00    0.00   86.84
14:24:56     all    9.05    0.00    1.01    0.00    0.00    0.00    0.00    0.00    0.00   89.95
14:24:57     all    9.34    0.00    0.51    0.00    0.00    0.76    0.00    0.00    0.00   89.39
14:24:58     all    8.12    0.00    0.51    0.00    0.00    0.51    0.00    0.00    0.00   90.86
14:24:59     all    8.86    0.00    0.51    0.00    0.00    0.00    0.00    0.00    0.00   90.63
14:25:00     all    9.27    0.00    0.75    0.25    0.00    0.50    0.00    0.00    0.00   89.22
14:25:01     all    8.82    0.00    0.76    0.50    0.00    0.50    0.00    0.00    0.00   89.42
14:25:02     all    9.82    0.00    1.01    0.00    0.00    0.00    0.00    0.00    0.00   89.17
14:25:03     all    9.07    0.00    0.76    0.00    0.00    0.50    0.00    0.00    0.00   89.67
14:25:04     all    9.57    0.00    0.25    0.00    0.00    0.25    0.00    0.00    0.00   89.92
14:25:05     all    8.88    0.00    0.76    0.00    0.00    0.51    0.00    0.00    0.00   89.85
14:25:06     all    8.29    0.00    1.01    0.00    0.00    0.25    0.00    0.00    0.00   90.45
14:25:07     all    9.30    0.00    0.75    0.00    0.00    0.00    0.00    0.00    0.00   89.95
14:25:08     all    9.55    0.00    0.50    0.00    0.00    0.75    0.00    0.00    0.00   89.20
14:25:09     all    9.14    0.00    0.25    0.00    0.00    0.00    0.00    0.00    0.00   90.61
14:25:10     all    9.60    0.00    0.51    0.00    0.00    0.51    0.00    0.00    0.00   89.39
14:25:11     all    9.05    0.00    0.75    0.00    0.00    0.50    0.00    0.00    0.00   89.70
14:25:12     all    8.82    0.00    0.76    0.00    0.00    0.76    0.00    0.00    0.00   89.67
14:25:13     all    9.57    0.00    0.76    0.00    0.00    0.50    0.00    0.00    0.00   89.17
14:25:14     all    9.39    0.00    0.25    0.00    0.00    0.25    0.00    0.00    0.00   90.10
14:25:15     all    9.77    0.00    0.75    0.00    0.00    0.50    0.00    0.00    0.00   88.97
14:25:16     all    9.09    0.00    0.51    0.00    0.00    0.51    0.00    0.00    0.00   89.90
14:25:17     all    8.79    0.00    1.01    0.00    0.00    0.25    0.00    0.00    0.00   89.95
14:25:18     all    9.32    0.00    0.25    0.00    0.00    0.50    0.00    0.00    0.00   89.92
14:25:19     all    8.82    0.00    0.76    0.00    0.00    0.50    0.00    0.00    0.00   89.92
14:25:20     all    8.88    0.00    0.25    0.00    0.00    0.25    0.00    0.00    0.00   90.61
14:25:21     all    9.09    0.00    1.01    0.00    0.00    0.51    0.00    0.00    0.00   89.39
14:25:22     all    9.02    0.00    0.50    0.00    0.00    0.75    0.00    0.00    0.00   89.72
14:25:23     all    9.82    0.00    0.76    0.00    0.00    0.00    0.00    0.00    0.00   89.42
14:25:24     all    8.61    0.00    1.01    0.00    0.00    0.25    0.00    0.00    0.00   90.13
14:25:25     all    9.05    0.00    0.50    0.00    0.00    0.50    0.00    0.00    0.00   89.95
14:25:26     all    9.57    0.00    0.76    0.00    0.00    0.50    0.00    0.00    0.00   89.17
14:25:27     all    9.32    0.00    0.25    0.00    0.00    0.25    0.00    0.00    0.00   90.18
14:25:28     all    9.52    0.00    1.25    0.00    0.00    0.50    0.00    0.00    0.00   88.72
14:25:29     all    8.63    0.00    0.25    0.00    0.00    0.00    0.00    0.00    0.00   91.12
14:25:30     all    9.52    0.00    0.75    0.00    0.00    0.50    0.00    0.00    0.00   89.22
14:25:31     all    9.52    0.00    0.75    0.00    0.00    0.50    0.00    0.00    0.00   89.22
14:25:32     all    9.09    0.00    0.51    0.00    0.00    0.51    0.00    0.00    0.00   89.90
14:25:33     all    8.86    0.00    0.51    0.00    0.00    0.76    0.00    0.00    0.00   89.87
14:25:34     all    9.52    0.00    1.00    0.00    0.00    0.25    0.00    0.00    0.00   89.22
14:25:35     all    8.91    0.00    0.00    0.00    0.00    0.25    0.00    0.00    0.00   90.84
14:25:36     all    9.32    0.00    1.01    0.00    0.00    0.00    0.00    0.00    0.00   89.67
14:25:37     all    8.82    0.00    0.50    0.00    0.00    1.01    0.00    0.00    0.00   89.67
14:25:38     all    8.63    0.00    0.51    0.00    0.00    0.25    0.00    0.00    0.00   90.61
14:25:39     all    9.34    0.00    0.76    0.00    0.00    0.25    0.00    0.00    0.00   89.65
14:25:40     all    9.55    0.00    0.50    0.00    0.00    0.25    0.00    0.00    0.00   89.70
14:25:41     all    8.16    0.00    1.02    0.00    0.00    0.00    0.00    0.00    0.00   90.82
14:25:42     all    9.30    0.00    0.50    0.00    0.00    0.50    0.00    0.00    0.00   89.70
14:25:43     all    9.50    0.00    1.00    0.00    0.00    0.25    0.00    0.00    0.00   89.25
14:25:44     all    9.41    0.00    0.51    0.00    0.00    0.00    0.00    0.00    0.00   90.08
14:25:45     all    9.07    0.00    0.50    0.00    0.00    0.76    0.00    0.00    0.00   89.67
14:25:46     all    9.30    0.00    1.01    0.00    0.00    0.50    0.00    0.00    0.00   89.20
14:25:47     all    9.82    0.00    0.50    0.00    0.00    0.00    0.00    0.00    0.00   89.67
14:25:48     all    8.79    0.00    0.75    0.00    0.00    0.50    0.00    0.00    0.00   89.95
14:25:49     all    9.85    0.00    0.76    0.00    0.00    0.00    0.00    0.00    0.00   89.39
14:25:50     all    9.25    0.00    0.75    0.25    0.00    0.75    0.00    0.00    0.00   89.00
14:25:51     all    8.86    0.00    0.76    0.00    0.00    0.51    0.00    0.00    0.00   89.87
14:25:52     all    9.57    0.00    0.25    0.00    0.00    0.50    0.00    0.00    0.00   89.67
14:25:53     all    9.05    0.00    1.01    0.00    0.00    0.25    0.00    0.00    0.00   89.70
14:25:54     all    9.75    0.00    0.25    0.00    0.00    1.00    0.00    0.00    0.00   89.00
14:25:55     all    8.38    0.00    1.02    0.00    0.00    0.00    0.00    0.00    0.00   90.61
14:25:56     all    8.52    0.00    0.75    0.00    0.00    0.75    0.00    0.00    0.00   89.97
14:25:57     all    9.82    0.00    1.01    0.00    0.00    0.50    0.00    0.00    0.00   88.66
14:25:58     all    8.40    0.00    1.02    0.00    0.00    0.25    0.00    0.00    0.00   90.33
14:25:59     all    8.59    0.00    0.76    0.00    0.00    0.76    0.00    0.00    0.00   89.90
14:26:00     all    9.85    0.00    0.51    0.00    0.00    0.51    0.00    0.00    0.00   89.14
14:26:01     all    9.77    0.00    1.25    0.00    0.00    0.25    0.00    0.00    0.00   88.72
14:26:02     all    9.34    0.00    0.76    0.00    0.00    0.25    0.00    0.00    0.00   89.65
14:26:03     all    9.85    0.00    0.76    0.00    0.00    0.76    0.00    0.00    0.00   88.64
14:26:04     all    9.77    0.00    0.75    0.00    0.00    0.50    0.00    0.00    0.00   88.97
14:26:05     all    9.34    0.00    1.01    0.00    0.00    0.25    0.00    0.00    0.00   89.39
14:26:06     all    8.38    0.00    0.76    0.00    0.00    0.51    0.00    0.00    0.00   90.36
14:26:07     all    9.52    0.00    0.50    0.25    0.00    0.50    0.00    0.00    0.00   89.22
14:26:08     all    9.52    0.00    0.75    0.00    0.00    0.75    0.00    0.00    0.00   88.97
14:26:09     all    9.90    0.00    0.25    0.00    0.00    0.25    0.00    0.00    0.00   89.59
14:26:10     all    9.34    0.00    0.76    0.00    0.00    0.51    0.00    0.00    0.00   89.39
14:26:11     all    9.05    0.00    1.01    0.00    0.00    0.25    0.00    0.00    0.00   89.70
14:26:12     all    9.34    0.00    0.76    0.25    0.00    0.51    0.00    0.00    0.00   89.14
14:26:13     all    9.52    0.00    0.75    0.00    0.00    0.25    0.00    0.00    0.00   89.47
14:26:14     all    9.30    0.00    1.01    0.00    0.00    0.75    0.00    0.00    0.00   88.94
14:26:15     all    9.11    0.00    0.76    0.00    0.00    0.25    0.00    0.00    0.00   89.87
14:26:16     all    9.57    0.00    0.76    0.00    0.00    0.50    0.00    0.00    0.00   89.17
14:26:17     all    9.39    0.00    0.51    0.00    0.00    0.00    0.00    0.00    0.00   90.10
14:26:18     all    9.52    0.00    1.00    0.00    0.00    0.50    0.00    0.00    0.00   88.97
14:26:19     all    9.09    0.00    0.51    0.00    0.00    0.51    0.00    0.00    0.00   89.90
14:26:20     all    9.55    0.00    0.75    0.00    0.00    0.50    0.00    0.00    0.00   89.20
14:26:21     all    9.55    0.00    0.75    0.00    0.00    0.50    0.00    0.00    0.00   89.20
14:26:22     all    9.14    0.00    0.76    0.00    0.00    0.25    0.00    0.00    0.00   89.85
14:26:23     all    9.30    0.00    1.01    0.00    0.00    0.25    0.00    0.00    0.00   89.45
14:26:24     all    8.91    0.00    0.25    0.00    0.00    0.25    0.00    0.00    0.00   90.59
14:26:25     all    9.05    0.00    1.26    0.00    0.00    0.50    0.00    0.00    0.00   89.20
14:26:26     all    9.32    0.00    0.50    0.00    0.00    0.25    0.00    0.00    0.00   89.92
14:26:27     all    9.55    0.00    0.50    0.00    0.00    0.75    0.00    0.00    0.00   89.20
14:26:28     all    9.16    0.00    0.76    0.00    0.00    0.25    0.00    0.00    0.00   89.82
14:26:29     all    8.59    0.00    1.01    0.00    0.00    0.76    0.00    0.00    0.00   89.65
14:26:30     all    9.34    0.00    0.76    0.00    0.00    0.25    0.00    0.00    0.00   89.65
14:26:31     all    9.09    0.00    0.76    0.00    0.00    0.25    0.00    0.00    0.00   89.90
14:26:32     all    9.05    0.00    0.75    0.00    0.00    0.75    0.00    0.00    0.00   89.45
14:26:33     all    8.86    0.00    0.76    0.00    0.00    0.25    0.00    0.00    0.00   90.13
14:26:34     all    9.09    0.00    0.51    0.00    0.00    0.51    0.00    0.00    0.00   89.90
14:26:35     all   10.28    0.00    1.00    0.00    0.00    0.50    0.00    0.00    0.00   88.22
14:26:36     all    9.80    0.00    0.75    0.00    0.00    0.25    0.00    0.00    0.00   89.20
14:26:37     all    9.09    0.00    1.01    0.00    0.00    0.51    0.00    0.00    0.00   89.39
14:26:38     all    9.55    0.00    0.50    0.00    0.00    0.75    0.00    0.00    0.00   89.20
14:26:39     all    9.11    0.00    0.76    0.00    0.00    0.25    0.00    0.00    0.00   89.87
14:26:40     all   10.28    0.00    0.50    0.00    0.00    0.50    0.00    0.00    0.00   88.72
14:26:41     all    9.60    0.00    0.76    0.00    0.00    0.51    0.00    0.00    0.00   89.14
14:26:42     all    9.32    0.00    1.01    0.00    0.00    0.50    0.00    0.00    0.00   89.17
14:26:43     all   10.05    0.00    0.75    0.25    0.00    0.50    0.00    0.00    0.00   88.44
14:26:44     all    9.55    0.00    1.01    0.00    0.00    0.50    0.00    0.00    0.00   88.94
14:26:45     all    9.64    0.00    0.76    0.00    0.00    0.51    0.00    0.00    0.00   89.09
14:26:46     all    9.73    0.00    1.00    0.00    0.00    0.50    0.00    0.00    0.00   88.78
14:26:47     all   10.08    0.00    0.76    0.00    0.00    0.50    0.00    0.00    0.00   88.66
14:26:48     all    9.80    0.00    0.75    0.00    0.00    0.50    0.00    0.00    0.00   88.94
14:26:49     all    9.62    0.00    0.76    0.00    0.00    0.51    0.00    0.00    0.00   89.11
14:26:50     all    9.09    0.00    0.76    0.00    0.00    0.25    0.00    0.00    0.00   89.90
14:26:51     all    8.77    0.00    1.25    0.00    0.00    1.00    0.00    0.00    0.00   88.97
14:26:52     all    9.67    0.00    0.51    0.00    0.00    0.00    0.00    0.00    0.00   89.82
14:26:53     all    9.09    0.00    0.76    0.00    0.00    0.25    0.00    0.00    0.00   89.90
14:26:54     all   10.10    0.00    0.76    0.00    0.00    0.51    0.00    0.00    0.00   88.64
14:26:55     all    9.25    0.00    0.75    0.00    0.00    0.75    0.00    0.00    0.00   89.25
14:26:56     all    9.37    0.00    0.51    0.00    0.00    0.51    0.00    0.00    0.00   89.62
14:26:57     all    9.57    0.00    1.51    0.00    0.00    0.00    0.00    0.00    0.00   88.92
14:26:58     all   10.28    0.00    0.75    0.00    0.00    0.50    0.00    0.00    0.00   88.47
14:26:59     all    9.52    0.00    1.00    0.00    0.00    0.50    0.00    0.00    0.00   88.97
14:27:00     all    9.80    0.00    0.25    0.00    0.00    0.75    0.00    0.00    0.00   89.20
14:27:01     all    8.86    0.00    0.76    0.00    0.00    0.25    0.00    0.00    0.00   90.13
14:27:02     all    9.23    0.00    1.00    0.00    0.00    0.75    0.00    0.00    0.00   89.03
14:27:03     all    9.69    0.00    0.51    0.00    0.00    0.00    0.00    0.00    0.00   89.80
14:27:04     all    9.55    0.00    0.50    0.00    0.00    0.50    0.00    0.00    0.00   89.45
14:27:05     all    9.07    0.00    0.76    0.00    0.00    0.50    0.00    0.00    0.00   89.67
14:27:06     all    9.77    0.00    0.75    0.00    0.00    0.25    0.00    0.00    0.00   89.22
14:27:07     all    9.11    0.00    0.51    0.00    0.00    0.76    0.00    0.00    0.00   89.62
14:27:08     all    8.12    0.00    1.02    0.00    0.00    0.00    0.00    0.00    0.00   90.86
14:27:09     all   10.00    0.00    0.75    0.25    0.00    0.75    0.00    0.00    0.00   88.25
14:27:10     all    8.91    0.00    0.00    0.00    0.00    0.25    0.00    0.00    0.00   90.84
14:27:11     all    9.32    0.00    1.01    0.00    0.00    0.25    0.00    0.00    0.00   89.42
14:27:12     all    9.09    0.00    0.25    0.00    0.00    0.76    0.00    0.00    0.00   89.90
14:27:13     all    9.52    0.00    0.75    0.00    0.00    0.25    0.00    0.00    0.00   89.47
14:27:14     all    9.11    0.00    1.01    0.00    0.00    0.51    0.00    0.00    0.00   89.37
14:27:15     all    8.65    0.00    0.25    0.00    0.00    0.51    0.00    0.00    0.00   90.59
14:27:16     all    9.57    0.00    1.01    0.00    0.00    0.00    0.00    0.00    0.00   89.42
14:27:17     all    9.07    0.00    0.50    0.00    0.00    0.50    0.00    0.00    0.00   89.92
14:27:18     all    9.07    0.00    0.76    0.00    0.00    0.50    0.00    0.00    0.00   89.67
14:27:19     all    9.07    0.00    0.76    0.00    0.00    0.50    0.00    0.00    0.00   89.67
14:27:20     all    9.80    0.00    1.01    0.00    0.00    0.25    0.00    0.00    0.00   88.94
14:27:21     all    8.67    0.00    0.77    0.00    0.00    0.00    0.00    0.00    0.00   90.56
14:27:22     all    9.77    0.00    0.50    0.00    0.00    0.75    0.00    0.00    0.00   88.97
14:27:23     all   10.05    0.00    0.75    0.00    0.00    0.50    0.00    0.00    0.00   88.69
14:27:24     all    9.64    0.00    0.51    0.00    0.00    0.00    0.00    0.00    0.00   89.85
14:27:25     all    9.57    0.00    0.50    0.00    0.00    0.25    0.00    0.00    0.00   89.67
14:27:26     all    9.80    0.00    0.75    0.00    0.00    0.75    0.00    0.00    0.00   88.69
14:27:27     all    9.77    0.00    0.50    0.00    0.00    0.50    0.00    0.00    0.00   89.22
14:27:28     all    9.32    0.00    1.26    0.00    0.00    0.50    0.00    0.00    0.00   88.92
14:27:29     all    9.55    0.00    0.75    0.00    0.00    0.50    0.00    0.00    0.00   89.20
14:27:30     all    9.60    0.00    0.76    0.00    0.00    0.76    0.00    0.00    0.00   88.89
14:27:31     all    9.62    0.00    0.51    0.00    0.00    0.00    0.00    0.00    0.00   89.87
14:27:32     all    9.30    0.00    0.75    0.00    0.00    0.75    0.00    0.00    0.00   89.20
14:27:33     all    9.34    0.00    0.76    0.00    0.00    0.25    0.00    0.00    0.00   89.65
14:27:34     all    9.55    0.00    0.75    0.00    0.00    0.25    0.00    0.00    0.00   89.45
14:27:35     all    9.64    0.00    0.76    0.00    0.00    0.51    0.00    0.00    0.00   89.09
14:27:36     all    8.63    0.00    0.51    0.00    0.00    0.76    0.00    0.00    0.00   90.10
14:27:37     all    9.75    0.00    1.00    0.00    0.00    0.50    0.00    0.00    0.00   88.75
14:27:38     all    9.85    0.00    0.51    0.00    0.00    0.25    0.00    0.00    0.00   89.39
14:27:39     all    9.11    0.00    0.76    0.00    0.00    0.25    0.00    0.00    0.00   89.87
14:27:40     all    9.30    0.00    1.01    0.00    0.00    0.75    0.00    0.00    0.00   88.94
14:27:41     all    9.34    0.00    0.51    0.00    0.00    0.51    0.00    0.00    0.00   89.65
14:27:42     all    9.57    0.00    1.01    0.00    0.00    0.00    0.00    0.00    0.00   89.42
14:27:43     all    9.05    0.00    1.01    0.00    0.00    0.50    0.00    0.00    0.00   89.45
14:27:44     all    9.55    0.00    0.50    0.00    0.00    0.75    0.00    0.00    0.00   89.20
14:27:45     all    9.37    0.00    0.51    0.00    0.00    0.25    0.00    0.00    0.00   89.87
14:27:46     all    8.14    0.00    1.02    0.25    0.00    0.25    0.00    0.00    0.00   90.33
14:27:47     all    9.60    0.00    0.51    0.00    0.00    0.76    0.00    0.00    0.00   89.14
14:27:48     all    9.34    0.00    0.76    0.00    0.00    0.00    0.00    0.00    0.00   89.90
14:27:49     all    8.77    0.00    1.00    0.00    0.00    0.75    0.00    0.00    0.00   89.47
14:27:50     all   10.13    0.00    0.51    0.00    0.00    0.25    0.00    0.00    0.00   89.11
14:27:51     all    8.88    0.00    0.76    0.00    0.00    0.25    0.00    0.00    0.00   90.10
14:27:52     all    9.05    0.00    1.01    0.00    0.00    0.75    0.00    0.00    0.00   89.20
14:27:53     all    9.07    0.00    0.76    0.00    0.00    0.25    0.00    0.00    0.00   89.92
14:27:54     all    9.62    0.00    0.51    0.00    0.00    0.25    0.00    0.00    0.00   89.62
14:27:55     all    9.75    0.00    0.75    0.00    0.00    0.75    0.00    0.00    0.00   88.75
14:27:56     all    8.91    0.00    0.51    0.00    0.00    0.00    0.00    0.00    0.00   90.59
14:27:57     all    9.52    0.00    1.25    0.00    0.00    0.50    0.00    0.00    0.00   88.72
14:27:58     all    9.32    0.00    0.50    0.00    0.00    0.50    0.00    0.00    0.00   89.67
14:27:59     all    9.41    0.00    0.25    0.00    0.00    0.25    0.00    0.00    0.00   90.08
14:28:00     all    9.57    0.00    1.01    0.00    0.00    0.50    0.00    0.00    0.00   88.92
14:28:01     all    9.62    0.00    0.00    0.00    0.00    0.51    0.00    0.00    0.00   89.87
14:28:02     all   10.08    0.00    1.01    0.00    0.00    0.50    0.00    0.00    0.00   88.41
14:28:03     all    9.60    0.00    0.51    0.00    0.00    0.76    0.00    0.00    0.00   89.14
14:28:04     all    9.32    0.00    0.76    0.00    0.00    0.25    0.00    0.00    0.00   89.67
14:28:05     all    9.82    0.00    0.50    0.00    0.00    0.50    0.00    0.00    0.00   89.17
14:28:06     all    9.60    0.00    1.01    0.00    0.00    0.00    0.00    0.00    0.00   89.39
14:28:07     all    9.09    0.00    0.76    0.00    0.00    0.76    0.00    0.00    0.00   89.39
14:28:08     all    9.80    0.00    1.01    0.00    0.00    0.25    0.00    0.00    0.00   88.94
14:28:09     all    9.34    0.00    1.01    0.00    0.00    0.51    0.00    0.00    0.00   89.14
14:28:10     all   10.25    0.00    1.00    0.00    0.00    0.25    0.00    0.00    0.00   88.50
14:28:11     all    9.11    0.00    0.51    0.00    0.00    0.76    0.00    0.00    0.00   89.62
14:28:12     all    9.85    0.00    0.51    0.00    0.00    0.25    0.00    0.00    0.00   89.39
14:28:13     all    9.32    0.00    1.01    0.00    0.00    0.50    0.00    0.00    0.00   89.17
14:28:14     all    9.57    0.00    0.50    0.25    0.00    0.50    0.00    0.00    0.00   89.17
14:28:15     all    9.57    0.00    1.01    0.00    0.00    0.50    0.00    0.00    0.00   88.92
14:28:16     all    9.41    0.00    0.51    0.00    0.00    0.25    0.00    0.00    0.00   89.82
14:28:17     all    9.57    0.00    1.01    0.00    0.00    0.50    0.00    0.00    0.00   88.92
14:28:18     all   10.28    0.00    0.75    0.00    0.00    0.25    0.00    0.00    0.00   88.72
14:28:19     all    9.80    0.00    0.50    0.00    0.00    0.75    0.00    0.00    0.00   88.94
14:28:20     all    9.60    0.00    1.01    0.00    0.00    0.25    0.00    0.00    0.00   89.14
14:28:21     all    9.82    0.00    0.50    0.00    0.00    0.76    0.00    0.00    0.00   88.92
14:28:22     all    9.41    0.00    0.51    0.00    0.00    0.25    0.00    0.00    0.00   89.82
14:28:23     all    9.95    0.00    0.75    0.00    0.00    1.00    0.00    0.00    0.00   88.31
14:28:24     all    9.87    0.00    0.76    0.00    0.00    0.00    0.00    0.00    0.00   89.37
14:28:25     all    9.82    0.00    0.50    0.00    0.00    0.50    0.00    0.00    0.00   89.17
14:28:26     all    9.55    0.00    1.01    0.00    0.00    0.50    0.00    0.00    0.00   88.94
14:28:27     all   10.00    0.00    1.00    0.00    0.00    0.25    0.00    0.00    0.00   88.75
14:28:28     all    9.57    0.00    0.76    0.00    0.00    0.76    0.00    0.00    0.00   88.92
14:28:29     all    9.95    0.00    0.00    0.00    0.00    0.26    0.00    0.00    0.00   89.80
14:28:30     all    9.77    0.00    1.00    0.00    0.00    0.25    0.00    0.00    0.00   88.97
14:28:31     all    9.57    0.00    0.76    0.00    0.00    0.50    0.00    0.00    0.00   89.17
14:28:32     all   10.30    0.00    0.75    0.00    0.00    0.25    0.00    0.00    0.00   88.69
14:28:33     all   10.08    0.00    1.01    0.00    0.00    0.25    0.00    0.00    0.00   88.66
14:28:34     all    9.87    0.00    0.25    0.00    0.00    0.25    0.00    0.00    0.00   89.62
14:28:35     all    9.52    0.00    1.00    0.00    0.00    0.75    0.00    0.00    0.00   88.72
14:28:36     all    9.90    0.00    0.76    0.00    0.00    0.00    0.00    0.00    0.00   89.34
14:28:37     all    9.82    0.00    0.25    0.00    0.00    0.76    0.00    0.00    0.00   89.17
14:28:38     all   10.00    0.00    1.00    0.00    0.00    0.50    0.00    0.00    0.00   88.50
14:28:39     all    9.67    0.00    0.25    0.00    0.00    0.25    0.00    0.00    0.00   89.82
14:28:40     all    9.55    0.00    1.01    0.00    0.00    0.25    0.00    0.00    0.00   89.20
14:28:41     all    9.60    0.00    0.76    0.00    0.00    0.51    0.00    0.00    0.00   89.14
14:28:42     all    9.60    0.00    0.51    0.00    0.00    0.76    0.00    0.00    0.00   89.14
14:28:43     all   10.08    0.00    0.50    0.00    0.00    0.25    0.00    0.00    0.00   89.17
14:28:44     all    9.82    0.00    0.50    0.00    0.00    0.50    0.00    0.00    0.00   89.17
14:28:45     all    9.52    0.00    1.25    0.00    0.00    0.25    0.00    0.00    0.00   88.97
14:28:46     all   10.30    0.00    0.50    0.00    0.00    0.50    0.00    0.00    0.00   88.69
14:28:47     all    9.37    0.00    0.51    0.00    0.00    0.51    0.00    0.00    0.00   89.62
14:28:48     all   10.13    0.00    0.51    0.00    0.00    0.25    0.00    0.00    0.00   89.11
14:28:49     all    9.27    0.00    1.00    0.00    0.00    0.75    0.00    0.00    0.00   88.97
14:28:50     all   10.10    0.00    0.76    0.00    0.00    0.25    0.00    0.00    0.00   88.89
14:28:51     all    9.14    0.00    0.76    0.00    0.00    0.25    0.00    0.00    0.00   89.85
14:28:52     all   10.03    0.00    0.75    0.00    0.00    0.75    0.00    0.00    0.00   88.47
14:28:53     all    9.82    0.00    0.76    0.00    0.00    0.50    0.00    0.00    0.00   88.92
14:28:54     all    9.34    0.00    0.76    0.00    0.00    0.51    0.00    0.00    0.00   89.39
14:28:55     all    9.55    0.00    0.75    0.00    0.00    0.50    0.00    0.00    0.00   89.20
14:28:56     all    9.64    0.00    0.76    0.00    0.00    0.00    0.00    0.00    0.00   89.59
14:28:57     all    9.52    0.00    0.75    0.00    0.00    1.00    0.00    0.00    0.00   88.72
14:28:58     all    9.85    0.00    0.51    0.00    0.00    0.25    0.00    0.00    0.00   89.39
14:28:59     all    9.60    0.00    0.76    0.00    0.00    0.25    0.00    0.00    0.00   89.39
14:29:00     all    9.87    0.00    0.00    0.00    0.00    1.01    0.00    0.00    0.00   89.11
14:29:01     all    9.32    0.00    1.26    0.00    0.00    0.25    0.00    0.00    0.00   89.17
14:29:02     all    9.85    0.00    0.76    0.00    0.00    0.76    0.00    0.00    0.00   88.64
14:29:03     all    8.88    0.00    1.02    0.00    0.00    0.00    0.00    0.00    0.00   90.10
14:29:04     all    9.80    0.00    0.50    0.00    0.00    1.01    0.00    0.00    0.00   88.69
14:29:05     all    9.62    0.00    0.76    0.00    0.00    0.25    0.00    0.00    0.00   89.37
14:29:06     all    9.60    0.00    0.76    0.00    0.00    0.76    0.00    0.00    0.00   88.89
14:29:07     all    9.34    0.00    0.76    0.00    0.00    0.51    0.00    0.00    0.00   89.39
14:29:08     all    9.82    0.00    0.76    0.00    0.00    0.00    0.00    0.00    0.00   89.42
14:29:09     all    9.60    0.00    0.76    0.00    0.00    0.51    0.00    0.00    0.00   89.14
14:29:10     all    9.80    0.00    0.75    0.25    0.00    0.25    0.00    0.00    0.00   88.94
14:29:11     all    9.32    0.00    1.01    0.00    0.00    0.50    0.00    0.00    0.00   89.17
14:29:12     all    9.37    0.00    0.51    0.00    0.00    0.51    0.00    0.00    0.00   89.62
14:29:13     all    9.14    0.00    0.76    0.00    0.00    0.25    0.00    0.00    0.00   89.85
14:29:14     all    9.73    0.00    1.00    0.00    0.00    1.00    0.00    0.00    0.00   88.28
14:29:15     all   10.13    0.00    0.25    0.00    0.00    0.51    0.00    0.00    0.00   89.11
14:29:16     all    9.34    0.00    1.01    0.00    0.00    0.25    0.00    0.00    0.00   89.39
14:29:17     all   10.50    0.00    0.00    0.00    0.00    0.75    0.00    0.00    0.00   88.75
14:29:18     all    8.38    0.00    1.02    0.00    0.00    0.51    0.00    0.00    0.00   90.10
14:29:19     all    9.62    0.00    1.01    0.00    0.00    0.25    0.00    0.00    0.00   89.11
14:29:20     all    9.77    0.00    0.50    0.00    0.00    0.75    0.00    0.00    0.00   88.97
14:29:21     all    9.16    0.00    0.51    0.00    0.00    0.25    0.00    0.00    0.00   90.08
14:29:22     all   10.05    0.00    1.01    0.00    0.00    0.25    0.00    0.00    0.00   88.69
14:29:23     all    8.82    0.00    1.01    0.00    0.00    0.50    0.00    0.00    0.00   89.67
14:29:24     all    9.69    0.00    0.00    0.00    0.00    0.51    0.00    0.00    0.00   89.80
14:29:25     all    9.27    0.00    1.25    0.00    0.00    0.50    0.00    0.00    0.00   88.97
14:29:26     all    9.55    0.00    1.01    0.00    0.00    0.50    0.00    0.00    0.00   88.94
14:29:27     all    9.82    0.00    0.76    0.00    0.00    0.25    0.00    0.00    0.00   89.17
14:29:28     all    8.84    0.00    0.76    0.00    0.00    0.76    0.00    0.00    0.00   89.65
14:29:29     all   10.05    0.00    0.75    0.00    0.00    0.50    0.00    0.00    0.00   88.69
14:29:30     all    9.30    0.00    0.75    0.00    0.00    0.75    0.00    0.00    0.00   89.20
14:29:31     all    9.37    0.00    0.76    0.00    0.00    0.25    0.00    0.00    0.00   89.62
14:29:32     all    9.11    0.00    0.76    0.00    0.00    0.51    0.00    0.00    0.00   89.62
14:29:33     all    9.09    0.00    0.51    0.00    0.00    0.51    0.00    0.00    0.00   89.90
14:29:34     all    9.85    0.00    0.76    0.25    0.00    0.00    0.00    0.00    0.00   89.14
14:29:35     all    9.73    0.00    0.75    0.00    0.00    1.00    0.00    0.00    0.00   88.53
14:29:36     all    9.85    0.00    0.76    0.00    0.00    0.00    0.00    0.00    0.00   89.39
14:29:37     all    9.77    0.00    1.00    0.00    0.00    0.50    0.00    0.00    0.00   88.72
14:29:38     all    9.57    0.00    0.76    0.00    0.00    0.50    0.00    0.00    0.00   89.17
14:29:39     all    9.87    0.00    0.51    0.00    0.00    0.25    0.00    0.00    0.00   89.37
14:29:40     all    9.14    0.00    0.51    0.00    0.00    0.25    0.00    0.00    0.00   90.10
14:29:41     all    9.82    0.00    1.26    0.00    0.00    0.50    0.00    0.00    0.00   88.41
14:29:42     all    9.07    0.00    0.76    0.00    0.00    0.50    0.00    0.00    0.00   89.67
14:29:43     all    9.16    0.00    0.76    0.00    0.00    0.25    0.00    0.00    0.00   89.82
14:29:44     all    9.30    0.00    0.75    0.00    0.00    0.75    0.00    0.00    0.00   89.20
14:29:45     all    9.34    0.00    1.01    0.00    0.00    0.51    0.00    0.00    0.00   89.14
14:29:46     all    9.55    0.00    0.75    0.00    0.00    0.50    0.00    0.00    0.00   89.20
14:29:47     all    9.14    0.00    0.76    0.00    0.00    0.25    0.00    0.00    0.00   89.85
14:29:48     all   10.03    0.00    0.50    0.00    0.00    0.75    0.00    0.00    0.00   88.72
14:29:49     all    9.62    0.00    1.01    0.00    0.00    0.51    0.00    0.00    0.00   88.86
14:29:50     all   10.05    0.00    1.01    0.00    0.00    0.50    0.00    0.00    0.00   88.44
14:29:51     all    9.75    0.00    1.00    0.00    0.00    0.75    0.00    0.00    0.00   88.50
14:29:52     all    9.85    0.00    0.51    0.00    0.00    0.25    0.00    0.00    0.00   89.39
14:29:53     all    9.37    0.00    0.76    0.00    0.00    0.25    0.00    0.00    0.00   89.62
14:29:54     all    9.70    0.00    1.00    0.00    0.00    0.75    0.00    0.00    0.00   88.56
14:29:55     all    9.37    0.00    0.51    0.00    0.00    0.25    0.00    0.00    0.00   89.87
14:29:56     all    8.84    0.00    0.76    0.00    0.00    0.76    0.00    0.00    0.00   89.65
14:29:57     all    9.62    0.00    0.76    0.00    0.00    0.25    0.00    0.00    0.00   89.37
14:29:58     all    9.34    0.00    0.76    0.00    0.00    0.51    0.00    0.00    0.00   89.39
14:29:59     all    8.75    0.00    1.00    0.00    0.00    0.75    0.00    0.00    0.00   89.50
14:30:00     all   10.30    0.00    0.50    0.00    0.00    0.50    0.00    0.00    0.00   88.69
14:30:01     all    8.59    0.00    0.76    0.00    0.00    0.51    0.00    0.00    0.00   90.15
14:30:02     all    9.69    0.00    0.51    0.00    0.00    0.00    0.00    0.00    0.00   89.80
14:30:03     all    9.09    0.00    0.76    0.00    0.00    0.76    0.00    0.00    0.00   89.39
14:30:04     all    8.56    0.00    1.01    0.00    0.00    0.25    0.00    0.00    0.00   90.18
14:30:05     all    9.57    0.00    0.50    0.00    0.00    0.50    0.00    0.00    0.00   89.42
14:30:06     all    9.57    0.00    0.25    0.00    0.00    0.50    0.00    0.00    0.00   89.67
14:30:07     all    8.56    0.00    1.26    0.00    0.00    0.50    0.00    0.00    0.00   89.67
14:30:08     all    9.32    0.00    0.76    0.00    0.00    0.50    0.00    0.00    0.00   89.42
14:30:09     all    9.62    0.00    0.25    0.00    0.00    0.25    0.00    0.00    0.00   89.87
14:30:10     all    9.77    0.00    1.00    0.00    0.00    0.25    0.00    0.00    0.00   88.97
14:30:11     all    8.86    0.00    0.51    0.00    0.00    0.25    0.00    0.00    0.00   90.38
14:30:12     all    8.86    0.00    0.76    0.00    0.00    0.51    0.00    0.00    0.00   89.87
14:30:13     all    8.82    0.00    1.01    0.00    0.00    0.50    0.00    0.00    0.00   89.67
14:30:14     all    9.98    0.00    0.75    0.00    0.00    0.50    0.00    0.00    0.00   88.78
14:30:15     all    9.60    0.00    0.51    0.00    0.00    0.51    0.00    0.00    0.00   89.39
14:30:16     all    9.27    0.00    1.00    0.00    0.00    0.50    0.00    0.00    0.00   89.22
14:30:17     all    9.64    0.00    0.25    0.00    0.00    0.25    0.00    0.00    0.00   89.85
14:30:18     all    9.34    0.00    1.01    0.00    0.00    0.25    0.00    0.00    0.00   89.39
14:30:19     all    9.05    0.00    1.01    0.00    0.00    0.50    0.00    0.00    0.00   89.45
14:30:20     all    9.80    0.00    0.75    0.00    0.00    0.25    0.00    0.00    0.00   89.20
14:30:21     all    9.05    0.00    0.75    0.00    0.00    0.75    0.00    0.00    0.00   89.45
14:30:22     all    9.37    0.00    0.76    0.00    0.00    0.00    0.00    0.00    0.00   89.87
14:30:23     all    9.32    0.00    0.50    0.00    0.00    0.50    0.00    0.00    0.00   89.67
14:30:24     all    9.09    0.00    0.76    0.00    0.00    0.51    0.00    0.00    0.00   89.65
14:30:25     all    9.52    0.00    0.75    0.00    0.00    0.50    0.00    0.00    0.00   89.22
14:30:26     all    9.34    0.00    1.01    0.00    0.00    0.00    0.00    0.00    0.00   89.65
14:30:27     all    9.14    0.00    0.76    0.00    0.00    0.25    0.00    0.00    0.00   89.85
14:30:28     all    9.77    0.00    0.50    0.25    0.00    0.50    0.00    0.00    0.00   88.97
14:30:29     all    9.30    0.00    0.75    0.00    0.00    0.75    0.00    0.00    0.00   89.20
14:30:30     all    9.39    0.00    1.02    0.00    0.00    0.25    0.00    0.00    0.00   89.34
14:30:31     all    9.11    0.00    0.25    0.00    0.00    0.25    0.00    0.00    0.00   90.38
14:30:32     all    9.02    0.00    1.00    0.00    0.00    0.75    0.00    0.00    0.00   89.22
14:30:33     all    8.88    0.00    0.51    0.00    0.00    0.51    0.00    0.00    0.00   90.10
14:30:34     all    9.27    0.00    0.75    0.00    0.00    0.50    0.00    0.00    0.00   89.47
14:30:35     all    9.60    0.00    0.76    0.00    0.00    0.25    0.00    0.00    0.00   89.39
14:30:36     all    9.32    0.00    1.01    0.00    0.00    0.00    0.00    0.00    0.00   89.67
14:30:37     all    9.11    0.00    0.25    0.00    0.00    1.01    0.00    0.00    0.00   89.62
14:30:38     all    8.84    0.00    1.52    0.00    0.00    0.00    0.00    0.00    0.00   89.65
14:30:39     all    8.82    0.00    0.76    0.25    0.00    0.50    0.00    0.00    0.00   89.67
14:30:40     all    9.34    0.00    0.25    0.00    0.00    0.76    0.00    0.00    0.00   89.65
14:30:41     all    9.05    0.00    1.01    0.00    0.00    0.25    0.00    0.00    0.00   89.70
14:30:42     all    9.11    0.00    0.51    0.00    0.00    0.25    0.00    0.00    0.00   90.13
14:30:43     all    9.11    0.00    0.76    0.00    0.00    0.25    0.00    0.00    0.00   89.87
14:30:44     all    9.52    0.00    0.75    0.00    0.00    0.75    0.00    0.00    0.00   88.97
14:30:45     all    9.50    0.00    1.00    0.00    0.00    0.50    0.00    0.00    0.00   89.00
14:30:46     all    9.09    0.00    1.01    0.00    0.00    0.25    0.00    0.00    0.00   89.65
14:30:47     all    9.39    0.00    0.51    0.00    0.00    0.00    0.00    0.00    0.00   90.10
14:30:48     all    9.57    0.00    0.50    0.00    0.00    0.76    0.00    0.00    0.00   89.17
14:30:49     all    9.05    0.00    1.01    0.00    0.00    0.75    0.00    0.00    0.00   89.20
14:30:50     all    9.05    0.00    1.01    0.25    0.00    0.50    0.00    0.00    0.00   89.20
14:30:51     all    9.25    0.00    1.00    0.00    0.00    0.50    0.00    0.00    0.00   89.25
14:30:52     all    9.11    0.00    0.51    0.00    0.00    0.51    0.00    0.00    0.00   89.87
14:30:53     all    8.88    0.00    0.51    0.00    0.00    0.51    0.00    0.00    0.00   90.10
14:30:54     all    9.50    0.00    0.75    0.00    0.00    0.50    0.00    0.00    0.00   89.25
14:30:55     all    9.60    0.00    0.51    0.00    0.00    0.25    0.00    0.00    0.00   89.65
14:30:56     all    9.27    0.00    0.75    0.00    0.00    0.50    0.00    0.00    0.00   89.47
14:30:57     all    9.32    0.00    1.01    0.00    0.00    0.25    0.00    0.00    0.00   89.42
14:30:58     all    9.37    0.00    0.51    0.00    0.00    0.51    0.00    0.00    0.00   89.62
14:30:59     all    9.32    0.00    0.76    0.00    0.00    0.25    0.00    0.00    0.00   89.67
14:31:00     all    8.77    0.00    1.00    0.25    0.00    0.50    0.00    0.00    0.00   89.47
14:31:01     all    8.88    0.00    0.76    0.00    0.00    0.25    0.00    0.00    0.00   90.10
14:31:02     all    9.57    0.00    0.76    0.00    0.00    0.50    0.00    0.00    0.00   89.17
14:31:03     all   10.47    0.00    0.75    0.00    0.00    0.50    0.00    0.00    0.00   88.28
14:31:04     all    8.88    0.00    1.02    0.00    0.00    0.00    0.00    0.00    0.00   90.10
14:31:05     all    9.52    0.00    0.50    0.00    0.00    0.75    0.00    0.00    0.00   89.22
14:31:06     all    9.57    0.00    0.76    0.00    0.00    0.25    0.00    0.00    0.00   89.42
14:31:07     all    9.57    0.00    0.50    0.00    0.00    0.25    0.00    0.00    0.00   89.67
14:31:08     all    9.32    0.00    0.76    0.00    0.00    0.50    0.00    0.00    0.00   89.42
14:31:09     all    9.30    0.00    1.01    0.00    0.00    0.25    0.00    0.00    0.00   89.45
14:31:10     all    9.09    0.00    0.76    0.00    0.00    0.76    0.00    0.00    0.00   89.39
14:31:11     all    8.88    0.00    0.25    0.00    0.00    0.76    0.00    0.00    0.00   90.10
14:31:12     all   10.47    0.00    0.75    0.00    0.00    0.25    0.00    0.00    0.00   88.53
14:31:13     all    9.60    0.00    0.76    0.00    0.00    0.51    0.00    0.00    0.00   89.14
14:31:14     all    8.91    0.00    0.51    0.00    0.00    0.00    0.00    0.00    0.00   90.59
14:31:15     all    9.27    0.00    1.00    0.25    0.00    0.75    0.00    0.00    0.00   88.72
14:31:16     all    9.52    0.00    0.75    0.00    0.00    0.50    0.00    0.00    0.00   89.22
14:31:17     all    9.11    0.00    0.51    0.00    0.00    0.00    0.00    0.00    0.00   90.38
14:31:18     all    9.57    0.00    0.76    0.00    0.00    0.50    0.00    0.00    0.00   89.17
14:31:19     all    9.11    0.00    0.51    0.00    0.00    0.51    0.00    0.00    0.00   89.87
14:31:20     all    9.57    0.00    0.76    0.00    0.00    0.76    0.00    0.00    0.00   88.92
14:31:21     all    9.11    0.00    0.51    0.00    0.00    0.25    0.00    0.00    0.00   90.13
14:31:22     all    8.56    0.00    1.26    0.00    0.00    0.25    0.00    0.00    0.00   89.92
14:31:23     all    9.57    0.00    0.76    0.00    0.00    0.76    0.00    0.00    0.00   88.92
14:31:24     all    9.37    0.00    0.51    0.00    0.00    0.25    0.00    0.00    0.00   89.87
14:31:25     all    8.84    0.00    1.01    0.00    0.00    0.76    0.00    0.00    0.00   89.39
14:31:26     all    9.52    0.00    0.50    0.00    0.00    0.50    0.00    0.00    0.00   89.47
14:31:27     all    9.34    0.00    1.01    0.00    0.00    0.25    0.00    0.00    0.00   89.39
14:31:28     all   10.28    0.00    0.75    0.00    0.00    0.25    0.00    0.00    0.00   88.72
14:31:29     all    9.11    0.00    0.76    0.00    0.00    0.76    0.00    0.00    0.00   89.37
14:31:30     all    9.87    0.00    0.76    0.00    0.00    0.25    0.00    0.00    0.00   89.11
14:31:31     all    9.62    0.00    0.51    0.00    0.00    0.25    0.00    0.00    0.00   89.62
14:31:32     all    9.37    0.00    0.51    0.00    0.00    0.51    0.00    0.00    0.00   89.62
14:31:33     all    9.27    0.00    1.00    0.00    0.00    0.75    0.00    0.00    0.00   88.97
14:31:34     all    9.82    0.00    0.76    0.00    0.00    0.50    0.00    0.00    0.00   88.92
14:31:35     all    9.80    0.00    0.75    0.00    0.00    0.50    0.00    0.00    0.00   88.94
14:31:36     all    9.80    0.00    0.75    0.00    0.00    0.50    0.00    0.00    0.00   88.94
14:31:37     all   10.80    0.00    1.01    0.00    0.00    0.00    0.00    0.00    0.00   88.19
14:31:38     all    9.32    0.00    1.01    0.00    0.00    0.76    0.00    0.00    0.00   88.92
14:31:39     all    9.80    0.00    1.01    0.00    0.00    0.50    0.00    0.00    0.00   88.69
14:31:40     all   10.89    0.00    0.51    0.00    0.00    0.25    0.00    0.00    0.00   88.35
14:31:41     all   10.25    0.00    0.75    0.00    0.00    0.25    0.00    0.00    0.00   88.75
14:31:42     all    9.90    0.00    0.76    0.00    0.00    0.25    0.00    0.00    0.00   89.09
14:31:43     all    9.57    0.00    1.01    0.00    0.00    0.76    0.00    0.00    0.00   88.66
14:31:44     all    9.14    0.00    0.25    0.00    0.00    0.51    0.00    0.00    0.00   90.10
14:31:45     all    9.14    0.00    1.02    0.00    0.00    0.25    0.00    0.00    0.00   89.59
14:31:46     all    9.05    0.00    0.75    0.00    0.00    0.50    0.00    0.00    0.00   89.70
14:31:47     all    9.11    0.00    0.51    0.00    0.00    0.76    0.00    0.00    0.00   89.62
14:31:48     all    9.73    0.00    1.00    0.00    0.00    0.50    0.00    0.00    0.00   88.78
14:31:49     all    9.16    0.00    0.76    0.00    0.00    0.51    0.00    0.00    0.00   89.57
14:31:50     all    9.55    0.00    1.01    0.00    0.00    0.25    0.00    0.00    0.00   89.20
14:31:51     all    9.41    0.00    0.51    0.00    0.00    0.25    0.00    0.00    0.00   89.82
14:31:52     all    9.02    0.00    1.00    0.00    0.00    0.75    0.00    0.00    0.00   89.22
14:31:53     all    9.67    0.00    0.76    0.00    0.00    0.00    0.00    0.00    0.00   89.57
14:31:54     all    9.37    0.00    0.51    0.00    0.00    1.01    0.00    0.00    0.00   89.11
14:31:55     all    9.82    0.00    1.01    0.00    0.00    0.25    0.00    0.00    0.00   88.92
14:31:56     all    9.87    0.00    0.76    0.00    0.00    0.51    0.00    0.00    0.00   88.86
14:31:57     all    9.62    0.00    0.51    0.00    0.00    0.76    0.00    0.00    0.00   89.11
14:31:58     all   10.08    0.00    1.01    0.00    0.00    0.25    0.00    0.00    0.00   88.66
14:31:59     all    9.64    0.00    0.76    0.00    0.00    0.51    0.00    0.00    0.00   89.09
14:32:00     all   10.63    0.00    1.01    0.00    0.00    0.25    0.00    0.00    0.00   88.10
14:32:01     all   10.08    0.00    0.76    0.00    0.00    0.50    0.00    0.00    0.00   88.66
14:32:02     all   10.35    0.00    0.76    0.00    0.00    0.51    0.00    0.00    0.00   88.38
14:32:03     all   10.33    0.00    0.76    0.00    0.00    0.50    0.00    0.00    0.00   88.41
14:32:04     all   10.08    0.00    1.51    0.00    0.00    0.50    0.00    0.00    0.00   87.91
14:32:05     all   10.58    0.00    0.76    0.00    0.00    0.76    0.00    0.00    0.00   87.91
14:32:06     all    9.62    0.00    0.76    0.00    0.00    0.25    0.00    0.00    0.00   89.37
14:32:07     all    9.18    0.00    0.51    0.00    0.00    0.51    0.00    0.00    0.00   89.80
14:32:08     all    9.57    0.00    1.01    0.00    0.00    0.25    0.00    0.00    0.00   89.17
14:32:09     all   10.00    0.00    1.00    0.00    0.00    0.75    0.00    0.00    0.00   88.25
14:32:10     all    9.92    0.00    1.02    0.00    0.00    0.25    0.00    0.00    0.00   88.80
14:32:11     all   10.05    0.00    1.26    0.00    0.00    0.50    0.00    0.00    0.00   88.19
14:32:12     all    9.57    0.00    1.01    0.00    0.00    0.50    0.00    0.00    0.00   88.92
14:32:13     all    9.46    0.00    0.77    0.00    0.00    0.26    0.00    0.00    0.00   89.51
14:32:14     all   10.10    0.00    1.01    0.00    0.00    0.51    0.00    0.00    0.00   88.38
14:32:15     all   10.10    0.00    1.01    0.00    0.00    0.76    0.00    0.00    0.00   88.13
14:32:16     all   10.80    0.00    0.75    0.00    0.00    0.25    0.00    0.00    0.00   88.19
14:32:17     all   10.58    0.00    0.76    0.00    0.00    0.76    0.00    0.00    0.00   87.91
14:32:18     all   10.00    0.00    1.00    0.00    0.00    0.75    0.00    0.00    0.00   88.25
14:32:19     all    9.87    0.00    1.27    0.00    0.00    0.00    0.00    0.00    0.00   88.86
14:32:20     all    9.82    0.00    1.01    0.25    0.00    0.76    0.00    0.00    0.00   88.16
14:32:21     all   10.33    0.00    0.76    0.00    0.00    0.50    0.00    0.00    0.00   88.41
14:32:22     all   10.61    0.00    0.51    0.00    0.00    0.51    0.00    0.00    0.00   88.38
14:32:23     all   10.55    0.00    1.26    0.00    0.00    0.25    0.00    0.00    0.00   87.94
14:32:24     all    9.90    0.00    0.51    0.00    0.00    0.51    0.00    0.00    0.00   89.09
14:32:25     all   10.08    0.00    0.76    0.00    0.00    1.01    0.00    0.00    0.00   88.16
14:32:26     all   10.10    0.00    0.76    0.00    0.00    0.51    0.00    0.00    0.00   88.64
14:32:27     all   10.28    0.00    1.00    0.00    0.00    0.25    0.00    0.00    0.00   88.47
14:32:28     all    9.90    0.00    0.51    0.00    0.00    0.25    0.00    0.00    0.00   89.34
14:32:29     all   10.50    0.00    1.25    0.00    0.00    0.50    0.00    0.00    0.00   87.75
14:32:30     all    8.93    0.00    1.02    0.00    0.00    0.51    0.00    0.00    0.00   89.54
14:32:31     all    9.57    0.00    0.76    0.00    0.00    0.76    0.00    0.00    0.00   88.92
14:32:32     all    9.87    0.00    1.01    0.00    0.00    0.25    0.00    0.00    0.00   88.86
14:32:33     all   10.53    0.00    1.00    0.00    0.00    0.75    0.00    0.00    0.00   87.72
14:32:34     all   10.05    0.00    1.01    0.00    0.00    0.50    0.00    0.00    0.00   88.44
14:32:35     all    9.18    0.00    1.02    0.00    0.00    0.26    0.00    0.00    0.00   89.54
14:32:36     all    9.57    0.00    1.26    0.00    0.00    0.50    0.00    0.00    0.00   88.66
14:32:37     all    9.95    0.00    0.26    0.00    0.00    0.51    0.00    0.00    0.00   89.29
14:32:38     all   10.08    0.00    1.01    0.00    0.00    0.25    0.00    0.00    0.00   88.66
14:32:39     all   10.10    0.00    0.76    0.00    0.00    0.51    0.00    0.00    0.00   88.64
14:32:40     all    9.85    0.00    1.01    0.00    0.00    0.51    0.00    0.00    0.00   88.64
14:32:41     all    9.52    0.00    1.00    0.00    0.00    0.75    0.00    0.00    0.00   88.72
14:32:42     all   10.13    0.00    1.01    0.00    0.00    0.25    0.00    0.00    0.00   88.61
14:32:43     all    9.14    0.00    0.51    0.00    0.00    0.76    0.00    0.00    0.00   89.59
14:32:44     all   10.30    0.00    1.01    0.00    0.00    0.25    0.00    0.00    0.00   88.44
14:32:45     all    9.90    0.00    0.51    0.00    0.00    0.25    0.00    0.00    0.00   89.34
14:32:46     all   10.05    0.00    1.01    0.00    0.00    0.75    0.00    0.00    0.00   88.19
14:32:47     all    9.82    0.00    1.26    0.00    0.00    0.25    0.00    0.00    0.00   88.66
14:32:48     all    9.82    0.00    1.01    0.00    0.00    0.76    0.00    0.00    0.00   88.41
14:32:49     all    9.62    0.00    0.76    0.00    0.00    0.51    0.00    0.00    0.00   89.11
14:32:50     all   10.13    0.00    0.76    0.00    0.00    0.00    0.00    0.00    0.00   89.11
14:32:51     all   10.28    0.00    0.75    0.00    0.00    1.00    0.00    0.00    0.00   87.97
14:32:52     all    9.64    0.00    0.76    0.00    0.00    0.00    0.00    0.00    0.00   89.59
14:32:53     all   10.78    0.00    0.75    0.00    0.00    0.50    0.00    0.00    0.00   87.97
14:32:54     all   10.33    0.00    0.50    0.00    0.00    0.76    0.00    0.00    0.00   88.41
14:32:55     all    9.80    0.00    1.26    0.00    0.00    0.00    0.00    0.00    0.00   88.94
14:32:56     all   11.08    0.00    0.76    0.00    0.00    0.76    0.00    0.00    0.00   87.41
14:32:57     all    9.64    0.00    0.51    0.00    0.00    0.25    0.00    0.00    0.00   89.59
14:32:58     all   10.30    0.00    1.01    0.00    0.00    1.01    0.00    0.00    0.00   87.69
14:32:59     all   10.15    0.00    0.76    0.00    0.00    0.00    0.00    0.00    0.00   89.09
14:33:00     all   10.10    0.00    0.76    0.00    0.00    0.76    0.00    0.00    0.00   88.38
14:33:01     all   10.33    0.00    1.01    0.00    0.00    0.76    0.00    0.00    0.00   87.91
14:33:02     all    9.85    0.00    1.52    0.00    0.00    0.25    0.00    0.00    0.00   88.38
14:33:03     all   10.13    0.00    1.01    0.00    0.00    0.51    0.00    0.00    0.00   88.35
14:33:04     all    9.11    0.00    0.76    0.00    0.00    0.76    0.00    0.00    0.00   89.37
14:33:05     all    9.41    0.00    0.76    0.00    0.00    0.51    0.00    0.00    0.00   89.31
14:33:06     all   10.28    0.00    1.25    0.00    0.00    0.75    0.00    0.00    0.00   87.72
14:33:07     all    9.07    0.00    1.01    0.00    0.00    0.50    0.00    0.00    0.00   89.42
14:33:08     all   10.58    0.00    0.76    0.00    0.00    0.25    0.00    0.00    0.00   88.41
14:33:09     all    9.55    0.00    1.51    0.00    0.00    0.50    0.00    0.00    0.00   88.44
14:33:10     all    9.87    0.00    0.76    0.00    0.00    0.76    0.00    0.00    0.00   88.61
14:33:11     all    8.63    0.00    1.02    0.00    0.00    0.51    0.00    0.00    0.00   89.85
14:33:12     all    9.77    0.00    1.00    0.00    0.00    0.25    0.00    0.00    0.00   88.97
14:33:13     all    8.86    0.00    1.01    0.00    0.00    0.76    0.00    0.00    0.00   89.37
14:33:14     all    9.09    0.00    1.01    0.00    0.00    0.25    0.00    0.00    0.00   89.65
14:33:15     all    8.52    0.00    0.75    0.00    0.00    0.50    0.00    0.00    0.00   90.23
14:33:16     all    6.60    0.00    0.25    0.25    0.00    0.25    0.00    0.00    0.00   92.64
14:33:17     all    6.02    0.00    0.75    0.00    0.00    0.25    0.00    0.00    0.00   92.98
14:33:18     all    3.53    0.00    0.25    0.00    0.00    0.25    0.00    0.00    0.00   95.97
14:33:19     all    3.51    0.00    0.25    0.00    0.00    0.00    0.00    0.00    0.00   96.24
14:33:20     all    3.01    0.00    0.50    0.00    0.00    0.25    0.00    0.00    0.00   96.24
14:33:21     all    2.75    0.00    0.25    0.00    0.00    0.00    0.00    0.00    0.00   97.00
14:33:22     all    1.76    0.00    0.00    0.00    0.00    0.00    0.00    0.00    0.00   98.24
14:33:23     all    0.75    0.00    0.25    0.00    0.00    0.00    0.00    0.00    0.00   99.00
14:33:24     all    1.26    0.00    0.00    0.00    0.00    0.00    0.00    0.00    0.00   98.74
14:33:25     all    5.57    0.00    1.27    0.00    0.00    1.01    0.00    0.00    0.00   92.15
14:33:26     all    5.58    0.00    0.51    0.00    0.00    0.51    0.00    0.00    0.00   93.40
14:33:27     all    6.06    0.00    0.76    0.00    0.00    1.01    0.00    0.00    0.00   92.17
14:33:28     all    6.08    0.00    0.76    0.00    0.00    1.01    0.00    0.00    0.00   92.15
14:33:29     all    5.34    0.00    0.76    0.00    0.00    0.76    0.00    0.00    0.00   93.13
14:33:30     all    6.30    0.00    0.50    0.00    0.00    0.50    0.00    0.00    0.00   92.70
14:33:31     all    7.07    0.00    1.01    0.00    0.00    0.51    0.00    0.00    0.00   91.41
14:33:32     all    6.06    0.00    0.76    0.00    0.00    1.26    0.00    0.00    0.00   91.92
14:33:33     all    6.31    0.00    1.01    0.25    0.00    0.51    0.00    0.00    0.00   91.92
14:33:34     all    6.57    0.00    0.51    0.00    0.00    0.76    0.00    0.00    0.00   92.17
14:33:35     all    6.33    0.00    0.76    0.00    0.00    0.51    0.00    0.00    0.00   92.41
14:33:36     all    6.53    0.00    1.01    0.00    0.00    1.01    0.00    0.00    0.00   91.46
14:33:37     all    7.05    0.00    0.76    0.00    0.00    0.76    0.00    0.00    0.00   91.44
14:33:38     all    6.55    0.00    0.76    0.00    0.00    0.76    0.00    0.00    0.00   91.94
14:33:39     all    6.33    0.00    0.76    0.00    0.00    0.76    0.00    0.00    0.00   92.15
14:33:40     all    6.57    0.00    1.01    0.00    0.00    0.76    0.00    0.00    0.00   91.67
14:33:41     all    6.11    0.00    0.51    0.00    0.00    1.02    0.00    0.00    0.00   92.37
14:33:42     all    5.85    0.00    1.27    0.00    0.00    0.51    0.00    0.00    0.00   92.37
14:33:43     all    6.60    0.00    0.76    0.00    0.00    0.76    0.00    0.00    0.00   91.88
14:33:44     all    6.82    0.00    0.51    0.00    0.00    1.01    0.00    0.00    0.00   91.67
14:33:45     all    5.84    0.00    0.76    0.00    0.00    0.25    0.00    0.00    0.00   93.15
14:33:46     all    5.81    0.00    1.26    0.00    0.00    0.76    0.00    0.00    0.00   92.17
14:33:47     all    5.87    0.00    0.51    0.00    0.00    0.51    0.00    0.00    0.00   93.11
14:33:48     all    6.53    0.00    0.75    0.00    0.00    1.01    0.00    0.00    0.00   91.71
14:33:49     all    5.58    0.00    1.02    0.00    0.00    0.25    0.00    0.00    0.00   93.15
14:33:50     all    6.08    0.00    0.76    0.00    0.00    0.51    0.00    0.00    0.00   92.66
14:33:51     all    5.09    0.00    0.51    0.00    0.00    0.76    0.00    0.00    0.00   93.64
14:33:52     all    5.12    0.00    0.51    0.00    0.00    0.51    0.00    0.00    0.00   93.86
14:33:53     all    6.03    0.00    1.01    0.00    0.00    1.01    0.00    0.00    0.00   91.96
14:33:54     all    5.81    0.00    0.76    0.00    0.00    0.76    0.00    0.00    0.00   92.68
14:33:55     all    5.82    0.00    0.51    0.00    0.00    0.76    0.00    0.00    0.00   92.91
14:33:56     all    6.08    0.00    1.01    0.00    0.00    0.51    0.00    0.00    0.00   92.41
14:33:57     all    5.58    0.00    0.51    0.00    0.00    0.51    0.00    0.00    0.00   93.40
14:33:58     all    6.03    0.00    1.01    0.00    0.00    0.50    0.00    0.00    0.00   92.46
14:33:59     all    5.56    0.00    1.01    0.00    0.00    0.76    0.00    0.00    0.00   92.68
14:34:00     all    6.05    0.00    0.76    0.25    0.00    0.50    0.00    0.00    0.00   92.44
14:34:01     all    5.82    0.00    0.51    0.00    0.00    0.51    0.00    0.00    0.00   93.16
14:34:02     all    5.81    0.00    0.76    0.00    0.00    0.51    0.00    0.00    0.00   92.93
14:34:03     all    5.88    0.00    0.51    0.00    0.00    0.51    0.00    0.00    0.00   93.09
14:34:04     all    5.75    0.00    1.00    0.00    0.00    0.75    0.00    0.00    0.00   92.50
14:34:05     all    5.56    0.00    1.01    0.25    0.00    0.51    0.00    0.00    0.00   92.68
14:34:06     all    5.84    0.00    0.25    0.00    0.00    1.02    0.00    0.00    0.00   92.89
14:34:07     all    5.56    0.00    0.76    0.00    0.00    0.51    0.00    0.00    0.00   93.18
14:34:08     all    6.55    0.00    0.25    0.00    0.00    0.50    0.00    0.00    0.00   92.70
14:34:09     all    5.57    0.00    0.76    0.00    0.00    0.76    0.00    0.00    0.00   92.91
14:34:10     all    6.06    0.00    0.51    0.00    0.00    0.25    0.00    0.00    0.00   93.18
14:34:11     all    6.05    0.00    0.76    0.00    0.00    0.50    0.00    0.00    0.00   92.70
14:34:12     all    6.80    0.00    0.76    0.00    0.00    0.25    0.00    0.00    0.00   92.19
14:34:13     all    5.34    0.00    0.51    0.00    0.00    0.25    0.00    0.00    0.00   93.89
14:34:14     all    5.79    0.00    0.50    0.00    0.00    0.76    0.00    0.00    0.00   92.95
14:34:15     all    6.08    0.00    0.76    0.00    0.00    0.25    0.00    0.00    0.00   92.91
14:34:16     all    6.28    0.00    0.50    0.00    0.00    0.75    0.00    0.00    0.00   92.46
14:34:17     all    5.79    0.00    1.26    0.00    0.00    0.50    0.00    0.00    0.00   92.44
14:34:18     all    6.06    0.00    0.76    0.00    0.00    0.51    0.00    0.00    0.00   92.68
14:34:19     all    5.82    0.00    0.51    0.00    0.00    0.76    0.00    0.00    0.00   92.91
14:34:20     all    6.55    0.00    1.01    0.00    0.00    0.25    0.00    0.00    0.00   92.19
14:34:21     all    6.08    0.00    0.51    0.00    0.00    0.51    0.00    0.00    0.00   92.91
14:34:22     all    6.31    0.00    0.76    0.00    0.00    0.76    0.00    0.00    0.00   92.17
14:34:23     all    6.31    0.00    0.76    0.00    0.00    0.76    0.00    0.00    0.00   92.17
14:34:24     all    6.39    0.00    0.77    0.00    0.00    0.00    0.00    0.00    0.00   92.84
14:34:25     all    6.31    0.00    0.51    0.00    0.00    0.76    0.00    0.00    0.00   92.42
14:34:26     all    6.08    0.00    0.76    0.00    0.00    0.00    0.00    0.00    0.00   93.16
14:34:27     all    5.79    0.00    0.76    0.00    0.00    1.01    0.00    0.00    0.00   92.44
14:34:28     all    6.35    0.00    0.51    0.00    0.00    0.25    0.00    0.00    0.00   92.89
14:34:29     all    6.08    0.00    1.01    0.00    0.00    0.51    0.00    0.00    0.00   92.41
14:34:30     all    6.57    0.00    0.51    0.00    0.00    0.51    0.00    0.00    0.00   92.42
14:34:31     all    6.31    0.00    1.01    0.00    0.00    0.76    0.00    0.00    0.00   91.92
14:34:32     all    7.34    0.00    0.76    0.00    0.00    0.25    0.00    0.00    0.00   91.65
14:34:33     all    6.84    0.00    0.51    0.00    0.00    0.76    0.00    0.00    0.00   91.90
14:34:34     all    7.50    0.00    1.00    0.00    0.00    0.50    0.00    0.00    0.00   91.00
14:34:35     all    6.33    0.00    1.01    0.00    0.00    0.51    0.00    0.00    0.00   92.15
14:34:36     all    6.12    0.00    0.51    0.00    0.00    0.51    0.00    0.00    0.00   92.86
14:34:37     all    6.08    0.00    1.01    0.00    0.00    0.25    0.00    0.00    0.00   92.66
14:34:38     all    6.55    0.00    0.76    0.00    0.00    0.76    0.00    0.00    0.00   91.94
14:34:39     all    5.82    0.00    0.51    0.00    0.00    0.51    0.00    0.00    0.00   93.16
14:34:40     all    6.08    0.00    0.51    0.00    0.00    0.25    0.00    0.00    0.00   93.16
14:34:41     all    6.53    0.00    0.75    0.00    0.00    0.50    0.00    0.00    0.00   92.21
14:34:42     all    6.35    0.00    0.25    0.00    0.00    0.25    0.00    0.00    0.00   93.15
14:34:43     all    5.82    0.00    1.01    0.00    0.00    0.51    0.00    0.00    0.00   92.66
14:34:44     all    6.55    0.00    0.76    0.00    0.00    0.00    0.00    0.00    0.00   92.70
14:34:45     all    6.27    0.00    0.50    0.00    0.00    1.00    0.25    0.00    0.00   91.98
14:34:46     all    6.31    0.00    0.76    0.00    0.00    0.25    0.00    0.00    0.00   92.68
14:34:47     all    6.58    0.00    0.51    0.00    0.00    0.51    0.00    0.00    0.00   92.41
14:34:48     all    6.97    0.00    1.24    0.25    0.00    0.50    0.00    0.00    0.00   91.04
14:34:49     all    6.09    0.00    0.51    0.00    0.00    0.51    0.00    0.00    0.00   92.89
14:34:50     all    6.84    0.00    0.76    0.00    0.00    0.51    0.00    0.00    0.00   91.90
14:34:51     all    6.33    0.00    0.76    0.00    0.00    0.76    0.00    0.00    0.00   92.15
14:34:52     all    7.00    0.00    1.00    0.00    0.00    0.75    0.00    0.00    0.00   91.25
14:34:53     all    6.84    0.00    0.51    0.00    0.00    0.51    0.00    0.00    0.00   92.15
14:34:54     all    6.80    0.00    1.01    0.00    0.00    0.25    0.00    0.00    0.00   91.94
14:34:55     all    6.84    0.00    0.25    0.00    0.00    0.51    0.00    0.00    0.00   92.41
14:34:56     all    7.07    0.00    0.76    0.00    0.00    0.25    0.00    0.00    0.00   91.92
14:34:57     all    6.80    0.00    0.76    0.00    0.00    0.76    0.00    0.00    0.00   91.69
14:34:58     all    6.60    0.00    0.51    0.00    0.00    0.51    0.00    0.00    0.00   92.39
14:34:59     all    6.84    0.00    0.76    0.00    0.00    0.51    0.00    0.00    0.00   91.90
14:35:00     all    7.27    0.00    1.00    0.00    0.00    0.50    0.00    0.00    0.00   91.23
14:35:01     all    6.55    0.00    0.50    0.00    0.00    0.76    0.00    0.00    0.00   92.19
14:35:02     all    5.84    0.00    1.02    0.00    0.00    0.51    0.00    0.00    0.00   92.64
14:35:03     all    5.57    0.00    0.51    0.00    0.00    0.51    0.00    0.00    0.00   93.42
14:35:04     all    5.33    0.00    0.76    0.00    0.00    0.76    0.00    0.00    0.00   93.15
14:35:05     all    6.55    0.00    1.01    0.00    0.00    0.00    0.00    0.00    0.00   92.44
14:35:06     all    5.79    0.00    0.76    0.00    0.00    0.50    0.00    0.00    0.00   92.95
14:35:07     all    5.12    0.00    0.26    0.00    0.00    1.02    0.00    0.00    0.00   93.61
14:35:08     all    5.79    0.00    1.01    0.00    0.00    0.50    0.00    0.00    0.00   92.70
14:35:09     all    5.82    0.00    0.76    0.00    0.00    0.76    0.00    0.00    0.00   92.66
14:35:10     all    6.05    0.00    0.25    0.00    0.00    0.25    0.00    0.00    0.00   93.45
14:35:11     all    5.53    0.00    1.01    0.00    0.00    1.01    0.00    0.00    0.00   92.46
14:35:12     all    6.57    0.00    0.51    0.00    0.00    0.25    0.00    0.00    0.00   92.68
14:35:13     all    5.05    0.00    0.76    0.00    0.00    0.51    0.00    0.00    0.00   93.69
14:35:14     all    5.85    0.00    0.51    0.00    0.00    0.51    0.00    0.00    0.00   93.13
14:35:15     all    4.81    0.00    0.51    0.00    0.00    0.51    0.00    0.00    0.00   94.18
14:35:16     all    6.02    0.00    1.00    0.00    0.00    0.50    0.00    0.00    0.00   92.48
14:35:17     all    5.08    0.00    0.76    0.00    0.00    0.25    0.00    0.00    0.00   93.91
14:35:18     all    5.06    0.00    0.51    0.00    0.00    0.76    0.00    0.00    0.00   93.67
14:35:19     all    5.30    0.00    0.76    0.00    0.00    0.76    0.00    0.00    0.00   93.18
14:35:20     all    6.09    0.00    0.51    0.00    0.00    0.51    0.00    0.00    0.00   92.89
14:35:21     all    6.75    0.00    1.00    0.00    0.00    0.50    0.00    0.00    0.00   91.75
14:35:22     all    5.30    0.00    0.76    0.00    0.00    1.26    0.00    0.00    0.00   92.68
14:35:23     all    6.09    0.00    0.76    0.00    0.00    0.25    0.00    0.00    0.00   92.89
14:35:24     all    5.84    0.00    0.51    0.00    0.00    0.51    0.00    0.00    0.00   93.15
14:35:25     all    5.81    0.00    0.76    0.00    0.00    0.51    0.00    0.00    0.00   92.93
14:35:26     all    6.03    0.00    1.01    0.00    0.00    0.75    0.00    0.00    0.00   92.21
14:35:27     all    6.03    0.00    0.75    0.25    0.00    0.50    0.00    0.00    0.00   92.46
14:35:28     all    6.57    0.00    0.51    0.00    0.00    0.51    0.00    0.00    0.00   92.42
14:35:29     all    5.82    0.00    0.76    0.00    0.00    0.51    0.00    0.00    0.00   92.91
14:35:30     all    5.60    0.00    0.51    0.00    0.00    0.51    0.00    0.00    0.00   93.38
14:35:31     all    5.79    0.00    0.76    0.00    0.00    0.50    0.00    0.00    0.00   92.95
14:35:32     all    5.54    0.00    0.76    0.00    0.00    1.01    0.00    0.00    0.00   92.70
14:35:33     all    5.61    0.00    0.77    0.00    0.00    0.00    0.00    0.00    0.00   93.62
14:35:34     all    5.54    0.00    0.76    0.00    0.00    1.01    0.00    0.00    0.00   92.70
14:35:35     all    5.12    0.00    0.77    0.00    0.00    0.26    0.00    0.00    0.00   93.86
14:35:36     all    6.52    0.00    0.75    0.00    0.00    0.50    0.00    0.00    0.00   92.23
14:35:37     all    5.85    0.00    0.51    0.00    0.00    0.51    0.00    0.00    0.00   93.13
14:35:38     all    6.77    0.00    0.75    0.00    0.00    0.50    0.00    0.00    0.00   91.98
14:35:39     all    5.81    0.00    0.76    0.00    0.00    0.76    0.00    0.00    0.00   92.68
14:35:40     all    5.87    0.00    0.00    0.00    0.00    0.26    0.00    0.00    0.00   93.88
14:35:41     all    5.76    0.00    1.00    0.00    0.00    1.00    0.00    0.00    0.00   92.23
14:35:42     all    5.87    0.00    0.51    0.00    0.00    0.26    0.00    0.00    0.00   93.37
14:35:43     all    5.56    0.00    0.51    0.00    0.00    0.51    0.00    0.00    0.00   93.43
14:35:44     all    5.57    0.00    0.76    0.00    0.00    0.51    0.00    0.00    0.00   93.16
14:35:45     all    6.28    0.00    1.01    0.00    0.00    0.75    0.00    0.00    0.00   91.96
14:35:46     all    6.08    0.00    0.76    0.00    0.00    0.51    0.00    0.00    0.00   92.66
14:35:47     all    6.08    0.00    0.51    0.00    0.00    1.01    0.00    0.00    0.00   92.41
14:35:48     all    5.84    0.00    0.76    0.00    0.00    0.25    0.00    0.00    0.00   93.15
14:35:49     all    5.75    0.00    1.00    0.00    0.00    1.00    0.00    0.00    0.00   92.25
14:35:50     all    6.82    0.00    0.00    0.00    0.00    0.51    0.00    0.00    0.00   92.68
14:35:51     all    5.81    0.00    1.26    0.00    0.00    0.51    0.00    0.00    0.00   92.42
14:35:52     all    6.28    0.00    0.75    0.00    0.00    0.50    0.00    0.00    0.00   92.46
14:35:53     all    5.08    0.00    0.51    0.00    0.00    0.76    0.00    0.00    0.00   93.65
14:35:54     all    6.06    0.00    0.76    0.00    0.00    0.51    0.00    0.00    0.00   92.68
14:35:55     all    5.79    0.00    0.76    0.00    0.00    0.76    0.00    0.00    0.00   92.70
14:35:56     all    5.56    0.00    0.76    0.00    0.00    0.76    0.00    0.00    0.00   92.93
14:35:57     all    5.40    0.00    0.26    0.00    0.00    0.26    0.00    0.00    0.00   94.09
14:35:58     all    6.00    0.00    1.00    0.00    0.00    0.75    0.00    0.00    0.00   92.25
14:35:59     all    6.31    0.00    0.76    0.00    0.00    0.25    0.00    0.00    0.00   92.68
14:36:00     all    5.79    0.00    1.01    0.00    0.00    1.01    0.00    0.00    0.00   92.19
14:36:01     all    5.84    0.00    0.25    0.25    0.00    0.25    0.00    0.00    0.00   93.40
14:36:02     all    6.05    0.00    1.01    0.00    0.00    0.50    0.00    0.00    0.00   92.44
14:36:03     all    6.08    0.00    0.76    0.00    0.00    0.51    0.00    0.00    0.00   92.66
14:36:04     all    5.85    0.00    0.51    0.00    0.00    0.51    0.00    0.00    0.00   93.13
14:36:05     all    5.56    0.00    1.01    0.00    0.00    0.76    0.00    0.00    0.00   92.68
14:36:06     all    5.57    0.00    0.76    0.00    0.00    0.76    0.00    0.00    0.00   92.91
14:36:07     all    5.81    0.00    0.76    0.00    0.00    0.76    0.00    0.00    0.00   92.68
14:36:08     all    5.60    0.00    0.76    0.00    0.00    0.51    0.00    0.00    0.00   93.13
14:36:09     all    5.28    0.00    1.01    0.00    0.00    1.01    0.00    0.00    0.00   92.71
14:36:10     all    5.82    0.00    0.76    0.00    0.00    0.25    0.00    0.00    0.00   93.16
14:36:11     all    6.11    0.00    0.51    0.00    0.00    0.25    0.00    0.00    0.00   93.13
14:36:12     all    5.56    0.00    0.51    0.00    0.00    1.01    0.00    0.00    0.00   92.93
14:36:13     all    5.84    0.00    1.02    0.00    0.00    0.00    0.00    0.00    0.00   93.15
14:36:14     all    6.03    0.00    0.50    0.00    0.00    1.01    0.00    0.00    0.00   92.46
14:36:15     all    5.33    0.00    0.76    0.00    0.00    0.76    0.00    0.00    0.00   93.15
14:36:16     all    5.84    0.00    0.76    0.00    0.00    0.25    0.00    0.00    0.00   93.15
14:36:17     all    5.79    0.00    0.76    0.00    0.00    0.76    0.00    0.00    0.00   92.70
14:36:18     all    5.56    0.00    0.76    0.00    0.00    0.51    0.00    0.00    0.00   93.18
14:36:19     all    5.81    0.00    0.51    0.00    0.00    0.76    0.00    0.00    0.00   92.93
14:36:20     all    5.60    0.00    1.02    0.00    0.00    0.25    0.00    0.00    0.00   93.13
14:36:21     all    5.53    0.00    1.01    0.00    0.00    1.01    0.00    0.00    0.00   92.46
14:36:22     all    6.35    0.00    0.25    0.00    0.00    0.25    0.00    0.00    0.00   93.15
14:36:23     all    5.78    0.00    0.75    0.00    0.00    0.75    0.00    0.00    0.00   92.71
14:36:24     all    6.03    0.00    1.01    0.00    0.00    1.01    0.00    0.00    0.00   91.96
14:36:25     all    5.34    0.00    1.02    0.00    0.00    0.25    0.00    0.00    0.00   93.38
14:36:26     all    5.79    0.00    0.25    0.00    0.00    1.01    0.00    0.00    0.00   92.95
14:36:27     all    4.81    0.00    1.01    0.00    0.00    1.01    0.00    0.00    0.00   93.16
14:36:28     all    4.85    0.00    0.77    0.00    0.00    0.51    0.00    0.00    0.00   93.88
14:36:29     all    5.56    0.00    0.51    0.00    0.00    0.76    0.00    0.00    0.00   93.18
14:36:30     all    6.57    0.00    0.51    0.00    0.00    1.01    0.00    0.00    0.00   91.92
14:36:31     all    6.31    0.00    0.76    0.00    0.00    0.25    0.00    0.00    0.00   92.68
14:36:32     all    5.60    0.00    0.51    0.00    0.00    0.51    0.00    0.00    0.00   93.38
14:36:33     all    6.53    0.00    0.75    0.00    0.00    0.50    0.00    0.00    0.00   92.21
14:36:34     all    6.06    0.00    0.51    0.25    0.00    0.76    0.00    0.00    0.00   92.42
14:36:35     all    6.05    0.00    1.01    0.00    0.00    0.50    0.00    0.00    0.00   92.44
14:36:36     all    6.09    0.00    0.25    0.00    0.00    0.51    0.00    0.00    0.00   93.15
14:36:37     all    6.05    0.00    1.01    0.00    0.00    0.50    0.00    0.00    0.00   92.44
14:36:38     all    6.00    0.00    1.25    0.00    0.00    0.75    0.00    0.00    0.00   92.00
14:36:39     all    6.25    0.00    0.75    0.00    0.00    0.75    0.00    0.00    0.00   92.25
14:36:40     all    5.60    0.00    0.76    0.00    0.00    0.51    0.00    0.00    0.00   93.13
14:36:41     all    6.30    0.00    0.50    0.00    0.00    1.01    0.00    0.00    0.00   92.19
14:36:42     all    6.08    0.00    1.01    0.00    0.00    0.25    0.00    0.00    0.00   92.66
14:36:43     all    5.84    0.00    0.76    0.00    0.00    0.51    0.00    0.00    0.00   92.89
14:36:44     all    6.58    0.00    0.76    0.00    0.00    0.51    0.00    0.00    0.00   92.15
14:36:45     all    5.79    0.00    1.01    0.00    0.00    1.01    0.00    0.00    0.00   92.19
14:36:46     all    6.58    0.00    0.25    0.00    0.00    0.76    0.00    0.00    0.00   92.41
14:36:47     all    6.55    0.00    1.01    0.00    0.00    0.76    0.00    0.00    0.00   91.69
14:36:48     all    5.84    0.00    0.25    0.00    0.00    0.51    0.00    0.00    0.00   93.40
14:36:49     all    5.82    0.00    1.27    0.00    0.00    0.25    0.00    0.00    0.00   92.66
14:36:50     all    5.29    0.00    0.25    0.00    0.00    1.26    0.00    0.00    0.00   93.20
14:36:51     all    5.05    0.00    1.01    0.00    0.00    1.01    0.00    0.00    0.00   92.93
14:36:52     all    5.84    0.00    0.76    0.00    0.00    0.00    0.00    0.00    0.00   93.40
14:36:53     all    6.02    0.00    0.75    0.00    0.00    1.00    0.00    0.00    0.00   92.23
14:36:54     all    5.58    0.00    0.76    0.00    0.00    0.00    0.00    0.00    0.00   93.65
14:36:55     all    5.78    0.00    0.75    0.00    0.00    0.50    0.00    0.00    0.00   92.96
14:36:56     all    5.78    0.00    1.01    0.00    0.00    0.75    0.00    0.00    0.00   92.46
14:36:57     all    5.58    0.00    0.76    0.00    0.00    0.51    0.00    0.00    0.00   93.15
14:36:58     all    4.83    0.00    1.27    0.00    0.00    0.51    0.00    0.00    0.00   93.38
14:36:59     all    6.03    0.00    0.50    0.00    0.00    0.75    0.00    0.00    0.00   92.71
14:37:00     all    5.81    0.00    1.01    0.00    0.00    0.76    0.00    0.00    0.00   92.42
14:37:01     all    6.03    0.00    0.50    0.00    0.00    0.75    0.00    0.00    0.00   92.71
14:37:02     all    6.06    0.00    1.01    0.00    0.00    0.51    0.00    0.00    0.00   92.42
14:37:03     all    6.05    0.00    0.76    0.00    0.00    0.76    0.00    0.00    0.00   92.44
14:37:04     all    5.56    0.00    0.51    0.00    0.00    0.76    0.00    0.00    0.00   93.18
14:37:05     all    6.05    0.00    1.01    0.25    0.00    0.50    0.00    0.00    0.00   92.19
14:37:06     all    5.10    0.00    0.51    0.00    0.00    0.51    0.00    0.00    0.00   93.88
14:37:07     all    5.79    0.00    0.50    0.00    0.00    1.26    0.00    0.00    0.00   92.44
14:37:08     all    5.82    0.00    0.76    0.00    0.00    0.25    0.00    0.00    0.00   93.16
14:37:09     all    6.09    0.00    0.51    0.00    0.00    0.51    0.00    0.00    0.00   92.89
14:37:10     all    6.57    0.00    0.76    0.00    0.00    0.25    0.00    0.00    0.00   92.42
14:37:11     all    6.05    0.00    0.50    0.00    0.00    1.01    0.00    0.00    0.00   92.44
14:37:12     all    6.57    0.00    0.76    0.00    0.00    0.51    0.00    0.00    0.00   92.17
14:37:13     all    5.84    0.00    1.02    0.00    0.00    0.51    0.00    0.00    0.00   92.64
14:37:14     all    5.57    0.00    0.76    0.00    0.00    0.76    0.00    0.00    0.00   92.91
14:37:15     all    6.11    0.00    0.51    0.00    0.00    0.76    0.00    0.00    0.00   92.62
14:37:16     all    6.31    0.00    1.01    0.00    0.00    0.76    0.00    0.00    0.00   91.92
14:37:17     all    7.05    0.00    0.76    0.00    0.00    0.50    0.00    0.00    0.00   91.69
14:37:18     all    7.05    0.00    0.50    0.00    0.00    0.76    0.00    0.00    0.00   91.69
14:37:19     all    6.31    0.00    0.76    0.00    0.00    1.01    0.00    0.00    0.00   91.92
14:37:20     all    6.57    0.00    1.01    0.00    0.00    1.01    0.00    0.00    0.00   91.41
14:37:21     all    6.58    0.00    0.76    0.25    0.00    0.25    0.00    0.00    0.00   92.15
14:37:22     all    6.77    0.00    1.00    0.00    0.00    1.25    0.00    0.00    0.00   90.98
14:37:23     all    6.58    0.00    0.76    0.00    0.00    0.51    0.00    0.00    0.00   92.15
14:37:24     all    6.62    0.00    0.76    0.00    0.00    0.51    0.00    0.00    0.00   92.11
14:37:25     all    6.30    0.00    1.01    0.00    0.00    1.01    0.00    0.00    0.00   91.69
14:37:26     all    6.87    0.00    0.76    0.00    0.00    0.25    0.00    0.00    0.00   92.11
14:37:27     all    6.35    0.00    0.51    0.00    0.00    1.02    0.00    0.00    0.00   92.13
14:37:28     all    6.30    0.00    1.01    0.00    0.00    0.76    0.00    0.00    0.00   91.94
14:37:29     all    6.08    0.00    1.01    0.00    0.00    1.01    0.00    0.00    0.00   91.90
14:37:30     all    6.06    0.00    1.26    0.00    0.00    1.01    0.00    0.00    0.00   91.67
14:37:31     all    6.82    0.00    0.51    0.00    0.00    1.01    0.00    0.00    0.00   91.67
14:37:32     all    6.58    0.00    1.01    0.00    0.00    0.51    0.00    0.00    0.00   91.90
14:37:33     all    6.62    0.00    0.25    0.00    0.00    0.51    0.00    0.00    0.00   92.62
14:37:34     all    6.58    0.00    1.01    0.00    0.00    0.51    0.00    0.00    0.00   91.90
14:37:35     all    6.35    0.00    1.02    0.00    0.00    0.51    0.00    0.00    0.00   92.13
14:37:36     all    7.05    0.00    0.76    0.00    0.00    0.76    0.00    0.00    0.00   91.44
14:37:37     all    6.08    0.00    1.27    0.00    0.00    0.76    0.00    0.00    0.00   91.90
14:37:38     all    6.09    0.00    0.51    0.00    0.00    1.02    0.00    0.00    0.00   92.39
14:37:39     all    6.98    0.00    1.25    0.00    0.00    0.50    0.00    0.00    0.00   91.27
14:37:40     all    6.31    0.00    1.01    0.00    0.00    0.76    0.00    0.00    0.00   91.92
14:37:41     all    5.40    0.00    0.51    0.00    0.00    0.51    0.00    0.00    0.00   93.57
14:37:42     all    6.33    0.00    1.01    0.00    0.00    0.25    0.00    0.00    0.00   92.41
14:37:43     all    6.35    0.00    1.02    0.00    0.00    0.76    0.00    0.00    0.00   91.88
14:37:44     all    6.85    0.00    0.25    0.00    0.00    0.76    0.00    0.00    0.00   92.13
14:37:45     all    6.08    0.00    1.01    0.00    0.00    0.51    0.00    0.00    0.00   92.41
14:37:46     all    7.30    0.00    0.76    0.00    0.00    0.50    0.00    0.00    0.00   91.44
14:37:47     all    6.38    0.00    0.77    0.00    0.00    0.51    0.00    0.00    0.00   92.35
14:37:48     all    6.11    0.00    0.76    0.00    0.00    1.02    0.00    0.00    0.00   92.11
14:37:49     all    6.08    0.00    1.01    0.00    0.00    0.76    0.00    0.00    0.00   92.15
14:37:50     all    6.80    0.00    1.01    0.00    0.00    0.50    0.00    0.00    0.00   91.69
14:37:51     all    5.64    0.00    0.51    0.00    0.00    0.77    0.00    0.00    0.00   93.08
14:37:52     all    6.78    0.00    1.01    0.00    0.00    0.50    0.00    0.00    0.00   91.71
14:37:53     all    6.33    0.00    0.76    0.00    0.00    1.01    0.00    0.00    0.00   91.90
14:37:54     all    6.78    0.00    0.75    0.00    0.00    1.01    0.00    0.00    0.00   91.46
14:37:55     all    6.05    0.00    1.26    0.00    0.00    1.01    0.00    0.00    0.00   91.69
14:37:56     all    6.58    0.00    0.76    0.00    0.00    0.76    0.00    0.00    0.00   91.90
14:37:57     all    6.05    0.00    1.26    0.00    0.00    0.76    0.00    0.00    0.00   91.94
14:37:58     all    6.35    0.00    1.02    0.00    0.00    0.51    0.00    0.00    0.00   92.13
14:37:59     all    7.05    0.00    0.50    0.00    0.00    0.50    0.00    0.00    0.00   91.94
14:38:00     all    6.80    0.00    0.76    0.00    0.00    0.76    0.00    0.00    0.00   91.69
14:38:01     all    5.12    0.00    1.02    0.00    0.00    0.77    0.00    0.00    0.00   93.09
14:38:02     all    6.08    0.00    0.76    0.00    0.00    0.76    0.00    0.00    0.00   92.41
14:38:03     all    6.80    0.00    1.01    0.00    0.00    0.50    0.00    0.00    0.00   91.69
14:38:04     all    5.84    0.00    0.76    0.00    0.00    0.76    0.00    0.00    0.00   92.64
14:38:05     all    6.30    0.00    1.01    0.00    0.00    0.50    0.00    0.00    0.00   92.19
14:38:06     all    6.11    0.00    0.51    0.00    0.00    0.76    0.00    0.00    0.00   92.62
14:38:07     all    6.57    0.00    0.76    0.00    0.00    0.76    0.00    0.00    0.00   91.92
14:38:08     all    6.60    0.00    0.51    0.00    0.00    0.25    0.00    0.00    0.00   92.64
14:38:09     all    6.09    0.00    1.02    0.00    0.00    0.76    0.00    0.00    0.00   92.13
14:38:10     all    6.55    0.00    1.01    0.00    0.00    0.76    0.00    0.00    0.00   91.69
14:38:11     all    5.84    0.00    0.76    0.00    0.00    0.51    0.00    0.00    0.00   92.89
14:38:12     all    5.81    0.00    1.01    0.00    0.00    1.01    0.00    0.00    0.00   92.17
14:38:13     all    6.05    0.00    1.01    0.00    0.00    1.01    0.00    0.00    0.00   91.94
14:38:14     all    6.84    0.00    0.76    0.00    0.00    0.00    0.00    0.00    0.00   92.41
14:38:15     all    6.35    0.00    0.51    0.00    0.00    1.02    0.00    0.00    0.00   92.13
14:38:16     all    6.82    0.00    1.26    0.00    0.00    0.51    0.00    0.00    0.00   91.41
14:38:17     all    6.08    0.00    0.76    0.00    0.00    1.01    0.00    0.00    0.00   92.15
14:38:18     all    6.55    0.00    0.76    0.00    0.00    1.01    0.00    0.00    0.00   91.69
14:38:19     all    6.33    0.00    1.01    0.00    0.00    0.51    0.00    0.00    0.00   92.15
14:38:20     all    6.78    0.00    0.75    0.25    0.00    0.75    0.00    0.00    0.00   91.46
14:38:21     all    5.85    0.00    1.02    0.00    0.00    0.76    0.00    0.00    0.00   92.37
14:38:22     all    6.84    0.00    0.76    0.00    0.00    0.51    0.00    0.00    0.00   91.90
14:38:23     all    6.78    0.00    1.51    0.00    0.00    0.50    0.00    0.00    0.00   91.21
14:38:24     all    6.58    0.00    0.51    0.00    0.00    0.76    0.00    0.00    0.00   92.15
14:38:25     all    7.07    0.00    0.76    0.00    0.00    0.76    0.00    0.00    0.00   91.41
14:38:26     all    6.12    0.00    0.77    0.26    0.00    0.51    0.00    0.00    0.00   92.35
14:38:27     all    6.11    0.00    0.51    0.00    0.00    0.76    0.00    0.00    0.00   92.62
14:38:28     all    6.09    0.00    0.76    0.00    0.00    1.02    0.00    0.00    0.00   92.13
14:38:29     all    6.09    0.00    0.76    0.00    0.00    0.76    0.00    0.00    0.00   92.39
14:38:30     all    6.33    0.00    1.01    0.00    0.00    0.51    0.00    0.00    0.00   92.15
14:38:31     all    6.55    0.00    1.01    0.00    0.00    1.01    0.00    0.00    0.00   91.44
14:38:32     all    6.58    0.00    0.76    0.00    0.00    1.01    0.00    0.00    0.00   91.65
14:38:33     all    6.33    0.00    0.76    0.00    0.00    1.01    0.00    0.00    0.00   91.90
14:38:34     all    6.35    0.00    0.76    0.00    0.00    0.51    0.00    0.00    0.00   92.39
14:38:35     all    6.31    0.00    1.01    0.00    0.00    0.76    0.00    0.00    0.00   91.92
14:38:36     all    6.78    0.00    1.01    0.00    0.00    1.01    0.00    0.00    0.00   91.21
14:38:37     all    5.64    0.00    0.51    0.00    0.00    0.51    0.00    0.00    0.00   93.33
14:38:38     all    6.03    0.00    1.01    0.00    0.00    1.01    0.00    0.00    0.00   91.96
14:38:39     all    7.04    0.00    1.01    0.00    0.00    0.75    0.00    0.00    0.00   91.21
14:38:40     all    6.35    0.00    0.51    0.00    0.00    0.51    0.00    0.00    0.00   92.64
14:38:41     all    6.09    0.00    1.02    0.00    0.00    0.76    0.00    0.00    0.00   92.13
14:38:42     all    5.58    0.00    1.02    0.00    0.00    1.02    0.00    0.00    0.00   92.39
14:38:43     all    6.33    0.00    0.76    0.00    0.00    0.76    0.00    0.00    0.00   92.15
14:38:44     all    6.08    0.00    1.01    0.00    0.00    0.76    0.00    0.00    0.00   92.15
14:38:45     all    6.80    0.00    0.76    0.00    0.00    0.76    0.00    0.00    0.00   91.69
14:38:46     all    6.78    0.00    0.75    0.00    0.00    1.01    0.00    0.00    0.00   91.46
14:38:47     all    6.38    0.00    0.77    0.00    0.00    0.00    0.00    0.00    0.00   92.86
14:38:48     all    6.06    0.00    1.01    0.00    0.00    1.01    0.00    0.00    0.00   91.92
14:38:49     all    6.30    0.00    0.76    0.00    0.00    1.01    0.00    0.00    0.00   91.94
14:38:50     all    6.58    0.00    0.51    0.00    0.00    0.51    0.00    0.00    0.00   92.41
14:38:51     all    6.09    0.00    0.76    0.00    0.00    0.76    0.00    0.00    0.00   92.39
14:38:52     all    6.33    0.00    0.76    0.25    0.00    1.01    0.00    0.00    0.00   91.65
14:38:53     all    5.60    0.00    0.76    0.00    0.00    0.76    0.00    0.00    0.00   92.88
14:38:54     all    6.31    0.00    1.52    0.00    0.00    0.51    0.00    0.00    0.00   91.67
14:38:55     all    7.05    0.00    0.76    0.00    0.00    0.76    0.00    0.00    0.00   91.44
14:38:56     all    5.85    0.00    1.02    0.00    0.00    0.51    0.00    0.00    0.00   92.62
14:38:57     all    6.33    0.00    0.76    0.00    0.00    1.01    0.00    0.00    0.00   91.90
14:38:58     all    6.08    0.00    0.76    0.00    0.00    0.76    0.00    0.00    0.00   92.41
14:38:59     all    6.53    0.00    1.01    0.00    0.00    1.01    0.00    0.00    0.00   91.46
14:39:00     all    6.80    0.00    0.76    0.00    0.00    0.76    0.00    0.00    0.00   91.69
14:39:01     all    5.84    0.00    0.76    0.00    0.00    0.76    0.00    0.00    0.00   92.64
14:39:02     all    6.48    0.00    1.00    0.00    0.00    1.25    0.00    0.00    0.00   91.27
14:39:03     all    6.14    0.00    0.77    0.00    0.00    0.51    0.00    0.00    0.00   92.58
14:39:04     all    6.52    0.00    0.75    0.00    0.00    1.00    0.00    0.00    0.00   91.73
14:39:05     all    6.36    0.00    0.51    0.00    0.00    0.25    0.00    0.00    0.00   92.88
14:39:06     all    6.31    0.00    1.01    0.00    0.00    0.76    0.00    0.00    0.00   91.92
14:39:07     all    6.30    0.00    1.01    0.00    0.00    0.76    0.00    0.00    0.00   91.94
14:39:08     all    6.28    0.00    1.26    0.00    0.00    0.50    0.00    0.00    0.00   91.96
14:39:09     all    6.06    0.00    0.76    0.00    0.00    0.76    0.00    0.00    0.00   92.42
14:39:10     all    5.87    0.00    0.77    0.00    0.00    0.77    0.00    0.00    0.00   92.60
14:39:11     all    6.31    0.00    0.51    0.00    0.00    0.76    0.00    0.00    0.00   92.42
14:39:12     all    6.58    0.00    0.76    0.00    0.00    0.76    0.00    0.00    0.00   91.90
14:39:13     all    5.84    0.00    1.02    0.00    0.00    0.51    0.00    0.00    0.00   92.64
14:39:14     all    6.55    0.00    0.76    0.00    0.00    0.50    0.00    0.00    0.00   92.19
14:39:15     all    6.30    0.00    1.26    0.00    0.00    0.50    0.00    0.00    0.00   91.94
14:39:16     all    6.35    0.00    0.25    0.00    0.00    0.51    0.00    0.00    0.00   92.89
14:39:17     all    5.85    0.00    1.02    0.00    0.00    0.25    0.00    0.00    0.00   92.88
14:39:18     all    6.31    0.00    0.76    0.00    0.00    0.76    0.00    0.00    0.00   92.17
14:39:19     all    5.84    0.00    0.76    0.00    0.00    0.76    0.00    0.00    0.00   92.64
14:39:20     all    6.08    0.00    1.01    0.00    0.00    0.51    0.00    0.00    0.00   92.41
14:39:21     all    6.58    0.00    0.76    0.00    0.00    0.51    0.00    0.00    0.00   92.15
14:39:22     all    6.75    0.00    0.75    0.00    0.00    1.00    0.00    0.00    0.00   91.50
14:39:23     all    6.33    0.00    0.51    0.25    0.00    0.25    0.00    0.00    0.00   92.66
14:39:24     all    6.52    0.00    0.75    0.00    0.00    1.00    0.00    0.00    0.00   91.73
14:39:25     all    6.08    0.00    0.76    0.00    0.00    0.25    0.00    0.00    0.00   92.91
14:39:26     all    6.57    0.00    0.76    0.00    0.00    0.76    0.00    0.00    0.00   91.92
14:39:27     all    5.84    0.00    0.76    0.00    0.00    0.51    0.00    0.00    0.00   92.89
14:39:28     all    5.84    0.00    0.51    0.00    0.00    0.51    0.00    0.00    0.00   93.15
14:39:29     all    5.82    0.00    0.51    0.00    0.00    0.76    0.00    0.00    0.00   92.91
14:39:30     all    5.82    0.00    1.01    0.00    0.00    0.25    0.00    0.00    0.00   92.91
14:39:31     all    6.06    0.00    0.25    0.00    0.00    0.76    0.00    0.00    0.00   92.93
14:39:32     all    6.06    0.00    0.76    0.00    0.00    0.51    0.00    0.00    0.00   92.68
14:39:33     all    5.78    0.00    0.75    0.00    0.00    0.75    0.00    0.00    0.00   92.71
14:39:34     all    5.05    0.00    0.76    0.00    0.00    1.01    0.00    0.00    0.00   93.18
14:39:35     all    5.56    0.00    0.51    0.00    0.00    0.51    0.00    0.00    0.00   93.43
14:39:36     all    5.79    0.00    1.01    0.00    0.00    0.76    0.00    0.00    0.00   92.44
14:39:37     all    6.08    0.00    0.25    0.00    0.00    0.25    0.00    0.00    0.00   93.42
14:39:38     all    5.76    0.00    1.25    0.00    0.00    0.50    0.00    0.00    0.00   92.48
14:39:39     all    5.58    0.00    0.51    0.00    0.00    0.25    0.00    0.00    0.00   93.65
14:39:40     all    5.60    0.00    0.76    0.00    0.00    0.51    0.00    0.00    0.00   93.13
14:39:41     all    5.79    0.00    0.76    0.00    0.00    0.50    0.00    0.00    0.00   92.95
14:39:42     all    5.82    0.00    0.51    0.00    0.00    0.25    0.00    0.00    0.00   93.42
14:39:43     all    5.54    0.00    0.50    0.00    0.00    1.01    0.00    0.00    0.00   92.95
14:39:44     all    6.82    0.00    0.51    0.00    0.00    0.25    0.00    0.00    0.00   92.42
14:39:45     all    6.73    0.00    0.50    0.00    0.00    0.75    0.00    0.00    0.00   92.02
14:39:46     all    5.58    0.00    0.76    0.00    0.00    0.51    0.00    0.00    0.00   93.15
14:39:47     all    5.32    0.00    0.51    0.00    0.00    0.76    0.00    0.00    0.00   93.42
14:39:48     all    5.82    0.00    0.76    0.00    0.00    0.51    0.00    0.00    0.00   92.91
14:39:49     all    5.33    0.00    0.51    0.00    0.00    0.51    0.00    0.00    0.00   93.65
14:39:50     all    6.02    0.00    0.75    0.00    0.00    0.50    0.00    0.00    0.00   92.73
14:39:51     all    6.03    0.00    0.75    0.00    0.00    1.01    0.00    0.00    0.00   92.21
14:39:52     all    5.82    0.00    0.76    0.00    0.00    0.25    0.00    0.00    0.00   93.16
14:39:53     all    6.06    0.00    0.51    0.00    0.00    0.76    0.00    0.00    0.00   92.68
14:39:54     all    6.09    0.00    0.51    0.00    0.00    0.25    0.00    0.00    0.00   93.15
Average:     all    7.97    0.00    0.76    0.01    0.00    0.52    0.00    0.00    0.00   90.75
