Linux 6.8.0-1061-aws (ip-10-42-1-92) 	08/02/26 	_x86_64_	(4 CPU)

20:51:01     CPU    %usr   %nice    %sys %iowait    %irq   %soft  %steal  %guest  %gnice   %idle
20:51:02     all    0.25    0.00    0.51   98.23    0.00    0.00    0.00    0.00    0.00    1.01
20:51:03     all    0.00    0.00    0.25   99.75    0.00    0.00    0.00    0.00    0.00    0.00
20:51:04     all    0.00    0.00    0.75   99.25    0.00    0.00    0.00    0.00    0.00    0.00
20:51:05     all    0.00    0.00    0.25   99.75    0.00    0.00    0.00    0.00    0.00    0.00
20:51:06     all    0.00    0.00    0.50   99.50    0.00    0.00    0.00    0.00    0.00    0.00
20:51:07     all    0.00    0.00    0.00  100.00    0.00    0.00    0.00    0.00    0.00    0.00
20:51:08     all    0.00    0.00    0.00  100.00    0.00    0.00    0.00    0.00    0.00    0.00
20:51:09     all    0.25    0.00    0.00   99.75    0.00    0.00    0.00    0.00    0.00    0.00
20:51:10     all    0.00    0.00    0.25   99.75    0.00    0.00    0.00    0.00    0.00    0.00
20:51:11     all    0.00    0.00    0.50   99.50    0.00    0.00    0.00    0.00    0.00    0.00
20:51:12     all    0.25    0.00    0.00   99.75    0.00    0.00    0.00    0.00    0.00    0.00
20:51:13     all    0.00    0.00    0.50   99.50    0.00    0.00    0.00    0.00    0.00    0.00
20:51:14     all    0.00    0.00    0.00  100.00    0.00    0.00    0.00    0.00    0.00    0.00
20:51:15     all    0.25    0.00    0.50   99.25    0.00    0.00    0.00    0.00    0.00    0.00
20:51:16     all    0.00    0.00    0.00  100.00    0.00    0.00    0.00    0.00    0.00    0.00
20:51:17     all    0.00    0.00    0.50   99.50    0.00    0.00    0.00    0.00    0.00    0.00
20:51:18     all    0.00    0.00    0.50   99.50    0.00    0.00    0.00    0.00    0.00    0.00
20:51:19     all    0.00    0.00    0.00  100.00    0.00    0.00    0.00    0.00    0.00    0.00
20:51:20     all    0.25    0.00    0.75   99.00    0.00    0.00    0.00    0.00    0.00    0.00
20:51:21     all    0.00    0.00    0.00  100.00    0.00    0.00    0.00    0.00    0.00    0.00
20:51:22     all    0.00    0.00    0.00  100.00    0.00    0.00    0.00    0.00    0.00    0.00
20:51:23     all    0.00    0.00    0.25   99.75    0.00    0.00    0.00    0.00    0.00    0.00
20:51:24     all    0.00    0.00    0.50   99.50    0.00    0.00    0.00    0.00    0.00    0.00
20:51:25     all    0.25    0.00    0.00   99.75    0.00    0.00    0.00    0.00    0.00    0.00
20:51:26     all    0.00    0.00    0.50   99.50    0.00    0.00    0.00    0.00    0.00    0.00
20:51:27     all    0.00    0.00    0.00  100.00    0.00    0.00    0.00    0.00    0.00    0.00
20:51:28     all    0.00    0.00    0.75   99.25    0.00    0.00    0.00    0.00    0.00    0.00
20:51:29     all    0.00    0.00    0.00  100.00    0.00    0.00    0.00    0.00    0.00    0.00
20:51:30     all    0.00    0.00    0.51   99.49    0.00    0.00    0.00    0.00    0.00    0.00
20:51:31     all    0.00    0.00    0.25   99.75    0.00    0.00    0.00    0.00    0.00    0.00
20:51:32     all    0.25    0.00    0.50   99.25    0.00    0.00    0.00    0.00    0.00    0.00
20:51:33     all    0.00    0.00    0.00  100.00    0.00    0.00    0.00    0.00    0.00    0.00
20:51:34     all    0.00    0.00    0.50   99.50    0.00    0.00    0.00    0.00    0.00    0.00
20:51:35     all    0.00    0.00    0.50   99.50    0.00    0.00    0.00    0.00    0.00    0.00
20:51:36     all    0.00    0.00    0.00  100.00    0.00    0.00    0.00    0.00    0.00    0.00
20:51:37     all    0.25    0.00    0.25   99.50    0.00    0.00    0.00    0.00    0.00    0.00
20:51:38     all    0.00    0.00    0.50   99.50    0.00    0.00    0.00    0.00    0.00    0.00
20:51:39     all    0.00    0.00    0.25   99.75    0.00    0.00    0.00    0.00    0.00    0.00
20:51:40     all    0.00    0.00    0.00  100.00    0.00    0.00    0.00    0.00    0.00    0.00
20:51:41     all    0.25    0.00    0.25   99.50    0.00    0.00    0.00    0.00    0.00    0.00
20:51:42     all    0.25    0.00    0.50   99.25    0.00    0.00    0.00    0.00    0.00    0.00
20:51:43     all    0.00    0.00    0.50   99.50    0.00    0.00    0.00    0.00    0.00    0.00
20:51:44     all    0.00    0.00    0.00  100.00    0.00    0.00    0.00    0.00    0.00    0.00
20:51:45     all    0.25    0.00    0.00   99.75    0.00    0.00    0.00    0.00    0.00    0.00
20:51:46     all    0.00    0.00    0.75   99.25    0.00    0.00    0.00    0.00    0.00    0.00
20:51:47     all    0.00    0.00    0.00  100.00    0.00    0.00    0.00    0.00    0.00    0.00
20:51:48     all    0.00    0.00    0.00  100.00    0.00    0.00    0.00    0.00    0.00    0.00
20:51:49     all    0.00    0.00    0.25   99.75    0.00    0.00    0.00    0.00    0.00    0.00
20:51:50     all    0.00    0.00    0.75   99.25    0.00    0.00    0.00    0.00    0.00    0.00
20:51:51     all    0.00    0.00    0.00  100.00    0.00    0.00    0.00    0.00    0.00    0.00
20:51:52     all    0.00    0.00    0.25   99.75    0.00    0.00    0.00    0.00    0.00    0.00
20:51:53     all    0.00    0.00    0.00  100.00    0.00    0.00    0.00    0.00    0.00    0.00
20:51:54     all    0.00    0.00    0.25   99.75    0.00    0.00    0.00    0.00    0.00    0.00
20:51:55     all    0.00    0.00    0.25   99.75    0.00    0.00    0.00    0.00    0.00    0.00
20:51:56     all    0.00    0.00    0.25   99.75    0.00    0.00    0.00    0.00    0.00    0.00
20:51:57     all    0.25    0.00    0.25   99.50    0.00    0.00    0.00    0.00    0.00    0.00
20:51:58     all    0.00    0.00    0.00  100.00    0.00    0.00    0.00    0.00    0.00    0.00
20:51:59     all    0.00    0.00    0.00  100.00    0.00    0.00    0.00    0.00    0.00    0.00
20:52:00     all    0.00    0.00    0.50   99.50    0.00    0.00    0.00    0.00    0.00    0.00
20:52:01     all    0.00    0.00    0.25   99.75    0.00    0.00    0.00    0.00    0.00    0.00
20:52:02     all    0.25    0.00    0.25   99.50    0.00    0.00    0.00    0.00    0.00    0.00
20:52:03     all    0.00    0.00    0.50   99.50    0.00    0.00    0.00    0.00    0.00    0.00
20:52:04     all    0.00    0.00    0.00  100.00    0.00    0.00    0.00    0.00    0.00    0.00
20:52:05     all    0.00    0.00    0.00  100.00    0.00    0.00    0.00    0.00    0.00    0.00
20:52:06     all    0.25    0.00    0.50   99.25    0.00    0.00    0.00    0.00    0.00    0.00
20:52:07     all    0.25    0.00    0.25   99.50    0.00    0.00    0.00    0.00    0.00    0.00
20:52:08     all    0.00    0.00    0.25   99.75    0.00    0.00    0.00    0.00    0.00    0.00
20:52:09     all    0.00    0.00    0.25   99.75    0.00    0.00    0.00    0.00    0.00    0.00
20:52:10     all    0.00    0.00    0.25   99.75    0.00    0.00    0.00    0.00    0.00    0.00
20:52:11     all    0.00    0.00    0.50   99.50    0.00    0.00    0.00    0.00    0.00    0.00
20:52:12     all    0.00    0.00    0.25   99.75    0.00    0.00    0.00    0.00    0.00    0.00
20:52:13     all    0.00    0.00    0.00  100.00    0.00    0.00    0.00    0.00    0.00    0.00
20:52:14     all    0.00    0.00    0.00  100.00    0.00    0.00    0.00    0.00    0.00    0.00
20:52:15     all    0.00    0.00    0.75   99.25    0.00    0.00    0.00    0.00    0.00    0.00
20:52:16     all    0.00    0.00    0.25   99.75    0.00    0.00    0.00    0.00    0.00    0.00
20:52:17     all    0.25    0.00    0.00   99.75    0.00    0.00    0.00    0.00    0.00    0.00
20:52:18     all    0.25    0.00    0.50   99.25    0.00    0.00    0.00    0.00    0.00    0.00
20:52:19     all    0.00    0.00    0.00  100.00    0.00    0.00    0.00    0.00    0.00    0.00
20:52:20     all    0.00    0.00    0.50   99.50    0.00    0.00    0.00    0.00    0.00    0.00
20:52:21     all    0.00    0.00    0.25   99.75    0.00    0.00    0.00    0.00    0.00    0.00
20:52:22     all    0.00    0.00    0.50   99.50    0.00    0.00    0.00    0.00    0.00    0.00
20:52:23     all    0.00    0.00    0.25   99.75    0.00    0.00    0.00    0.00    0.00    0.00
20:52:24     all    0.00    0.00    0.00  100.00    0.00    0.00    0.00    0.00    0.00    0.00
20:52:25     all    0.00    0.00    0.25   99.75    0.00    0.00    0.00    0.00    0.00    0.00
20:52:26     all    0.00    0.00    0.50   99.50    0.00    0.00    0.00    0.00    0.00    0.00
20:52:27     all    0.00    0.00    0.25   99.75    0.00    0.00    0.00    0.00    0.00    0.00
20:52:28     all    0.00    0.00    0.00  100.00    0.00    0.00    0.00    0.00    0.00    0.00
20:52:29     all    0.00    0.00    0.50   99.50    0.00    0.00    0.00    0.00    0.00    0.00
20:52:30     all    0.25    0.00    0.00   99.75    0.00    0.00    0.00    0.00    0.00    0.00
20:52:31     all    0.25    0.00    0.50   99.25    0.00    0.00    0.00    0.00    0.00    0.00
20:52:32     all    0.00    0.00    0.50   99.50    0.00    0.00    0.00    0.00    0.00    0.00
20:52:33     all    0.00    0.00    0.00  100.00    0.00    0.00    0.00    0.00    0.00    0.00
20:52:34     all    0.00    0.00    0.50   99.50    0.00    0.00    0.00    0.00    0.00    0.00
20:52:35     all    0.25    0.00    0.00   99.75    0.00    0.00    0.00    0.00    0.00    0.00
20:52:36     all    0.00    0.00    0.50   99.50    0.00    0.00    0.00    0.00    0.00    0.00
20:52:37     all    0.00    0.00    0.00   86.04    0.00    0.00    0.00    0.00    0.00   13.96
20:52:38     all    0.00    0.00    0.50   97.24    0.00    0.00    0.00    0.00    0.00    2.26
20:52:39     all    0.25    0.00    0.25   99.50    0.00    0.00    0.00    0.00    0.00    0.00
20:52:40     all    0.00    0.00    0.76   99.24    0.00    0.00    0.00    0.00    0.00    0.00
20:52:41     all    0.00    0.00    0.25   99.75    0.00    0.00    0.00    0.00    0.00    0.00
20:52:42     all    0.00    0.00    0.00  100.00    0.00    0.00    0.00    0.00    0.00    0.00
20:52:43     all    0.00    0.00    0.50   81.91    0.00    0.00    0.00    0.00    0.00   17.59
20:52:44     all    0.00    0.00    0.25   74.87    0.00    0.00    0.00    0.00    0.00   24.87
20:52:45     all    0.00    0.00    0.25   74.62    0.00    0.00    0.00    0.00    0.00   25.13
20:52:46     all    0.25    0.00    0.25   74.37    0.00    0.00    0.00    0.00    0.00   25.13
20:52:47     all    0.25    0.00    0.25   78.59    0.00    0.00    0.00    0.00    0.00   20.91
20:52:48     all    0.00    0.00    0.00  100.00    0.00    0.00    0.00    0.00    0.00    0.00
20:52:49     all    0.00    0.00    0.75   99.25    0.00    0.00    0.00    0.00    0.00    0.00
20:52:50     all    0.51    0.00    0.00   99.49    0.00    0.00    0.00    0.00    0.00    0.00
20:52:51     all    0.00    0.00    0.50   99.50    0.00    0.00    0.00    0.00    0.00    0.00
20:52:52     all    0.00    0.00    0.25   99.75    0.00    0.00    0.00    0.00    0.00    0.00
20:52:53     all    0.00    0.00    0.25   99.75    0.00    0.00    0.00    0.00    0.00    0.00
20:52:54     all    0.00    0.00    0.50   99.50    0.00    0.00    0.00    0.00    0.00    0.00
20:52:55     all    0.00    0.00    0.00  100.00    0.00    0.00    0.00    0.00    0.00    0.00
20:52:56     all    0.00    0.00    0.25   99.75    0.00    0.00    0.00    0.00    0.00    0.00
20:52:57     all    0.25    0.00    0.50   99.25    0.00    0.00    0.00    0.00    0.00    0.00
20:52:58     all    0.00    0.00    0.25   99.75    0.00    0.00    0.00    0.00    0.00    0.00
20:52:59     all    0.25    0.00    0.00   99.75    0.00    0.00    0.00    0.00    0.00    0.00
20:53:00     all    0.00    0.00    0.25   99.75    0.00    0.00    0.00    0.00    0.00    0.00
20:53:01     all    0.00    0.00    0.51   99.49    0.00    0.00    0.00    0.00    0.00    0.00
20:53:02     all    0.00    0.00    0.00  100.00    0.00    0.00    0.00    0.00    0.00    0.00
20:53:03     all    0.00    0.00    0.00  100.00    0.00    0.00    0.00    0.00    0.00    0.00
20:53:04     all    0.00    0.00    0.75   99.25    0.00    0.00    0.00    0.00    0.00    0.00
20:53:05     all    0.25    0.00    0.25   99.50    0.00    0.00    0.00    0.00    0.00    0.00
20:53:06     all    0.00    0.00    0.25   99.75    0.00    0.00    0.00    0.00    0.00    0.00
20:53:07     all    0.25    0.00    0.50   99.25    0.00    0.00    0.00    0.00    0.00    0.00
20:53:08     all    0.00    0.00    0.25   99.75    0.00    0.00    0.00    0.00    0.00    0.00
20:53:09     all    0.00    0.00    0.25   99.75    0.00    0.00    0.00    0.00    0.00    0.00
20:53:10     all    0.00    0.00    0.50   99.50    0.00    0.00    0.00    0.00    0.00    0.00
20:53:11     all    0.00    0.00    0.00  100.00    0.00    0.00    0.00    0.00    0.00    0.00
20:53:12     all    0.00    0.00    0.25   99.75    0.00    0.00    0.00    0.00    0.00    0.00
20:53:13     all    0.00    0.00    0.00  100.00    0.00    0.00    0.00    0.00    0.00    0.00
20:53:14     all    0.00    0.00    0.75   99.25    0.00    0.00    0.00    0.00    0.00    0.00
20:53:15     all    0.25    0.00    0.25   99.50    0.00    0.00    0.00    0.00    0.00    0.00
20:53:16     all    0.25    0.00    0.75   98.99    0.00    0.00    0.00    0.00    0.00    0.00
20:53:17     all    0.00    0.00    0.25   99.75    0.00    0.00    0.00    0.00    0.00    0.00
20:53:18     all    0.25    0.00    0.00   99.75    0.00    0.00    0.00    0.00    0.00    0.00
20:53:19     all    0.00    0.00    0.00  100.00    0.00    0.00    0.00    0.00    0.00    0.00
20:53:20     all    0.25    0.00    0.50   99.25    0.00    0.00    0.00    0.00    0.00    0.00
20:53:21     all    0.00    0.00    0.25   99.75    0.00    0.00    0.00    0.00    0.00    0.00
20:53:22     all    0.00    0.00    0.00  100.00    0.00    0.00    0.00    0.00    0.00    0.00
20:53:23     all    0.00    0.00    0.75   99.25    0.00    0.00    0.00    0.00    0.00    0.00
20:53:24     all    0.00    0.00    0.25   99.75    0.00    0.00    0.00    0.00    0.00    0.00
20:53:25     all    0.00    0.00    0.50   99.50    0.00    0.00    0.00    0.00    0.00    0.00
20:53:26     all    0.25    0.00    0.00   99.75    0.00    0.00    0.00    0.00    0.00    0.00
20:53:27     all    0.00    0.00    0.25   99.75    0.00    0.00    0.00    0.00    0.00    0.00
20:53:28     all    0.00    0.00    0.00  100.00    0.00    0.00    0.00    0.00    0.00    0.00
20:53:29     all    0.00    0.00    0.50   99.50    0.00    0.00    0.00    0.00    0.00    0.00
20:53:30     all    0.00    0.00    0.00  100.00    0.00    0.00    0.00    0.00    0.00    0.00
20:53:31     all    0.00    0.00    0.50   99.50    0.00    0.00    0.00    0.00    0.00    0.00
20:53:32     all    0.25    0.00    0.25   99.50    0.00    0.00    0.00    0.00    0.00    0.00
20:53:33     all    0.25    0.00    0.25   99.50    0.00    0.00    0.00    0.00    0.00    0.00
20:53:34     all    0.25    0.00    0.50   99.25    0.00    0.00    0.00    0.00    0.00    0.00
20:53:35     all    0.00    0.00    0.00  100.00    0.00    0.00    0.00    0.00    0.00    0.00
20:53:36     all    0.00    0.00    0.50   99.50    0.00    0.00    0.00    0.00    0.00    0.00
20:53:37     all    0.25    0.00    0.50   99.25    0.00    0.00    0.00    0.00    0.00    0.00
20:53:38     all    0.00    0.00    0.50   99.50    0.00    0.00    0.00    0.00    0.00    0.00
20:53:39     all    0.00    0.00    0.25   99.75    0.00    0.00    0.00    0.00    0.00    0.00
20:53:40     all    0.00    0.00    0.00  100.00    0.00    0.00    0.00    0.00    0.00    0.00
20:53:41     all    0.00    0.00    0.25   99.75    0.00    0.00    0.00    0.00    0.00    0.00
20:53:42     all    0.25    0.00    0.25   99.50    0.00    0.00    0.00    0.00    0.00    0.00
20:53:43     all    0.00    0.00    0.25   99.75    0.00    0.00    0.00    0.00    0.00    0.00
20:53:44     all    0.00    0.00    0.25   99.75    0.00    0.00    0.00    0.00    0.00    0.00
20:53:45     all    0.00    0.00    0.25   41.96    0.00    0.00    0.00    0.00    0.00   57.79
20:53:46     all    0.00    0.00    0.00    0.00    0.00    0.00    0.00    0.00    0.00  100.00
20:53:47     all    0.00    0.00    0.00    0.00    0.00    0.00    0.00    0.00    0.00  100.00
20:53:48     all    0.00    0.00    0.00    0.00    0.00    0.00    0.00    0.00    0.00  100.00
20:53:49     all    0.00    0.00    0.00    0.00    0.00    0.00    0.00    0.00    0.00  100.00
20:53:50     all    0.00    0.00    0.00    0.00    0.00    0.00    0.00    0.00    0.00  100.00
20:53:51     all    0.00    0.00    0.00    0.00    0.00    0.00    0.00    0.00    0.00  100.00
20:53:52     all    0.00    0.00    0.00    0.00    0.00    0.00    0.00    0.00    0.00  100.00
20:53:53     all    0.00    0.00    0.00    0.00    0.00    0.00    0.00    0.00    0.00  100.00
20:53:54     all    0.00    0.00    0.00    0.00    0.00    0.00    0.00    0.00    0.00  100.00
