Linux 6.8.0-1061-aws (ip-10-42-1-92) 	08/03/26 	_x86_64_	(4 CPU)

00:11:36     CPU    %usr   %nice    %sys %iowait    %irq   %soft  %steal  %guest  %gnice   %idle
00:11:37     all    3.02    0.00    1.01   95.21    0.00    0.00    0.00    0.00    0.00    0.76
00:11:38     all    1.01    0.00    0.51   98.48    0.00    0.00    0.00    0.00    0.00    0.00
00:11:39     all    0.76    0.00    0.25   98.99    0.00    0.00    0.00    0.00    0.00    0.00
00:11:40     all    1.26    0.00    0.50   98.24    0.00    0.00    0.00    0.00    0.00    0.00
00:11:41     all    1.51    0.00    0.25   98.24    0.00    0.00    0.00    0.00    0.00    0.00
00:11:42     all    1.26    0.00    0.50   98.24    0.00    0.00    0.00    0.00    0.00    0.00
00:11:43     all    1.01    0.00    0.25   98.74    0.00    0.00    0.00    0.00    0.00    0.00
00:11:44     all    1.26    0.00    0.25   98.49    0.00    0.00    0.00    0.00    0.00    0.00
00:11:45     all    1.50    0.00    0.75   97.75    0.00    0.00    0.00    0.00    0.00    0.00
00:11:46     all    0.76    0.00    0.25   98.99    0.00    0.00    0.00    0.00    0.00    0.00
00:11:47     all    1.01    0.00    0.50   98.49    0.00    0.00    0.00    0.00    0.00    0.00
00:11:48     all    0.76    0.00    0.51   98.74    0.00    0.00    0.00    0.00    0.00    0.00
00:11:49     all    1.25    0.00    0.75   96.25    0.00    0.00    0.00    0.00    0.00    1.75
00:11:50     all    1.02    0.00    0.00   73.86    0.00    0.00    0.00    0.00    0.00   25.13
00:11:51     all    0.76    0.00    0.00   73.86    0.00    0.00    0.00    0.00    0.00   25.38
00:11:52     all    2.00    0.00    0.50   72.57    0.00    0.00    0.00    0.00    0.00   24.94
00:11:53     all    1.25    0.00    0.75   74.69    0.00    0.00    0.00    0.00    0.00   23.31
00:11:54     all    0.76    0.00    0.25   98.98    0.00    0.00    0.00    0.00    0.00    0.00
00:11:55     all    1.01    0.00    0.50   98.49    0.00    0.00    0.00    0.00    0.00    0.00
00:11:56     all    0.76    0.00    0.51   98.74    0.00    0.00    0.00    0.00    0.00    0.00
00:11:57     all    1.27    0.00    0.00   98.73    0.00    0.00    0.00    0.00    0.00    0.00
00:11:58     all    1.75    0.00    0.50   97.74    0.00    0.00    0.00    0.00    0.00    0.00
00:11:59     all    0.51    0.00    0.51   98.99    0.00    0.00    0.00    0.00    0.00    0.00
00:12:00     all    0.76    0.00    0.00   99.24    0.00    0.00    0.00    0.00    0.00    0.00
00:12:01     all    0.76    0.00    0.76   98.48    0.00    0.00    0.00    0.00    0.00    0.00
00:12:02     all    1.01    0.00    0.50   98.49    0.00    0.00    0.00    0.00    0.00    0.00
00:12:03     all    1.26    0.00    0.50   98.24    0.00    0.00    0.00    0.00    0.00    0.00
00:12:04     all    1.27    0.00    0.00   98.73    0.00    0.00    0.00    0.00    0.00    0.00
00:12:05     all    1.01    0.00    1.01   59.30    0.00    0.00    0.00    0.00    0.00   38.69
00:12:06     all    0.51    0.00    0.25   30.20    0.00    0.00    0.00    0.00    0.00   69.04
00:12:07     all    0.25    0.00    0.76   29.97    0.00    0.00    0.00    0.00    0.00   69.02
00:12:08     all    1.01    0.00    0.51   28.54    0.00    0.00    0.00    0.00    0.00   69.95
00:12:09     all    0.50    0.00    1.00   28.82    0.00    0.00    0.00    0.00    0.00   69.67
00:12:10     all    0.00    0.00    0.25   27.66    0.00    0.00    0.00    0.00    0.00   72.08
00:12:11     all    0.50    0.00    1.00   27.07    0.00    0.00    0.00    0.00    0.00   71.43
00:12:12     all    0.75    0.00    0.50   25.88    0.00    0.00    0.00    0.00    0.00   72.86
00:12:13     all    0.25    0.00    0.76   24.24    0.00    0.00    0.00    0.00    0.00   74.75
00:12:14     all    0.25    0.00    0.51   24.11    0.00    0.00    0.00    0.00    0.00   75.13
00:12:15     all    0.50    0.00    0.75   24.31    0.00    0.00    0.00    0.00    0.00   74.44
00:12:16     all    0.50    0.00    0.25   24.43    0.00    0.00    0.00    0.00    0.00   74.81
00:12:17     all    0.25    0.00    0.51   24.24    0.00    0.00    0.00    0.00    0.00   75.00
00:12:18     all    0.25    0.00    0.51   24.49    0.00    0.00    0.00    0.00    0.00   74.75
00:12:19     all    0.50    0.00    1.01   24.12    0.00    0.00    0.00    0.00    0.00   74.37
00:12:20     all    0.50    0.00    0.50   24.37    0.00    0.00    0.00    0.00    0.00   74.62
00:12:21     all    0.25    0.00    0.50   24.62    0.00    0.00    0.00    0.00    0.00   74.62
00:12:22     all    0.51    0.00    0.76   23.99    0.00    0.00    0.00    0.00    0.00   74.75
00:12:23     all    0.25    0.00    1.01   24.12    0.00    0.00    0.00    0.00    0.00   74.62
00:12:24     all    0.50    0.00    0.75   24.37    0.00    0.00    0.00    0.00    0.00   74.37
00:12:25     all    0.50    0.00    0.50   24.18    0.00    0.00    0.00    0.00    0.00   74.81
00:12:26     all    0.25    0.00    0.76   24.43    0.00    0.00    0.00    0.00    0.00   74.56
00:12:27     all    0.50    0.00    0.50   24.12    0.00    0.00    0.00    0.00    0.00   74.87
00:12:28     all    0.50    0.00    0.75   24.37    0.00    0.00    0.00    0.00    0.00   74.37
00:12:29     all    0.25    0.00    0.76   24.24    0.00    0.00    0.00    0.00    0.00   74.75
00:12:30     all    0.75    0.00    0.50   23.87    0.00    0.00    0.00    0.00    0.00   74.87
00:12:31     all    0.25    0.00    1.00   24.56    0.00    0.00    0.00    0.00    0.00   74.19
00:12:32     all    0.51    0.00    0.25   24.37    0.00    0.00    0.00    0.00    0.00   74.87
00:12:33     all    0.25    0.00    0.76   24.18    0.00    0.00    0.00    0.00    0.00   74.81
00:12:34     all    0.25    0.00    0.51   24.24    0.00    0.00    0.00    0.00    0.00   75.00
00:12:35     all    1.00    0.00    0.75   23.94    0.00    0.00    0.00    0.00    0.00   74.31
00:12:36     all    0.00    0.00    0.26   24.74    0.00    0.00    0.00    0.00    0.00   75.00
00:12:37     all    0.75    0.00    0.75   24.19    0.00    0.00    0.00    0.00    0.00   74.31
00:12:38     all    0.25    0.00    0.76   24.05    0.00    0.00    0.00    0.00    0.00   74.94
00:12:39     all    0.50    0.00    0.50   24.37    0.00    0.00    0.00    0.00    0.00   74.62
00:12:40     all    0.25    0.00    0.75   24.37    0.00    0.00    0.00    0.00    0.00   74.62
00:12:41     all    0.25    0.00    0.51   24.30    0.00    0.00    0.00    0.00    0.00   74.94
00:12:42     all    0.50    0.00    0.50   24.37    0.00    0.00    0.00    0.00    0.00   74.62
00:12:43     all    0.76    0.00    0.51   23.99    0.00    0.00    0.00    0.00    0.00   74.75
00:12:44     all    0.25    0.00    0.25   24.75    0.00    0.00    0.00    0.00    0.00   74.75
00:12:45     all    0.00    0.00    1.01   24.12    0.00    0.00    0.00    0.00    0.00   74.87
00:12:46     all    1.00    0.00    0.50   24.31    0.00    0.00    0.00    0.00    0.00   74.19
00:12:47     all    0.25    0.00    0.51   24.24    0.00    0.00    0.00    0.00    0.00   75.00
00:12:48     all    0.25    0.00    0.50   24.43    0.00    0.00    0.00    0.00    0.00   74.81
00:12:49     all    0.50    0.00    0.75   24.31    0.00    0.00    0.00    0.00    0.00   74.44
00:12:50     all    0.50    0.00    0.50   24.37    0.00    0.00    0.00    0.00    0.00   74.62
00:12:51     all    0.00    0.00    0.51   24.56    0.00    0.00    0.00    0.00    0.00   74.94
00:12:52     all    0.50    0.00    0.50   24.18    0.00    0.00    0.00    0.00    0.00   74.81
00:12:53     all    0.50    0.00    1.00   24.25    0.00    0.00    0.00    0.00    0.00   74.25
00:12:54     all    0.25    0.00    0.76   24.18    0.00    0.00    0.00    0.00    0.00   74.81
00:12:55     all    0.51    0.00    0.25   24.49    0.00    0.00    0.00    0.00    0.00   74.75
00:12:56     all    0.50    0.00    0.50   24.37    0.00    0.00    0.00    0.00    0.00   74.62
00:12:57     all    0.50    0.00    0.75   24.31    0.00    0.00    0.00    0.00    0.00   74.44
00:12:58     all    0.00    0.00    0.51   24.11    0.00    0.00    0.00    0.00    0.00   75.38
00:12:59     all    0.50    0.00    0.25   24.62    0.00    0.00    0.00    0.00    0.00   74.62
00:13:00     all    0.25    0.00    1.01   24.12    0.00    0.00    0.00    0.00    0.00   74.62
00:13:01     all    0.50    0.00    0.75   24.56    0.00    0.00    0.00    0.00    0.00   74.19
00:13:02     all    0.25    0.00    0.25   24.30    0.00    0.00    0.00    0.00    0.00   75.19
00:13:03     all    0.50    0.00    1.00   24.25    0.00    0.00    0.00    0.00    0.00   74.25
00:13:04     all    0.76    0.00    0.00   24.30    0.00    0.00    0.00    0.00    0.00   74.94
00:13:05     all    0.25    0.00    1.00   24.31    0.00    0.00    0.00    0.00    0.00   74.44
00:13:06     all    0.25    0.00    0.25   24.49    0.00    0.00    0.00    0.00    0.00   75.00
00:13:07     all    0.25    0.00    0.76   24.05    0.00    0.00    0.00    0.00    0.00   74.94
00:13:08     all    0.50    0.00    0.75   24.50    0.00    0.00    0.00    0.00    0.00   74.25
00:13:09     all    0.51    0.00    0.25   24.24    0.00    0.00    0.00    0.00    0.00   75.00
00:13:10     all    0.50    0.00    0.75   24.31    0.00    0.00    0.00    0.00    0.00   74.44
00:13:11     all    0.25    0.00    0.50   24.43    0.00    0.00    0.00    0.00    0.00   74.81
00:13:12     all    0.50    0.00    0.50   24.31    0.00    0.00    0.00    0.00    0.00   74.69
00:13:13     all    0.50    0.00    0.75   24.37    0.00    0.00    0.00    0.00    0.00   74.37
00:13:14     all    0.51    0.00    0.25   24.24    0.00    0.00    0.00    0.00    0.00   75.00
00:13:15     all    0.00    0.00    0.76   24.49    0.00    0.00    0.00    0.00    0.00   74.75
00:13:16     all    0.75    0.00    0.75   24.12    0.00    0.00    0.00    0.00    0.00   74.37
00:13:17     all    0.25    0.00    0.50   24.43    0.00    0.00    0.00    0.00    0.00   74.81
00:13:18     all    0.50    0.00    0.25   24.43    0.00    0.00    0.00    0.00    0.00   74.81
00:13:19     all    0.25    0.00    0.76   24.18    0.00    0.00    0.00    0.00    0.00   74.81
00:13:20     all    0.50    0.00    0.50   24.56    0.00    0.00    0.00    0.00    0.00   74.44
00:13:21     all    0.50    0.00    0.75   23.87    0.00    0.00    0.00    0.00    0.00   74.87
00:13:22     all    0.25    0.00    0.50   24.69    0.00    0.00    0.00    0.00    0.00   74.56
00:13:23     all    0.50    0.00    0.75   24.37    0.00    0.00    0.00    0.00    0.00   74.37
00:13:24     all    0.00    0.00    0.51   24.30    0.00    0.00    0.00    0.00    0.00   75.19
00:13:25     all    1.00    0.00    0.75   24.25    0.00    0.00    0.00    0.00    0.00   74.00
00:13:26     all    0.00    0.00    1.01   24.12    0.00    0.00    0.00    0.00    0.00   74.87
00:13:27     all    0.50    0.00    0.50   24.50    0.00    0.00    0.00    0.00    0.00   74.50
00:13:28     all    0.25    0.00    0.76   24.49    0.00    0.00    0.00    0.00    0.00   74.49
00:13:29     all    0.25    0.00    0.25   24.49    0.00    0.00    0.00    0.00    0.00   75.00
00:13:30     all    0.51    0.00    0.76   23.99    0.00    0.00    0.00    0.00    0.00   74.75
00:13:31     all    0.50    0.00    0.50   24.37    0.00    0.00    0.00    0.00    0.00   74.62
00:13:32     all    0.25    0.00    0.50   24.37    0.00    0.00    0.00    0.00    0.00   74.87
00:13:33     all    0.25    0.00    0.25   24.56    0.00    0.00    0.00    0.00    0.00   74.94
00:13:34     all    0.75    0.00    0.75   24.00    0.00    0.00    0.00    0.00    0.00   74.50
00:13:35     all    0.25    0.00    0.51   24.49    0.00    0.00    0.00    0.00    0.00   74.75
00:13:36     all    0.25    0.00    0.75   24.50    0.00    0.00    0.00    0.00    0.00   74.50
00:13:37     all    0.51    0.00    0.25   24.11    0.00    0.00    0.00    0.00    0.00   75.13
00:13:38     all    0.25    0.00    1.00   24.50    0.00    0.00    0.00    0.00    0.00   74.25
00:13:39     all    0.50    0.00    0.25   24.43    0.00    0.00    0.00    0.00    0.00   74.81
00:13:40     all    0.50    0.00    0.75   24.12    0.00    0.00    0.00    0.00    0.00   74.62
00:13:41     all    0.75    0.00    1.24   24.38    0.00    0.00    0.00    0.00    0.00   73.63
00:13:42     all    0.51    0.00    0.00   24.30    0.00    0.00    0.00    0.00    0.00   75.19
00:13:43     all    0.25    0.00    1.00   24.25    0.00    0.00    0.00    0.00    0.00   74.50
00:13:44     all    0.25    0.00    0.25   24.75    0.00    0.00    0.00    0.00    0.00   74.75
00:13:45     all    0.25    0.00    1.01   23.93    0.00    0.00    0.00    0.00    0.00   74.81
00:13:46     all    0.75    0.00    0.75   24.44    0.00    0.00    0.00    0.00    0.00   74.06
00:13:47     all    0.25    0.00    0.25   24.37    0.00    0.00    0.00    0.00    0.00   75.13
00:13:48     all    0.00    0.00    0.75   24.56    0.00    0.00    0.00    0.00    0.00   74.69
00:13:49     all    0.75    0.00    0.75   24.25    0.00    0.00    0.00    0.00    0.00   74.25
00:13:50     all    0.25    0.00    0.51   24.24    0.00    0.00    0.00    0.00    0.00   75.00
00:13:51     all    0.50    0.00    0.50   24.37    0.00    0.00    0.00    0.00    0.00   74.62
00:13:52     all    0.25    0.00    0.51   24.56    0.00    0.00    0.00    0.00    0.00   74.68
00:13:53     all    0.50    0.00    0.75   24.38    0.00    0.00    0.00    0.00    0.00   74.38
00:13:54     all    0.51    0.00    0.25   24.24    0.00    0.00    0.00    0.00    0.00   75.00
00:13:55     all    0.00    0.00    0.51   24.56    0.00    0.00    0.00    0.00    0.00   74.94
00:13:56     all    0.25    0.00    0.51   24.24    0.00    0.00    0.00    0.00    0.00   75.00
00:13:57     all    0.75    0.00    0.25   24.37    0.00    0.00    0.00    0.00    0.00   74.62
00:13:58     all    0.25    0.00    0.76   24.43    0.00    0.00    0.00    0.00    0.00   74.56
00:13:59     all    0.00    0.00    0.51   24.49    0.00    0.00    0.00    0.00    0.00   75.00
00:14:00     all    0.75    0.00    0.50   24.25    0.00    0.00    0.00    0.00    0.00   74.50
00:14:01     all    0.25    0.00    0.76   24.43    0.00    0.00    0.00    0.00    0.00   74.56
00:14:02     all    0.51    0.00    0.51   24.24    0.00    0.00    0.00    0.00    0.00   74.75
00:14:03     all    0.50    0.00    1.00   24.25    0.00    0.00    0.00    0.00    0.00   74.25
00:14:04     all    0.25    0.00    0.25   24.43    0.00    0.00    0.00    0.00    0.00   75.06
00:14:05     all    0.50    0.00    0.76   24.18    0.00    0.00    0.00    0.00    0.00   74.56
00:14:06     all    0.75    0.00    0.75   24.38    0.00    0.00    0.00    0.00    0.00   74.13
00:14:07     all    0.25    0.00    0.25   24.56    0.00    0.00    0.00    0.00    0.00   74.94
00:14:08     all    0.25    0.00    0.25   24.11    0.00    0.00    0.00    0.00    0.00   75.38
00:14:09     all    0.50    0.00    0.50   24.43    0.00    0.00    0.00    0.00    0.00   74.56
00:14:10     all    0.25    0.00    0.50   24.18    0.00    0.00    0.00    0.00    0.00   75.06
00:14:11     all    0.25    0.00    0.50   24.62    0.00    0.00    0.00    0.00    0.00   74.62
00:14:12     all    0.75    0.00    0.75   24.31    0.00    0.00    0.00    0.00    0.00   74.19
00:14:13     all    0.00    0.00    0.76   24.24    0.00    0.00    0.00    0.00    0.00   75.00
00:14:14     all    0.50    0.00    0.25   24.43    0.00    0.00    0.00    0.00    0.00   74.81
00:14:15     all    0.25    0.00    0.25   24.43    0.00    0.00    0.00    0.00    0.00   75.06
00:14:16     all    0.75    0.00    0.75   24.12    0.00    0.00    0.00    0.00    0.00   74.37
00:14:17     all    0.25    0.00    0.25   24.75    0.00    0.00    0.00    0.00    0.00   74.75
00:14:18     all    0.25    0.00    0.76   24.18    0.00    0.00    0.00    0.00    0.00   74.81
00:14:19     all    0.25    0.00    0.50   24.37    0.00    0.00    0.00    0.00    0.00   74.87
00:14:20     all    0.51    0.00    0.51   24.24    0.00    0.00    0.00    0.00    0.00   74.75
00:14:21     all    0.25    0.00    0.25   24.75    0.00    0.00    0.00    0.00    0.00   74.75
00:14:22     all    0.50    0.00    0.75   24.25    0.00    0.00    0.00    0.00    0.00   74.50
00:14:23     all    0.50    0.00    0.75   24.06    0.00    0.00    0.00    0.00    0.00   74.69
00:14:24     all    0.25    0.00    0.25   24.75    0.00    0.00    0.00    0.00    0.00   74.75
00:14:25     all    0.50    0.00    0.75   24.12    0.00    0.00    0.00    0.00    0.00   74.62
00:14:26     all    0.50    0.00    1.00   24.19    0.00    0.00    0.00    0.00    0.00   74.31
00:14:27     all    0.25    0.00    0.76   24.43    0.00    0.00    0.00    0.00    0.00   74.56
00:14:28     all    0.76    0.00    0.25   24.43    0.00    0.00    0.00    0.00    0.00   74.56
00:14:29     all    0.50    0.00    0.75   24.37    0.00    0.00    0.00    0.00    0.00   74.37
00:14:30     all    0.25    0.00    0.75   24.12    0.00    0.00    0.00    0.00    0.00   74.87
00:14:31     all    0.51    0.00    0.25   24.30    0.00    0.00    0.00    0.00    0.00   74.94
00:14:32     all    0.50    0.00    0.75   24.50    0.00    0.00    0.00    0.00    0.00   74.25
00:14:33     all    0.25    0.00    0.50   24.37    0.00    0.00    0.00    0.00    0.00   74.87
00:14:34     all    0.25    0.00    1.01   24.12    0.00    0.00    0.00    0.00    0.00   74.62
00:14:35     all    0.51    0.00    0.25   24.24    0.00    0.00    0.00    0.00    0.00   75.00
00:14:36     all    0.25    0.00    0.76   24.43    0.00    0.00    0.00    0.00    0.00   74.56
00:14:37     all    0.75    0.00    0.50   24.31    0.00    0.00    0.00    0.00    0.00   74.44
00:14:38     all    0.00    0.00    0.51   24.37    0.00    0.00    0.00    0.00    0.00   75.13
00:14:39     all    0.50    0.00    0.50   24.18    0.00    0.00    0.00    0.00    0.00   74.81
00:14:40     all    0.25    0.00    0.50   24.37    0.00    0.00    0.00    0.00    0.00   74.87
00:14:41     all    0.75    0.00    0.75   24.31    0.00    0.00    0.00    0.00    0.00   74.19
00:14:42     all    0.50    0.00    0.75   24.31    0.00    0.00    0.00    0.00    0.00   74.44
00:14:43     all    0.25    0.00    0.25   24.30    0.00    0.00    0.00    0.00    0.00   75.19
00:14:44     all    0.75    0.00    1.00   24.25    0.00    0.00    0.00    0.00    0.00   74.00
00:14:45     all    0.51    0.00    0.76   23.99    0.00    0.00    0.00    0.00    0.00   74.75
00:14:46     all    0.50    0.00    1.01   23.87    0.00    0.00    0.00    0.00    0.00   74.62
00:14:47     all    0.25    0.00    0.75   24.62    0.00    0.00    0.00    0.00    0.00   74.37
00:14:48     all    0.51    0.00    0.51   23.92    0.00    0.00    0.00    0.00    0.00   75.06
00:14:49     all    0.75    0.00    0.75   24.25    0.00    0.00    0.00    0.00    0.00   74.25
00:14:50     all    0.00    0.00    1.26   23.74    0.00    0.00    0.00    0.00    0.00   75.00
00:14:51     all    0.76    0.00    0.00   24.49    0.00    0.00    0.00    0.00    0.00   74.75
00:14:52     all    0.51    0.00    0.76   23.99    0.00    0.00    0.00    0.00    0.00   74.75
00:14:53     all    0.25    0.00    1.00   24.50    0.00    0.00    0.00    0.00    0.00   74.25
00:14:54     all    0.76    0.00    0.25   24.18    0.00    0.00    0.00    0.00    0.00   74.81
00:14:55     all    0.25    0.00    0.75   24.56    0.00    0.00    0.00    0.00    0.00   74.44
00:14:56     all    1.00    0.00    0.75   24.00    0.00    0.00    0.00    0.00    0.00   74.25
00:14:57     all    0.00    0.00    0.25   24.43    0.00    0.00    0.00    0.00    0.00   75.32
00:14:58     all    0.00    0.00    0.76   24.24    0.00    0.00    0.00    0.00    0.00   75.00
00:14:59     all    0.99    0.00    0.99   24.32    0.00    0.00    0.00    0.00    0.00   73.70
00:15:00     all    0.00    0.00    0.00   24.16    0.00    0.00    0.00    0.00    0.00   75.84
00:15:01     all    0.99    0.00    0.99   24.32    0.00    0.00    0.00    0.00    0.00   73.70
00:15:02     all    0.00    0.00    1.01   24.24    0.00    0.00    0.00    0.00    0.00   74.75
00:15:03     all    0.75    0.00    0.25   24.62    0.00    0.00    0.00    0.00    0.00   74.37
00:15:04     all    0.50    0.00    0.76   24.18    0.00    0.00    0.00    0.00    0.00   74.56
00:15:05     all    0.50    0.00    1.00   24.25    0.00    0.00    0.00    0.00    0.00   74.25
00:15:06     all    0.75    0.00    0.75   24.25    0.00    0.00    0.00    0.00    0.00   74.25
00:15:07     all    0.51    0.00    0.76   24.24    0.00    0.00    0.00    0.00    0.00   74.49
00:15:08     all    0.50    0.00    0.50   24.37    0.00    0.00    0.00    0.00    0.00   74.62
00:15:09     all    0.00    0.00    1.00   24.31    0.00    0.00    0.00    0.00    0.00   74.69
00:15:10     all    0.76    0.00    0.00   24.30    0.00    0.00    0.00    0.00    0.00   74.94
00:15:11     all    0.25    0.00    0.50   24.69    0.00    0.00    0.00    0.00    0.00   74.56
00:15:12     all    0.50    0.00    0.50   24.12    0.00    0.00    0.00    0.00    0.00   74.87
00:15:13     all    0.25    0.00    0.51   24.24    0.00    0.00    0.00    0.00    0.00   75.00
00:15:14     all    0.50    0.00    1.25   24.31    0.00    0.00    0.00    0.00    0.00   73.93
00:15:15     all    0.25    0.00    0.25   24.43    0.00    0.00    0.00    0.00    0.00   75.06
00:15:16     all    0.25    0.00    0.76   23.99    0.00    0.00    0.00    0.00    0.00   75.00
00:15:17     all    0.75    0.00    0.75   24.50    0.00    0.00    0.00    0.00    0.00   74.00
00:15:18     all    0.25    0.00    0.51   24.49    0.00    0.00    0.00    0.00    0.00   74.75
00:15:19     all    0.25    0.00    0.75   24.31    0.00    0.00    0.00    0.00    0.00   74.69
00:15:20     all    0.51    0.00    0.25   24.24    0.00    0.00    0.00    0.00    0.00   75.00
00:15:21     all    0.50    0.00    1.00   24.31    0.00    0.00    0.00    0.00    0.00   74.19
00:15:22     all    0.25    0.00    0.50   24.37    0.00    0.00    0.00    0.00    0.00   74.87
00:15:23     all    0.75    0.00    1.00   24.38    0.00    0.00    0.00    0.00    0.00   73.88
00:15:24     all    0.25    0.00    0.51   24.24    0.00    0.00    0.00    0.00    0.00   75.00
00:15:25     all    0.51    0.00    0.25   24.30    0.00    0.00    0.00    0.00    0.00   74.94
00:15:26     all    0.50    0.00    0.75   24.25    0.00    0.00    0.00    0.00    0.00   74.50
00:15:27     all    0.50    0.00    0.75   24.37    0.00    0.00    0.00    0.00    0.00   74.37
00:15:28     all    0.25    0.00    0.76   24.49    0.00    0.00    0.00    0.00    0.00   74.49
00:15:29     all    0.50    0.00    0.25   24.31    0.00    0.00    0.00    0.00    0.00   74.94
00:15:30     all    0.25    0.00    0.51   24.49    0.00    0.00    0.00    0.00    0.00   74.75
00:15:31     all    0.50    0.00    0.50   24.31    0.00    0.00    0.00    0.00    0.00   74.69
00:15:32     all    0.25    0.00    0.51   24.24    0.00    0.00    0.00    0.00    0.00   75.00
00:15:33     all    0.50    0.00    0.50   24.62    0.00    0.00    0.00    0.00    0.00   74.37
00:15:34     all    0.50    0.00    0.75   23.87    0.00    0.00    0.00    0.00    0.00   74.87
00:15:35     all    0.50    0.00    0.25   24.87    0.00    0.00    0.00    0.00    0.00   74.37
00:15:36     all    0.00    0.00    1.01   24.37    0.00    0.00    0.00    0.00    0.00   74.62
00:15:37     all    0.75    0.00    0.50   24.12    0.00    0.00    0.00    0.00    0.00   74.62
00:15:38     all    0.00    0.00    0.51   24.49    0.00    0.00    0.00    0.00    0.00   75.00
00:15:39     all    0.75    0.00    0.50   24.31    0.00    0.00    0.00    0.00    0.00   74.44
00:15:40     all    0.50    0.00    0.75   24.12    0.00    0.00    0.00    0.00    0.00   74.62
00:15:41     all    0.25    0.00    0.51   24.30    0.00    0.00    0.00    0.00    0.00   74.94
00:15:42     all    0.75    0.00    0.50   24.56    0.00    0.00    0.00    0.00    0.00   74.19
00:15:43     all    0.25    0.00    1.01   24.12    0.00    0.00    0.00    0.00    0.00   74.62
00:15:44     all    0.50    0.00    0.25   24.43    0.00    0.00    0.00    0.00    0.00   74.81
00:15:45     all    0.25    0.00    1.00   24.50    0.00    0.00    0.00    0.00    0.00   74.25
00:15:46     all    0.75    0.00    0.75   23.87    0.00    0.00    0.00    0.00    0.00   74.62
00:15:47     all    0.25    0.00    0.50   24.56    0.00    0.00    0.00    0.00    0.00   74.69
00:15:48     all    0.51    0.00    0.51   23.99    0.00    0.00    0.00    0.00    0.00   75.00
00:15:49     all    0.25    0.00    0.51   24.75    0.00    0.00    0.00    0.00    0.00   74.49
00:15:50     all    0.25    0.00    0.00   24.49    0.00    0.00    0.00    0.00    0.00   75.25
00:15:51     all    0.50    0.00    0.75   24.31    0.00    0.00    0.00    0.00    0.00   74.44
00:15:52     all    0.51    0.00    0.00   24.56    0.00    0.00    0.00    0.00    0.00   74.94
00:15:53     all    0.75    0.00    1.00   24.19    0.00    0.00    0.00    0.00    0.00   74.06
00:15:54     all    0.00    0.00    0.51   24.49    0.00    0.00    0.00    0.00    0.00   75.00
00:15:55     all    0.50    0.00    1.00   24.00    0.00    0.00    0.00    0.00    0.00   74.50
00:15:56     all    0.50    0.00    0.00   24.94    0.00    0.00    0.00    0.00    0.00   74.56
00:15:57     all    0.25    0.00    0.76   24.18    0.00    0.00    0.00    0.00    0.00   74.81
00:15:58     all    0.50    0.00    0.50   24.37    0.00    0.00    0.00    0.00    0.00   74.62
00:15:59     all    0.50    0.00    0.75   24.37    0.00    0.00    0.00    0.00    0.00   74.37
00:16:00     all    0.00    0.00    0.00   24.56    0.00    0.00    0.00    0.00    0.00   75.44
00:16:01     all    0.50    0.00    1.00   24.06    0.00    0.00    0.00    0.00    0.00   74.44
00:16:02     all    0.51    0.00    0.76   24.24    0.00    0.00    0.00    0.00    0.00   74.49
00:16:03     all    0.50    0.00    0.75   24.31    0.00    0.00    0.00    0.00    0.00   74.44
00:16:04     all    0.50    0.00    0.50   24.56    0.00    0.00    0.00    0.00    0.00   74.44
00:16:05     all    0.25    0.00    1.01   23.87    0.00    0.00    0.00    0.00    0.00   74.87
00:16:06     all    0.75    0.00    0.25   24.31    0.00    0.00    0.00    0.00    0.00   74.69
00:16:07     all    0.00    0.00    1.00   24.81    0.00    0.00    0.00    0.00    0.00   74.19
00:16:08     all    0.25    0.00    0.51   24.11    0.00    0.00    0.00    0.00    0.00   75.13
00:16:09     all    0.25    0.00    0.50   24.43    0.00    0.00    0.00    0.00    0.00   74.81
00:16:10     all    0.50    0.00    1.00   24.06    0.00    0.00    0.00    0.00    0.00   74.44
00:16:11     all    0.25    0.00    0.50   24.69    0.00    0.00    0.00    0.00    0.00   74.56
00:16:12     all    0.75    0.00    0.50   24.25    0.00    0.00    0.00    0.00    0.00   74.50
00:16:13     all    0.25    0.00    0.51   24.37    0.00    0.00    0.00    0.00    0.00   74.87
00:16:14     all    0.50    0.00    0.50   24.37    0.00    0.00    0.00    0.00    0.00   74.62
00:16:15     all    0.50    0.00    0.50   24.12    0.00    0.00    0.00    0.00    0.00   74.87
00:16:16     all    0.25    0.00    0.75   24.56    0.00    0.00    0.00    0.00    0.00   74.44
00:16:17     all    0.50    0.00    1.01   23.87    0.00    0.00    0.00    0.00    0.00   74.62
00:16:18     all    0.75    0.00    0.50   24.56    0.00    0.00    0.00    0.00    0.00   74.19
00:16:19     all    0.50    0.00    0.50   24.56    0.00    0.00    0.00    0.00    0.00   74.44
00:16:20     all    0.50    0.00    0.76   23.93    0.00    0.00    0.00    0.00    0.00   74.81
00:16:21     all    0.25    0.00    0.00   24.75    0.00    0.00    0.00    0.00    0.00   75.00
00:16:22     all    0.50    0.00    1.01   23.87    0.00    0.00    0.00    0.00    0.00   74.62
00:16:23     all    0.75    0.00    0.75   24.50    0.00    0.00    0.00    0.00    0.00   74.00
00:16:24     all    0.51    0.00    0.51   23.99    0.00    0.00    0.00    0.00    0.00   75.00
00:16:25     all    0.00    0.00    0.51   24.49    0.00    0.00    0.00    0.00    0.00   75.00
00:16:26     all    0.75    0.00    1.01   23.87    0.00    0.00    0.00    0.00    0.00   74.37
00:16:27     all    0.50    0.00    0.50   24.43    0.00    0.00    0.00    0.00    0.00   74.56
00:16:28     all    0.50    0.00    0.75   24.31    0.00    0.00    0.00    0.00    0.00   74.44
00:16:29     all    1.00    0.00    0.75   24.00    0.00    0.00    0.00    0.00    0.00   74.25
00:16:30     all    0.25    0.00    0.76   24.24    0.00    0.00    0.00    0.00    0.00   74.75
00:16:31     all    0.75    0.00    0.50   24.12    0.00    0.00    0.00    0.00    0.00   74.62
00:16:32     all    0.25    0.00    1.51   23.93    0.00    0.00    0.00    0.00    0.00   74.31
00:16:33     all    0.75    0.00    0.75   24.44    0.00    0.00    0.00    0.00    0.00   74.06
00:16:34     all    0.75    0.00    0.50   24.25    0.00    0.00    0.00    0.00    0.00   74.50
00:16:35     all    0.00    0.00    0.76   24.11    0.00    0.00    0.00    0.00    0.00   75.13
00:16:36     all    0.75    0.00    0.75   24.44    0.00    0.00    0.00    0.00    0.00   74.06
00:16:37     all    0.25    0.00    0.00   24.30    0.00    0.00    0.00    0.00    0.00   75.44
00:16:38     all    0.50    0.00    1.26   24.12    0.00    0.00    0.00    0.00    0.00   74.12
00:16:39     all    0.50    0.00    0.75   24.44    0.00    0.00    0.00    0.00    0.00   74.31
00:16:40     all    0.50    0.00    0.50   24.31    0.00    0.00    0.00    0.00    0.00   74.69
00:16:41     all    0.50    0.00    0.76   24.18    0.00    0.00    0.00    0.00    0.00   74.56
00:16:42     all    0.00    0.00    1.01   24.62    0.00    0.00    0.00    0.00    0.00   74.37
00:16:43     all    0.25    0.00    0.00   24.37    0.00    0.00    0.00    0.00    0.00   75.38
00:16:44     all    0.50    0.00    0.25   24.43    0.00    0.00    0.00    0.00    0.00   74.81
00:16:45     all    0.25    0.00    0.76   24.18    0.00    0.00    0.00    0.00    0.00   74.81
00:16:46     all    0.50    0.00    0.50   24.62    0.00    0.00    0.00    0.00    0.00   74.37
00:16:47     all    0.25    0.00    1.00   24.06    0.00    0.00    0.00    0.00    0.00   74.69
00:16:48     all    0.51    0.00    0.00   24.49    0.00    0.00    0.00    0.00    0.00   75.00
00:16:49     all    0.75    0.00    1.00   24.25    0.00    0.00    0.00    0.00    0.00   74.00
00:16:50     all    0.00    0.00    0.25   24.37    0.00    0.00    0.00    0.00    0.00   75.38
00:16:51     all    0.25    0.00    0.75   24.37    0.00    0.00    0.00    0.00    0.00   74.62
00:16:52     all    0.76    0.00    0.50   24.18    0.00    0.00    0.00    0.00    0.00   74.56
00:16:53     all    0.50    0.00    0.75   24.44    0.00    0.00    0.00    0.00    0.00   74.31
00:16:54     all    0.75    0.00    0.25   24.56    0.00    0.00    0.00    0.00    0.00   74.44
00:16:55     all    0.25    0.00    1.01   24.18    0.00    0.00    0.00    0.00    0.00   74.56
00:16:56     all    0.25    0.00    0.76   24.18    0.00    0.00    0.00    0.00    0.00   74.81
00:16:57     all    0.75    0.00    0.50   24.31    0.00    0.00    0.00    0.00    0.00   74.44
00:16:58     all    0.00    0.00    0.50   24.43    0.00    0.00    0.00    0.00    0.00   75.06
00:16:59     all    0.75    0.00    1.00   24.06    0.00    0.00    0.00    0.00    0.00   74.19
00:17:00     all    0.50    0.00    0.25   24.69    0.00    0.00    0.00    0.00    0.00   74.56
00:17:01     all    0.51    0.00    0.51   23.99    0.00    0.00    0.00    0.00    0.00   75.00
00:17:02     all    0.25    0.00    1.25   24.31    0.00    0.00    0.00    0.00    0.00   74.19
00:17:03     all    0.25    0.00    0.51   24.30    0.00    0.00    0.00    0.00    0.00   74.94
00:17:04     all    0.51    0.00    0.51   24.24    0.00    0.00    0.00    0.00    0.00   74.75
00:17:05     all    0.00    0.00    0.50   24.43    0.00    0.00    0.00    0.00    0.00   75.06
00:17:06     all    1.00    0.00    0.50   24.44    0.00    0.00    0.00    0.00    0.00   74.06
00:17:07     all    0.00    0.00    1.01   24.37    0.00    0.00    0.00    0.00    0.00   74.62
00:17:08     all    0.50    0.00    0.75   24.12    0.00    0.00    0.00    0.00    0.00   74.62
00:17:09     all    0.00    0.00    0.51   24.75    0.00    0.00    0.00    0.00    0.00   74.75
00:17:10     all    0.75    0.00    0.25   24.31    0.00    0.00    0.00    0.00    0.00   74.69
00:17:11     all    0.00    0.00    0.51   24.23    0.00    0.00    0.00    0.00    0.00   75.26
00:17:12     all    0.50    0.00    0.50   24.31    0.00    0.00    0.00    0.00    0.00   74.69
00:17:13     all    0.50    0.00    0.50   24.62    0.00    0.00    0.00    0.00    0.00   74.37
00:17:14     all    0.25    0.00    0.25   24.56    0.00    0.00    0.00    0.00    0.00   74.94
00:17:15     all    0.50    0.00    0.50   24.12    0.00    0.00    0.00    0.00    0.00   74.87
00:17:16     all    0.50    0.00    1.00   24.25    0.00    0.00    0.00    0.00    0.00   74.25
00:17:17     all    0.00    0.00    0.25   24.56    0.00    0.00    0.00    0.00    0.00   75.19
00:17:18     all    1.00    0.00    0.75   24.00    0.00    0.00    0.00    0.00    0.00   74.25
00:17:19     all    0.00    0.00    0.25   24.56    0.00    0.00    0.00    0.00    0.00   75.19
00:17:20     all    0.50    0.00    0.75   24.37    0.00    0.00    0.00    0.00    0.00   74.37
00:17:21     all    0.25    0.00    0.25   24.43    0.00    0.00    0.00    0.00    0.00   75.06
00:17:22     all    0.25    0.00    0.76   24.49    0.00    0.00    0.00    0.00    0.00   74.49
00:17:23     all    0.51    0.00    0.25   24.24    0.00    0.00    0.00    0.00    0.00   75.00
00:17:24     all    0.25    0.00    1.01   24.12    0.00    0.00    0.00    0.00    0.00   74.62
00:17:25     all    0.50    0.00    0.50   24.37    0.00    0.00    0.00    0.00    0.00   74.62
00:17:26     all    0.75    0.00    0.50   24.31    0.00    0.00    0.00    0.00    0.00   74.44
00:17:27     all    0.25    0.00    0.25   24.11    0.00    0.00    0.00    0.00    0.00   75.38
00:17:28     all    0.75    0.00    1.00   24.25    0.00    0.00    0.00    0.00    0.00   74.00
00:17:29     all    0.25    0.00    0.50   24.62    0.00    0.00    0.00    0.00    0.00   74.62
00:17:30     all    0.00    0.00    0.51   24.17    0.00    0.00    0.00    0.00    0.00   75.32
00:17:31     all    0.50    0.00    0.50   24.31    0.00    0.00    0.00    0.00    0.00   74.69
00:17:32     all    0.25    0.00    0.51   24.49    0.00    0.00    0.00    0.00    0.00   74.75
00:17:33     all    0.75    0.00    0.75   24.12    0.00    0.00    0.00    0.00    0.00   74.37
00:17:34     all    0.25    0.00    0.50   24.37    0.00    0.00    0.00    0.00    0.00   74.87
00:17:35     all    0.50    0.00    1.00   24.31    0.00    0.00    0.00    0.00    0.00   74.19
00:17:36     all    0.25    0.00    0.00   24.56    0.00    0.00    0.00    0.00    0.00   75.19
00:17:37     all    0.50    0.00    1.00   24.06    0.00    0.00    0.00    0.00    0.00   74.44
00:17:38     all    0.50    0.00    0.25   24.37    0.00    0.00    0.00    0.00    0.00   74.87
00:17:39     all    0.25    0.00    0.51   24.49    0.00    0.00    0.00    0.00    0.00   74.75
00:17:40     all    0.25    0.00    1.00   24.31    0.00    0.00    0.00    0.00    0.00   74.44
00:17:41     all    0.51    0.00    0.25   24.56    0.00    0.00    0.00    0.00    0.00   74.68
00:17:42     all    0.50    0.00    0.75   24.12    0.00    0.00    0.00    0.00    0.00   74.62
00:17:43     all    0.00    0.00    1.01   24.05    0.00    0.00    0.00    0.00    0.00   74.94
00:17:44     all    0.50    0.00    0.50   24.12    0.00    0.00    0.00    0.00    0.00   74.87
00:17:45     all    0.50    0.00    0.50   24.56    0.00    0.00    0.00    0.00    0.00   74.44
00:17:46     all    0.50    0.00    0.75   24.25    0.00    0.00    0.00    0.00    0.00   74.50
00:17:47     all    0.25    0.00    0.51   24.49    0.00    0.00    0.00    0.00    0.00   74.75
00:17:48     all    0.50    0.00    1.00   24.06    0.00    0.00    0.00    0.00    0.00   74.44
00:17:49     all    0.00    0.00    0.25   24.69    0.00    0.00    0.00    0.00    0.00   75.06
00:17:50     all    0.51    0.00    0.00   24.43    0.00    0.00    0.00    0.00    0.00   75.06
00:17:51     all    0.25    0.00    1.01   24.12    0.00    0.00    0.00    0.00    0.00   74.62
00:17:52     all    0.75    0.00    0.75   24.12    0.00    0.00    0.00    0.00    0.00   74.37
00:17:53     all    0.25    0.00    0.76   24.18    0.00    0.00    0.00    0.00    0.00   74.81
00:17:54     all    0.25    0.00    0.25   24.37    0.00    0.00    0.00    0.00    0.00   75.13
00:17:55     all    0.25    0.00    0.50   24.62    0.00    0.00    0.00    0.00    0.00   74.62
00:17:56     all    0.50    0.00    0.75   24.31    0.00    0.00    0.00    0.00    0.00   74.44
00:17:57     all    1.01    0.00    0.25   24.12    0.00    0.00    0.00    0.00    0.00   74.62
00:17:58     all    0.00    0.00    1.01   24.62    0.00    0.00    0.00    0.00    0.00   74.37
00:17:59     all    0.76    0.00    0.25   23.93    0.00    0.00    0.00    0.00    0.00   75.06
00:18:00     all    0.25    0.00    0.75   24.75    0.00    0.00    0.00    0.00    0.00   74.25
00:18:01     all    0.50    0.00    0.50   24.18    0.00    0.00    0.00    0.00    0.00   74.81
00:18:02     all    0.25    0.00    1.01   24.37    0.00    0.00    0.00    0.00    0.00   74.37
00:18:03     all    0.25    0.00    0.51   24.11    0.00    0.00    0.00    0.00    0.00   75.13
00:18:04     all    0.75    0.00    0.50   24.31    0.00    0.00    0.00    0.00    0.00   74.44
00:18:05     all    0.25    0.00    0.75   24.37    0.00    0.00    0.00    0.00    0.00   74.62
00:18:06     all    0.25    0.00    0.75   24.37    0.00    0.00    0.00    0.00    0.00   74.62
00:18:07     all    0.76    0.00    0.50   24.18    0.00    0.00    0.00    0.00    0.00   74.56
00:18:08     all    0.25    0.00    0.50   24.75    0.00    0.00    0.00    0.00    0.00   74.50
00:18:09     all    0.25    0.00    0.51   24.30    0.00    0.00    0.00    0.00    0.00   74.94
00:18:10     all    0.25    0.00    0.75   24.12    0.00    0.00    0.00    0.00    0.00   74.87
00:18:11     all    0.50    0.00    0.75   24.37    0.00    0.00    0.00    0.00    0.00   74.37
00:18:12     all    0.50    0.00    0.25   24.43    0.00    0.00    0.00    0.00    0.00   74.81
00:18:13     all    0.25    0.00    0.25   24.37    0.00    0.00    0.00    0.00    0.00   75.13
00:18:14     all    0.50    0.00    0.75   24.50    0.00    0.00    0.00    0.00    0.00   74.25
00:18:15     all    0.51    0.00    0.25   24.24    0.00    0.00    0.00    0.00    0.00   75.00
00:18:16     all    0.25    0.00    0.75   24.56    0.00    0.00    0.00    0.00    0.00   74.44
00:18:17     all    0.00    0.00    0.51   24.17    0.00    0.00    0.00    0.00    0.00   75.32
00:18:18     all    0.99    0.00    0.50   24.32    0.00    0.00    0.00    0.00    0.00   74.19
00:18:19     all    0.25    0.00    0.76   24.43    0.00    0.00    0.00    0.00    0.00   74.56
00:18:20     all    0.25    0.00    0.75   24.37    0.00    0.00    0.00    0.00    0.00   74.62
00:18:21     all    0.25    0.00    0.25   24.49    0.00    0.00    0.00    0.00    0.00   75.00
00:18:22     all    0.25    0.00    0.76   24.24    0.00    0.00    0.00    0.00    0.00   74.75
00:18:23     all    0.50    0.00    1.00   24.38    0.00    0.00    0.00    0.00    0.00   74.13
00:18:24     all    0.25    0.00    0.51   24.56    0.00    0.00    0.00    0.00    0.00   74.68
00:18:25     all    0.76    0.00    1.01   60.20    0.00    0.00    0.00    0.00    0.00   38.04
00:18:26     all    0.00    0.00    0.25   99.75    0.00    0.00    0.00    0.00    0.00    0.00
00:18:27     all    0.25    0.00    0.25   99.50    0.00    0.00    0.00    0.00    0.00    0.00
00:18:28     all    0.00    0.00    0.50   99.50    0.00    0.00    0.00    0.00    0.00    0.00
00:18:29     all    0.00    0.00    0.25   99.75    0.00    0.00    0.00    0.00    0.00    0.00
00:18:30     all    0.00    0.00    0.25   99.75    0.00    0.00    0.00    0.00    0.00    0.00
00:18:31     all    0.00    0.00    0.50   99.50    0.00    0.00    0.00    0.00    0.00    0.00
00:18:32     all    0.25    0.00    0.00   99.75    0.00    0.00    0.00    0.00    0.00    0.00
00:18:33     all    0.00    0.00    0.25   99.75    0.00    0.00    0.00    0.00    0.00    0.00
00:18:34     all    0.00    0.00    0.25   99.75    0.00    0.00    0.00    0.00    0.00    0.00
00:18:35     all    0.00    0.00    0.25   99.75    0.00    0.00    0.00    0.00    0.00    0.00
00:18:36     all    0.25    0.00    0.25   99.50    0.00    0.00    0.00    0.00    0.00    0.00
00:18:37     all    0.00    0.00    0.25   99.75    0.00    0.00    0.00    0.00    0.00    0.00
00:18:38     all    0.00    0.00    0.50   99.50    0.00    0.00    0.00    0.00    0.00    0.00
00:18:39     all    0.50    0.00    0.25   99.25    0.00    0.00    0.00    0.00    0.00    0.00
00:18:40     all    0.00    0.00    0.50   99.50    0.00    0.00    0.00    0.00    0.00    0.00
00:18:41     all    0.25    0.00    0.50   99.25    0.00    0.00    0.00    0.00    0.00    0.00
00:18:42     all    0.00    0.00    0.25   99.75    0.00    0.00    0.00    0.00    0.00    0.00
00:18:43     all    0.00    0.00    0.25   99.75    0.00    0.00    0.00    0.00    0.00    0.00
00:18:44     all    0.00    0.00    0.25   99.75    0.00    0.00    0.00    0.00    0.00    0.00
00:18:45     all    0.00    0.00    0.50   99.50    0.00    0.00    0.00    0.00    0.00    0.00
00:18:46     all    0.00    0.00    0.00  100.00    0.00    0.00    0.00    0.00    0.00    0.00
00:18:47     all    0.00    0.00    0.50   99.50    0.00    0.00    0.00    0.00    0.00    0.00
00:18:48     all    0.00    0.00    0.00  100.00    0.00    0.00    0.00    0.00    0.00    0.00
00:18:49     all    0.00    0.00    0.50   99.50    0.00    0.00    0.00    0.00    0.00    0.00
00:18:50     all    0.00    0.00    0.25   99.75    0.00    0.00    0.00    0.00    0.00    0.00
00:18:51     all    0.00    0.00    0.25   99.75    0.00    0.00    0.00    0.00    0.00    0.00
00:18:52     all    0.00    0.00    0.25   99.75    0.00    0.00    0.00    0.00    0.00    0.00
00:18:53     all    0.00    0.00    0.25   99.75    0.00    0.00    0.00    0.00    0.00    0.00
00:18:54     all    0.25    0.00    0.00   99.75    0.00    0.00    0.00    0.00    0.00    0.00
00:18:55     all    0.00    0.00    0.25   99.75    0.00    0.00    0.00    0.00    0.00    0.00
00:18:56     all    0.25    0.00    0.25   99.50    0.00    0.00    0.00    0.00    0.00    0.00
00:18:57     all    0.00    0.00    0.50   99.50    0.00    0.00    0.00    0.00    0.00    0.00
00:18:58     all    0.00    0.00    0.25   99.75    0.00    0.00    0.00    0.00    0.00    0.00
00:18:59     all    0.00    0.00    0.25   99.75    0.00    0.00    0.00    0.00    0.00    0.00
00:19:00     all    0.25    0.00    0.00   99.75    0.00    0.00    0.00    0.00    0.00    0.00
00:19:01     all    0.25    0.00    0.50   99.25    0.00    0.00    0.00    0.00    0.00    0.00
00:19:02     all    0.00    0.00    0.25   99.75    0.00    0.00    0.00    0.00    0.00    0.00
00:19:03     all    0.00    0.00    0.25   99.75    0.00    0.00    0.00    0.00    0.00    0.00
00:19:04     all    0.00    0.00    0.25   99.75    0.00    0.00    0.00    0.00    0.00    0.00
00:19:05     all    0.00    0.00    0.25   99.75    0.00    0.00    0.00    0.00    0.00    0.00
00:19:06     all    0.00    0.00    0.25   99.75    0.00    0.00    0.00    0.00    0.00    0.00
00:19:07     all    0.00    0.00    0.25   99.75    0.00    0.00    0.00    0.00    0.00    0.00
00:19:08     all    0.00    0.00    0.25   99.75    0.00    0.00    0.00    0.00    0.00    0.00
00:19:09     all    0.25    0.00    0.50   99.25    0.00    0.00    0.00    0.00    0.00    0.00
00:19:10     all    0.00    0.00    0.25   99.75    0.00    0.00    0.00    0.00    0.00    0.00
00:19:11     all    0.00    0.00    0.25   99.75    0.00    0.00    0.00    0.00    0.00    0.00
00:19:12     all    0.00    0.00    0.25   99.75    0.00    0.00    0.00    0.00    0.00    0.00
00:19:13     all    0.00    0.00    0.50   99.50    0.00    0.00    0.00    0.00    0.00    0.00
00:19:14     all    0.00    0.00    0.00  100.00    0.00    0.00    0.00    0.00    0.00    0.00
00:19:15     all    0.00    0.00    0.00  100.00    0.00    0.00    0.00    0.00    0.00    0.00
00:19:16     all    0.00    0.00    0.50   99.50    0.00    0.00    0.00    0.00    0.00    0.00
00:19:17     all    0.00    0.00    0.25   99.75    0.00    0.00    0.00    0.00    0.00    0.00
00:19:18     all    0.00    0.00    0.25   99.75    0.00    0.00    0.00    0.00    0.00    0.00
00:19:19     all    0.00    0.00    0.50   99.50    0.00    0.00    0.00    0.00    0.00    0.00
00:19:20     all    0.00    0.00    0.25   99.75    0.00    0.00    0.00    0.00    0.00    0.00
00:19:21     all    0.50    0.00    0.00   99.50    0.00    0.00    0.00    0.00    0.00    0.00
00:19:22     all    0.00    0.00    0.25   99.75    0.00    0.00    0.00    0.00    0.00    0.00
00:19:23     all    0.00    0.00    0.75   99.25    0.00    0.00    0.00    0.00    0.00    0.00
00:19:24     all    0.00    0.00    0.00  100.00    0.00    0.00    0.00    0.00    0.00    0.00
00:19:25     all    0.00    0.00    0.00  100.00    0.00    0.00    0.00    0.00    0.00    0.00
00:19:26     all    0.00    0.00    0.25   99.75    0.00    0.00    0.00    0.00    0.00    0.00
00:19:27     all    0.00    0.00    0.00   84.56    0.00    0.00    0.00    0.00    0.00   15.44
00:19:28     all    0.25    0.00    0.50   74.31    0.00    0.00    0.00    0.00    0.00   24.94
00:19:29     all    0.00    0.00    0.25   74.49    0.00    0.00    0.00    0.00    0.00   25.25
00:19:30     all    0.00    0.00    0.00   74.75    0.00    0.00    0.00    0.00    0.00   25.25
00:19:31     all    0.25    0.00    0.25   74.37    0.00    0.00    0.00    0.00    0.00   25.13
00:19:32     all    0.00    0.00    0.25   74.62    0.00    0.00    0.00    0.00    0.00   25.13
00:19:33     all    0.25    0.00    0.00   74.62    0.00    0.00    0.00    0.00    0.00   25.13
00:19:34     all    0.00    0.00    0.50   74.37    0.00    0.00    0.00    0.00    0.00   25.13
00:19:35     all    0.25    0.00    0.25   74.56    0.00    0.00    0.00    0.00    0.00   24.94
00:19:36     all    0.00    0.00    0.25   74.62    0.00    0.00    0.00    0.00    0.00   25.13
00:19:37     all    0.00    0.00    0.50   74.37    0.00    0.00    0.00    0.00    0.00   25.13
00:19:38     all    0.00    0.00    0.00   74.81    0.00    0.00    0.00    0.00    0.00   25.19
00:19:39     all    0.00    0.00    0.00   74.75    0.00    0.00    0.00    0.00    0.00   25.25
00:19:40     all    0.25    0.00    0.50   74.25    0.00    0.00    0.00    0.00    0.00   25.00
00:19:41     all    0.00    0.00    0.00   74.75    0.00    0.00    0.00    0.00    0.00   25.25
00:19:42     all    0.00    0.00    0.75   74.19    0.00    0.00    0.00    0.00    0.00   25.06
00:19:43     all    0.00    0.00    0.00   74.81    0.00    0.00    0.00    0.00    0.00   25.19
00:19:44     all    0.25    0.00    0.50   74.19    0.00    0.00    0.00    0.00    0.00   25.06
00:19:45     all    0.00    0.00    0.25   74.56    0.00    0.00    0.00    0.00    0.00   25.19
00:19:46     all    0.00    0.00    0.00   74.94    0.00    0.00    0.00    0.00    0.00   25.06
00:19:47     all    0.00    0.00    0.00   74.75    0.00    0.00    0.00    0.00    0.00   25.25
00:19:48     all    0.25    0.00    0.75   74.06    0.00    0.00    0.00    0.00    0.00   24.94
00:19:49     all    0.00    0.00    0.00   74.81    0.00    0.00    0.00    0.00    0.00   25.19
00:19:50     all    0.00    0.00    0.25   74.49    0.00    0.00    0.00    0.00    0.00   25.25
00:19:51     all    0.00    0.00    0.25   74.62    0.00    0.00    0.00    0.00    0.00   25.13
00:19:52     all    0.00    0.00    0.75   74.12    0.00    0.00    0.00    0.00    0.00   25.13
00:19:53     all    0.00    0.00    0.00   74.81    0.00    0.00    0.00    0.00    0.00   25.19
00:19:54     all    0.00    0.00    0.25   74.56    0.00    0.00    0.00    0.00    0.00   25.19
00:19:55     all    0.00    0.00    0.50   74.44    0.00    0.00    0.00    0.00    0.00   25.06
00:19:56     all    0.00    0.00    0.00   74.68    0.00    0.00    0.00    0.00    0.00   25.32
00:19:57     all    0.25    0.00    0.25   74.62    0.00    0.00    0.00    0.00    0.00   24.87
00:19:58     all    0.00    0.00    0.00   74.81    0.00    0.00    0.00    0.00    0.00   25.19
00:19:59     all    0.00    0.00    0.50   74.37    0.00    0.00    0.00    0.00    0.00   25.13
00:20:00     all    0.25    0.00    0.25   74.37    0.00    0.00    0.00    0.00    0.00   25.13
00:20:01     all    0.25    0.00    0.25   74.37    0.00    0.00    0.00    0.00    0.00   25.13
00:20:02     all    0.00    0.00    0.00   74.68    0.00    0.00    0.00    0.00    0.00   25.32
00:20:03     all    0.00    0.00    0.75   74.19    0.00    0.00    0.00    0.00    0.00   25.06
00:20:04     all    0.00    0.00    0.50   94.21    0.00    0.00    0.00    0.00    0.00    5.29
00:20:05     all    0.00    0.00    0.00  100.00    0.00    0.00    0.00    0.00    0.00    0.00
00:20:06     all    0.00    0.00    0.25   99.75    0.00    0.00    0.00    0.00    0.00    0.00
00:20:07     all    0.00    0.00    0.50   99.50    0.00    0.00    0.00    0.00    0.00    0.00
00:20:08     all    0.00    0.00    0.00  100.00    0.00    0.00    0.00    0.00    0.00    0.00
00:20:09     all    0.25    0.00    0.50   99.25    0.00    0.00    0.00    0.00    0.00    0.00
00:20:10     all    0.00    0.00    0.25   99.75    0.00    0.00    0.00    0.00    0.00    0.00
00:20:11     all    0.25    0.00    0.25   99.50    0.00    0.00    0.00    0.00    0.00    0.00
00:20:12     all    0.00    0.00    0.25   99.75    0.00    0.00    0.00    0.00    0.00    0.00
00:20:13     all    0.00    0.00    0.00  100.00    0.00    0.00    0.00    0.00    0.00    0.00
00:20:14     all    0.00    0.00    0.50   99.50    0.00    0.00    0.00    0.00    0.00    0.00
00:20:15     all    0.00    0.00    0.25   99.75    0.00    0.00    0.00    0.00    0.00    0.00
00:20:16     all    0.00    0.00    0.25   99.75    0.00    0.00    0.00    0.00    0.00    0.00
00:20:17     all    0.00    0.00    0.25   99.75    0.00    0.00    0.00    0.00    0.00    0.00
00:20:18     all    0.00    0.00    0.25   99.75    0.00    0.00    0.00    0.00    0.00    0.00
00:20:19     all    0.00    0.00    0.00  100.00    0.00    0.00    0.00    0.00    0.00    0.00
00:20:20     all    0.00    0.00    0.50   99.50    0.00    0.00    0.00    0.00    0.00    0.00
00:20:21     all    0.25    0.00    0.00   99.75    0.00    0.00    0.00    0.00    0.00    0.00
00:20:22     all    0.00    0.00    0.50   99.50    0.00    0.00    0.00    0.00    0.00    0.00
00:20:23     all    0.25    0.00    0.00   99.75    0.00    0.00    0.00    0.00    0.00    0.00
00:20:24     all    0.25    0.00    0.25   99.50    0.00    0.00    0.00    0.00    0.00    0.00
00:20:25     all    0.00    0.00    0.25   99.75    0.00    0.00    0.00    0.00    0.00    0.00
00:20:26     all    0.00    0.00    0.25   99.75    0.00    0.00    0.00    0.00    0.00    0.00
00:20:27     all    0.00    0.00    0.50   99.50    0.00    0.00    0.00    0.00    0.00    0.00
00:20:28     all    0.00    0.00    0.25   99.75    0.00    0.00    0.00    0.00    0.00    0.00
00:20:29     all    0.00    0.00    0.00  100.00    0.00    0.00    0.00    0.00    0.00    0.00
00:20:30     all    0.00    0.00    0.25   99.75    0.00    0.00    0.00    0.00    0.00    0.00
00:20:31     all    0.00    0.00    0.50   99.50    0.00    0.00    0.00    0.00    0.00    0.00
00:20:32     all    0.00    0.00    0.00  100.00    0.00    0.00    0.00    0.00    0.00    0.00
00:20:33     all    0.25    0.00    0.25   99.50    0.00    0.00    0.00    0.00    0.00    0.00
00:20:34     all    0.00    0.00    0.00  100.00    0.00    0.00    0.00    0.00    0.00    0.00
00:20:35     all    0.00    0.00    0.25   99.75    0.00    0.00    0.00    0.00    0.00    0.00
00:20:36     all    0.00    0.00    0.25   99.75    0.00    0.00    0.00    0.00    0.00    0.00
00:20:37     all    0.00    0.00    0.25   99.75    0.00    0.00    0.00    0.00    0.00    0.00
00:20:38     all    0.00    0.00    0.50   99.50    0.00    0.00    0.00    0.00    0.00    0.00
00:20:39     all    0.00    0.00    0.00  100.00    0.00    0.00    0.00    0.00    0.00    0.00
00:20:40     all    0.00    0.00    0.25   99.75    0.00    0.00    0.00    0.00    0.00    0.00
00:20:41     all    0.25    0.00    0.25   99.50    0.00    0.00    0.00    0.00    0.00    0.00
00:20:42     all    0.00    0.00    0.75   99.25    0.00    0.00    0.00    0.00    0.00    0.00
00:20:43     all    0.00    0.00    0.00  100.00    0.00    0.00    0.00    0.00    0.00    0.00
00:20:44     all    0.25    0.00    0.00   99.75    0.00    0.00    0.00    0.00    0.00    0.00
00:20:45     all    0.00    0.00    0.25   99.75    0.00    0.00    0.00    0.00    0.00    0.00
00:20:46     all    0.25    0.00    0.25   99.50    0.00    0.00    0.00    0.00    0.00    0.00
00:20:47     all    0.00    0.00    0.25   99.75    0.00    0.00    0.00    0.00    0.00    0.00
00:20:48     all    0.00    0.00    0.00  100.00    0.00    0.00    0.00    0.00    0.00    0.00
00:20:49     all    0.00    0.00    0.25   99.75    0.00    0.00    0.00    0.00    0.00    0.00
00:20:50     all    0.00    0.00    0.51   99.49    0.00    0.00    0.00    0.00    0.00    0.00
00:20:51     all    0.00    0.00    0.25   99.75    0.00    0.00    0.00    0.00    0.00    0.00
00:20:52     all    0.00    0.00    0.25   99.75    0.00    0.00    0.00    0.00    0.00    0.00
00:20:53     all    0.00    0.00    0.25   99.75    0.00    0.00    0.00    0.00    0.00    0.00
00:20:54     all    0.25    0.00    0.25   99.50    0.00    0.00    0.00    0.00    0.00    0.00
00:20:55     all    0.00    0.00    0.50   99.50    0.00    0.00    0.00    0.00    0.00    0.00
00:20:56     all    0.00    0.00    0.25   99.75    0.00    0.00    0.00    0.00    0.00    0.00
00:20:57     all    0.25    0.00    0.25   99.50    0.00    0.00    0.00    0.00    0.00    0.00
00:20:58     all    0.00    0.00    0.00  100.00    0.00    0.00    0.00    0.00    0.00    0.00
00:20:59     all    0.00    0.00    0.50   99.50    0.00    0.00    0.00    0.00    0.00    0.00
00:21:00     all    0.00    0.00    0.50   99.50    0.00    0.00    0.00    0.00    0.00    0.00
00:21:01     all    0.00    0.00    0.25   99.75    0.00    0.00    0.00    0.00    0.00    0.00
00:21:02     all    0.25    0.00    0.00   99.75    0.00    0.00    0.00    0.00    0.00    0.00
00:21:03     all    0.00    0.00    0.00  100.00    0.00    0.00    0.00    0.00    0.00    0.00
00:21:04     all    0.00    0.00    0.00  100.00    0.00    0.00    0.00    0.00    0.00    0.00
00:21:05     all    0.00    0.00    0.75   99.25    0.00    0.00    0.00    0.00    0.00    0.00
00:21:06     all    0.25    0.00    0.00   99.75    0.00    0.00    0.00    0.00    0.00    0.00
00:21:07     all    0.00    0.00    0.25   63.98    0.00    0.00    0.00    0.00    0.00   35.77
00:21:08     all    0.00    0.00    0.00    4.25    0.00    0.00    0.00    0.00    0.00   95.75
00:21:09     all    0.00    0.00    0.00    0.00    0.00    0.00    0.00    0.00    0.00  100.00
00:21:10     all    0.00    0.00    0.00    0.25    0.00    0.00    0.00    0.00    0.00   99.75
00:21:11     all    0.00    0.00    0.00    0.00    0.00    0.00    0.00    0.00    0.00  100.00
00:21:12     all    0.00    0.00    0.00    0.00    0.00    0.00    0.00    0.00    0.00  100.00
00:21:13     all    0.00    0.00    0.00    0.00    0.00    0.00    0.00    0.00    0.00  100.00
00:21:14     all    0.00    0.00    0.00    0.00    0.00    0.00    0.00    0.00    0.00  100.00
00:21:15     all    0.00    0.00    0.00    0.00    0.00    0.00    0.00    0.00    0.00  100.00
00:21:16     all    0.00    0.00    0.00    0.00    0.00    0.00    0.00    0.00    0.00  100.00
00:21:17     all    0.00    0.00    0.00    0.00    0.00    0.00    0.00    0.00    0.00  100.00
