Linux 5.15.0-186-generic (iZl4v9npj0k1gf7mzt23hcZ) 	08/16/2026 	_x86_64_	(4 CPU)

12:46:27 AM  CPU    %usr   %nice    %sys %iowait    %irq   %soft  %steal  %guest  %gnice   %idle
12:46:28 AM  all    0.26    0.00    1.28    0.00    0.00    0.77    0.00    0.00    0.00   97.70
12:46:29 AM  all    0.51    0.00    1.52    0.00    0.00    1.01    0.00    0.00    0.00   96.97
12:46:30 AM  all    0.76    0.00    1.76    0.00    0.00    0.25    0.00    0.00    0.00   97.23
12:46:31 AM  all    0.25    0.00    1.26    0.00    0.00    1.26    0.00    0.00    0.00   97.22
12:46:32 AM  all    0.25    0.00    1.52    0.00    0.00    0.51    0.00    0.00    0.00   97.73
12:46:33 AM  all    0.51    0.00    0.76    0.00    0.00    1.02    0.00    0.00    0.00   97.72
12:46:34 AM  all    0.25    0.00    1.52    0.00    0.00    0.76    0.00    0.00    0.00   97.47
12:46:35 AM  all    0.51    0.00    1.02    0.00    0.00    0.76    0.00    0.00    0.00   97.71
12:46:36 AM  all    0.51    0.00    1.01    0.00    0.00    0.76    0.00    0.00    0.00   97.72
12:46:37 AM  all    1.53    0.00    1.02    0.00    0.00    0.51    0.00    0.00    0.00   96.95
12:46:38 AM  all    1.27    0.00    0.76    0.00    0.00    0.51    0.00    0.00    0.00   97.46
12:46:39 AM  all    0.51    0.00    1.02    0.00    0.00    0.51    0.00    0.00    0.00   97.96
12:46:40 AM  all    0.25    0.00    1.01    0.00    0.00    1.01    0.00    0.00    0.00   97.73
12:46:41 AM  all    0.51    0.00    1.52    0.00    0.00    0.76    0.00    0.00    0.00   97.22
12:46:42 AM  all    0.76    0.00    1.01    0.00    0.00    0.51    0.00    0.00    0.00   97.73
12:46:43 AM  all    0.51    0.00    1.26    0.00    0.00    0.76    0.00    0.00    0.00   97.47
12:46:44 AM  all    0.26    0.00    1.28    0.00    0.00    0.51    0.00    0.00    0.00   97.96
12:46:45 AM  all    0.51    0.00    1.02    0.00    0.00    0.51    0.00    0.00    0.00   97.97
12:46:46 AM  all    0.51    0.00    1.52    0.00    0.00    0.76    0.00    0.00    0.00   97.22
12:46:47 AM  all    0.25    0.00    1.52    0.00    0.00    0.76    0.00    0.00    0.00   97.47
12:46:48 AM  all    1.00    0.00    1.75    0.00    0.00    0.50    0.00    0.00    0.00   96.75
12:46:49 AM  all    0.76    0.00    1.26    0.00    0.00    0.51    0.00    0.00    0.00   97.47
12:46:50 AM  all    1.25    0.00    1.75    0.00    0.00    0.75    0.00    0.00    0.00   96.26
12:46:51 AM  all    0.25    0.00    1.27    0.00    0.00    0.51    0.00    0.00    0.00   97.97
12:46:52 AM  all    0.50    0.00    1.76    0.00    0.00    0.50    0.00    0.00    0.00   97.23
12:46:53 AM  all    1.02    0.00    0.51    0.00    0.00    0.51    0.00    0.00    0.00   97.96
12:46:54 AM  all    0.51    0.00    0.76    0.00    0.00    0.51    0.00    0.00    0.00   98.22
12:46:55 AM  all    0.76    0.00    1.27    0.00    0.00    0.25    0.00    0.00    0.00   97.72
12:46:56 AM  all    1.50    0.00    1.75    0.00    0.00    0.25    0.00    0.00    0.00   96.49
12:46:57 AM  all    0.50    0.00    1.75    0.00    0.00    1.50    0.00    0.00    0.00   96.26
12:46:58 AM  all    1.00    0.00    2.01    0.00    0.00    0.50    0.00    0.00    0.00   96.49
12:46:59 AM  all    1.01    0.00    1.01    0.00    0.00    0.51    0.00    0.00    0.00   97.47
12:47:00 AM  all    0.25    0.00    1.76    0.00    0.00    0.76    0.00    0.00    0.00   97.23
12:47:01 AM  all    0.51    0.00    1.02    0.00    0.00    0.51    0.00    0.00    0.00   97.96
12:47:02 AM  all    0.25    0.00    2.51    0.00    0.00    0.50    0.00    0.00    0.00   96.73
12:47:03 AM  all    1.27    0.00    1.01    0.00    0.00    0.51    0.00    0.00    0.00   97.22
12:47:04 AM  all    1.00    0.00    1.75    0.00    0.00    1.25    0.00    0.00    0.00   96.01
12:47:05 AM  all    0.51    0.00    1.02    0.00    0.00    0.51    0.00    0.00    0.00   97.97
12:47:06 AM  all    0.00    0.00    1.28    0.00    0.00    0.26    0.00    0.00    0.00   98.47
12:47:07 AM  all    0.50    0.00    1.51    0.00    0.00    0.76    0.00    0.00    0.00   97.23
12:47:08 AM  all    1.01    0.00    1.26    0.00    0.00    0.00    0.00    0.00    0.00   97.73
12:47:09 AM  all    0.25    0.00    1.51    0.00    0.00    1.01    0.00    0.00    0.00   97.23
12:47:10 AM  all    0.75    0.00    2.01    0.00    0.00    0.50    0.00    0.00    0.00   96.73
12:47:11 AM  all    0.76    0.00    0.76    0.00    0.00    0.51    0.00    0.00    0.00   97.97
12:47:12 AM  all    1.26    0.00    1.26    0.00    0.00    0.76    0.00    0.00    0.00   96.73
12:47:13 AM  all    0.75    0.00    1.25    0.00    0.00    1.00    0.00    0.00    0.00   96.99
12:47:14 AM  all    0.51    0.00    1.77    0.00    0.00    0.25    0.00    0.00    0.00   97.47
12:47:15 AM  all    0.75    0.00    1.75    0.00    0.00    1.00    0.00    0.00    0.00   96.49
12:47:16 AM  all    0.75    0.00    1.00    0.00    0.00    1.50    0.00    0.00    0.00   96.74
12:47:17 AM  all    0.50    0.00    2.01    0.00    0.00    0.75    0.00    0.00    0.00   96.73
12:47:18 AM  all    0.75    0.00    1.75    0.00    0.00    0.50    0.00    0.00    0.00   96.99
12:47:19 AM  all    0.75    0.00    1.50    0.00    0.00    1.00    0.00    0.00    0.00   96.74
12:47:20 AM  all    0.75    0.00    1.76    0.00    0.00    0.75    0.00    0.00    0.00   96.73
12:47:21 AM  all    0.76    0.00    0.51    0.00    0.00    1.02    0.00    0.00    0.00   97.72
12:47:22 AM  all    0.25    0.00    1.51    0.00    0.00    1.01    0.00    0.00    0.00   97.23
12:47:23 AM  all    1.01    0.00    1.51    0.00    0.00    0.50    0.00    0.00    0.00   96.98
12:47:24 AM  all    0.75    0.00    2.00    0.00    0.00    1.00    0.00    0.00    0.00   96.25
12:47:25 AM  all    0.50    0.00    1.51    0.00    0.00    0.76    0.00    0.00    0.00   97.23
12:47:26 AM  all    0.25    0.00    1.27    0.00    0.00    0.76    0.00    0.00    0.00   97.72
12:47:27 AM  all    0.50    0.00    1.01    0.00    0.00    1.26    0.00    0.00    0.00   97.24
12:47:28 AM  all    0.50    0.00    1.51    0.00    0.00    0.76    0.00    0.00    0.00   97.23
12:47:29 AM  all    1.01    0.00    1.27    0.00    0.00    0.25    0.00    0.00    0.00   97.47
12:47:30 AM  all    0.25    0.00    1.01    0.00    0.00    1.01    0.00    0.00    0.00   97.72
12:47:31 AM  all    0.50    0.00    1.76    0.00    0.00    0.50    0.00    0.00    0.00   97.23
12:47:32 AM  all    0.50    0.00    1.75    0.00    0.00    1.25    0.00    0.00    0.00   96.50
12:47:33 AM  all    0.51    0.00    1.52    0.00    0.00    0.76    0.00    0.00    0.00   97.22
12:47:34 AM  all    0.00    0.00    1.77    0.00    0.00    0.76    0.00    0.00    0.00   97.47
12:47:35 AM  all    1.25    0.00    2.24    0.00    0.00    0.50    0.00    0.00    0.00   96.01
12:47:36 AM  all    0.75    0.00    1.75    0.00    0.00    1.00    0.00    0.00    0.00   96.49
12:47:37 AM  all    0.50    0.00    1.76    0.00    0.00    0.76    0.00    0.00    0.00   96.98
12:47:38 AM  all    0.51    0.00    2.02    0.00    0.00    0.25    0.00    0.00    0.00   97.22
12:47:39 AM  all    1.00    0.00    2.24    0.00    0.00    0.50    0.00    0.00    0.00   96.26
12:47:40 AM  all    0.50    0.00    2.73    0.00    0.00    0.99    0.00    0.00    0.00   95.78
12:47:41 AM  all    1.25    0.00    1.75    0.00    0.00    0.75    0.00    0.00    0.00   96.25
12:47:42 AM  all    0.25    0.00    1.01    0.00    0.00    1.76    0.00    0.00    0.00   96.98
12:47:43 AM  all    0.76    0.00    1.52    0.00    0.00    1.01    0.00    0.00    0.00   96.72
12:47:44 AM  all    0.75    0.00    2.01    0.00    0.00    0.50    0.00    0.00    0.00   96.73
12:47:45 AM  all    0.75    0.00    1.25    0.00    0.00    1.00    0.00    0.00    0.00   96.99
12:47:46 AM  all    0.51    0.00    1.77    0.00    0.00    1.01    0.00    0.00    0.00   96.72
12:47:47 AM  all    0.74    0.00    2.71    0.00    0.00    0.99    0.00    0.00    0.00   95.57
12:47:48 AM  all    0.75    0.00    2.25    0.00    0.00    1.00    0.00    0.00    0.00   96.00
12:47:49 AM  all    1.00    0.00    1.75    0.00    0.00    0.50    0.00    0.00    0.00   96.74
12:47:50 AM  all    1.00    0.00    2.24    0.00    0.00    0.25    0.00    0.00    0.00   96.51
12:47:51 AM  all    1.00    0.00    2.24    0.00    0.00    0.75    0.00    0.00    0.00   96.01
12:47:52 AM  all    0.51    0.00    1.02    0.00    0.00    0.51    0.00    0.00    0.00   97.97
12:47:53 AM  all    0.75    0.00    2.50    0.00    0.00    0.50    0.00    0.00    0.00   96.25
12:47:54 AM  all    0.51    0.00    1.52    0.00    0.00    0.76    0.00    0.00    0.00   97.22
12:47:55 AM  all    0.75    0.00    1.75    0.00    0.00    0.75    0.00    0.00    0.00   96.74
12:47:56 AM  all    1.01    0.00    1.01    0.00    0.00    0.76    0.00    0.00    0.00   97.22
12:47:57 AM  all    1.00    0.00    2.24    0.00    0.00    0.75    0.00    0.00    0.00   96.02
12:47:58 AM  all    1.00    0.00    1.50    0.00    0.00    0.75    0.00    0.00    0.00   96.74
12:47:59 AM  all    0.75    0.00    1.01    0.00    0.00    1.26    0.00    0.00    0.00   96.98
12:48:00 AM  all    0.75    0.00    2.00    0.00    0.00    1.25    0.00    0.00    0.00   96.01
12:48:01 AM  all    0.75    0.00    2.01    0.00    0.00    1.00    0.00    0.00    0.00   96.24
12:48:02 AM  all    1.01    0.00    1.26    0.00    0.00    0.50    0.00    0.00    0.00   97.24
12:48:03 AM  all    1.24    0.00    2.48    0.00    0.00    0.74    0.00    0.00    0.00   95.53
12:48:04 AM  all    0.50    0.00    1.51    0.00    0.00    1.01    0.00    0.00    0.00   96.98
12:48:05 AM  all    0.75    0.00    1.51    0.00    0.00    0.75    0.00    0.00    0.00   96.98
12:48:06 AM  all    0.50    0.00    1.51    0.00    0.00    0.75    0.00    0.00    0.00   97.24
12:48:07 AM  all    1.01    0.00    1.01    0.00    0.00    1.01    0.00    0.00    0.00   96.98
12:48:08 AM  all    0.00    0.00    1.77    0.00    0.00    1.01    0.00    0.00    0.00   97.22
12:48:09 AM  all    1.00    0.00    2.00    0.00    0.00    0.25    0.00    0.00    0.00   96.75
12:48:10 AM  all    0.00    0.00    2.01    0.00    0.00    1.26    0.00    0.00    0.00   96.73
12:48:11 AM  all    1.25    0.00    1.25    0.00    0.00    0.75    0.00    0.00    0.00   96.75
12:48:12 AM  all    0.50    0.00    1.51    0.00    0.00    1.26    0.00    0.00    0.00   96.73
12:48:13 AM  all    0.51    0.00    1.52    0.00    0.00    0.51    0.00    0.00    0.00   97.47
12:48:14 AM  all    0.75    0.00    2.01    0.00    0.00    0.75    0.00    0.00    0.00   96.49
12:48:15 AM  all    1.01    0.00    1.51    0.00    0.00    0.50    0.00    0.00    0.00   96.98
12:48:16 AM  all    0.25    0.00    1.76    0.00    0.00    1.01    0.00    0.00    0.00   96.98
12:48:17 AM  all    0.50    0.00    1.51    0.00    0.00    0.76    0.00    0.00    0.00   97.23
12:48:18 AM  all    1.00    0.00    1.75    0.00    0.00    1.50    0.00    0.00    0.00   95.76
12:48:19 AM  all    0.25    0.00    2.01    0.00    0.00    0.50    0.00    0.00    0.00   97.24
12:48:20 AM  all    1.00    0.00    2.00    0.00    0.00    0.75    0.00    0.00    0.00   96.25
12:48:21 AM  all    0.75    0.00    1.75    0.00    0.00    0.75    0.00    0.00    0.00   96.74
12:48:22 AM  all    0.51    0.00    1.27    0.00    0.00    0.51    0.00    0.00    0.00   97.72
12:48:23 AM  all    0.25    0.00    1.27    0.00    0.00    0.51    0.00    0.00    0.00   97.97
12:48:24 AM  all    1.25    0.00    1.25    0.00    0.00    1.00    0.00    0.00    0.00   96.51
12:48:25 AM  all    1.01    0.00    1.51    0.00    0.00    0.75    0.00    0.00    0.00   96.73
12:48:26 AM  all    0.25    0.00    1.75    0.00    0.00    1.25    0.00    0.00    0.00   96.74
12:48:27 AM  all    0.51    0.00    1.27    0.00    0.00    1.01    0.00    0.00    0.00   97.22
12:48:28 AM  all    1.74    0.00    1.99    0.00    0.00    0.25    0.00    0.00    0.00   96.03
12:48:29 AM  all    0.75    0.00    1.76    0.00    0.00    1.01    0.00    0.00    0.00   96.48
12:48:30 AM  all    0.75    0.00    1.51    0.00    0.00    0.75    0.00    0.00    0.00   96.98
12:48:31 AM  all    1.00    0.00    1.75    0.00    0.00    0.25    0.00    0.00    0.00   96.99
12:48:32 AM  all    0.50    0.00    2.49    0.00    0.00    0.75    0.00    0.00    0.00   96.26
12:48:33 AM  all    0.75    0.00    1.75    0.00    0.00    1.00    0.00    0.00    0.00   96.50
12:48:34 AM  all    0.51    0.00    0.76    0.00    0.00    0.51    0.00    0.00    0.00   98.22
12:48:35 AM  all    0.25    0.00    1.26    0.00    0.00    1.01    0.00    0.00    0.00   97.47
12:48:36 AM  all    1.23    0.00    2.47    0.00    0.00    1.23    0.00    0.00    0.00   95.06
12:48:37 AM  all    0.76    0.00    0.76    0.00    0.00    1.01    0.00    0.00    0.00   97.47
12:48:38 AM  all    1.50    0.00    1.75    0.00    0.00    0.25    0.00    0.00    0.00   96.50
12:48:39 AM  all    0.75    0.00    1.25    0.00    0.00    1.25    0.00    0.00    0.00   96.74
12:48:40 AM  all    0.75    0.00    1.51    0.00    0.00    0.50    0.00    0.00    0.00   97.24
12:48:41 AM  all    0.50    0.00    2.51    0.00    0.00    0.75    0.00    0.00    0.00   96.24
12:48:42 AM  all    0.76    0.00    1.01    0.00    0.00    0.76    0.00    0.00    0.00   97.47
12:48:43 AM  all    0.25    0.00    2.02    0.00    0.00    0.50    0.00    0.00    0.00   97.23
12:48:44 AM  all    0.50    0.00    1.51    0.00    0.00    0.50    0.00    0.00    0.00   97.49
12:48:45 AM  all    1.25    0.00    1.00    0.00    0.00    1.00    0.00    0.00    0.00   96.74
12:48:46 AM  all    0.25    0.00    1.77    0.00    0.00    0.76    0.00    0.00    0.00   97.22
12:48:47 AM  all    0.50    0.00    1.51    0.00    0.00    0.75    0.00    0.00    0.00   97.24
12:48:48 AM  all    0.51    0.00    1.27    0.00    0.00    0.76    0.00    0.00    0.00   97.47
12:48:49 AM  all    0.25    0.00    2.01    0.00    0.00    1.01    0.00    0.00    0.00   96.73
12:48:50 AM  all    1.01    0.00    1.26    0.00    0.00    1.01    0.00    0.00    0.00   96.73
12:48:51 AM  all    0.51    0.00    1.77    0.00    0.00    0.51    0.00    0.00    0.00   97.22
12:48:52 AM  all    0.50    0.00    1.75    0.00    0.00    1.00    0.00    0.00    0.00   96.76
12:48:53 AM  all    0.25    0.00    1.52    0.00    0.00    0.76    0.00    0.00    0.00   97.47
12:48:54 AM  all    1.01    0.00    1.51    0.00    0.00    0.25    0.00    0.00    0.00   97.23
12:48:55 AM  all    0.99    0.00    2.73    0.00    0.00    0.74    0.00    0.00    0.00   95.53
12:48:56 AM  all    1.00    0.00    2.01    0.00    0.00    0.50    0.00    0.00    0.00   96.49
12:48:57 AM  all    0.75    0.00    2.25    0.00    0.00    0.75    0.00    0.00    0.00   96.25
12:48:58 AM  all    0.50    0.00    2.26    0.00    0.00    0.50    0.00    0.00    0.00   96.73
12:48:59 AM  all    0.25    0.00    1.52    0.00    0.00    1.01    0.00    0.00    0.00   97.22
12:49:00 AM  all    1.00    0.00    1.75    0.00    0.00    0.50    0.00    0.00    0.00   96.74
12:49:01 AM  all    0.76    0.00    1.52    0.00    0.00    0.25    0.00    0.00    0.00   97.47
12:49:02 AM  all    0.50    0.00    2.01    0.00    0.00    1.00    0.00    0.00    0.00   96.49
12:49:03 AM  all    0.75    0.00    1.76    0.00    0.00    0.75    0.00    0.00    0.00   96.73
12:49:04 AM  all    0.75    0.00    1.75    0.00    0.00    0.75    0.00    0.00    0.00   96.74
12:49:05 AM  all    0.76    0.00    1.01    0.00    0.00    1.27    0.00    0.00    0.00   96.96
12:49:06 AM  all    0.99    0.00    1.98    0.00    0.00    1.49    0.00    0.00    0.00   95.54
12:49:07 AM  all    0.50    0.00    2.00    0.00    0.00    1.50    0.00    0.00    0.00   96.00
12:49:08 AM  all    0.50    0.00    2.24    0.00    0.00    1.24    0.00    0.00    0.00   96.02
12:49:09 AM  all    1.25    0.00    1.75    0.00    0.00    0.50    0.00    0.00    0.00   96.49
12:49:10 AM  all    0.76    0.00    1.51    0.00    0.00    0.76    0.00    0.00    0.00   96.98
12:49:11 AM  all    0.75    0.00    2.01    0.00    0.00    0.50    0.00    0.00    0.00   96.74
12:49:12 AM  all    0.76    0.00    1.52    0.00    0.00    0.51    0.00    0.00    0.00   97.22
12:49:13 AM  all    1.00    0.00    1.75    0.00    0.00    0.75    0.00    0.00    0.00   96.50
12:49:14 AM  all    0.25    0.00    2.74    0.25    0.00    1.00    0.00    0.00    0.00   95.76
12:49:15 AM  all    0.50    0.00    2.01    0.00    0.00    0.75    0.00    0.00    0.00   96.74
12:49:16 AM  all    0.50    0.00    1.51    0.00    0.00    0.76    0.00    0.00    0.00   97.23
12:49:17 AM  all    0.76    0.00    1.02    0.00    0.00    0.76    0.00    0.00    0.00   97.46
12:49:18 AM  all    1.72    0.00    2.46    0.00    0.00    0.98    0.00    0.00    0.00   94.84
12:49:19 AM  all    0.50    0.00    1.76    0.00    0.00    0.75    0.00    0.00    0.00   96.98
12:49:20 AM  all    1.25    0.00    1.75    0.00    0.00    0.75    0.00    0.00    0.00   96.26
12:49:21 AM  all    0.99    0.00    2.23    0.25    0.00    1.24    0.00    0.00    0.00   95.29
12:49:22 AM  all    0.75    0.00    1.25    0.00    0.00    1.50    0.00    0.00    0.00   96.50
12:49:23 AM  all    0.75    0.00    2.24    0.00    0.00    1.00    0.00    0.00    0.00   96.01
12:49:24 AM  all    0.51    0.00    1.52    0.00    0.00    0.76    0.00    0.00    0.00   97.22
12:49:25 AM  all    0.25    0.00    2.53    0.00    0.00    0.25    0.00    0.00    0.00   96.97
12:49:26 AM  all    0.75    0.00    1.76    0.00    0.00    0.50    0.00    0.00    0.00   96.98
12:49:27 AM  all    0.76    0.00    1.26    0.00    0.00    0.51    0.00    0.00    0.00   97.47
12:49:28 AM  all    0.75    0.00    1.76    0.00    0.00    0.75    0.00    0.00    0.00   96.73
12:49:29 AM  all    0.76    0.00    1.27    0.00    0.00    0.25    0.00    0.00    0.00   97.72
12:49:30 AM  all    0.75    0.00    2.00    0.00    0.00    1.00    0.00    0.00    0.00   96.26
12:49:31 AM  all    0.51    0.00    1.52    0.00    0.00    0.25    0.00    0.00    0.00   97.72
12:49:32 AM  all    0.25    0.00    2.26    0.00    0.00    0.50    0.00    0.00    0.00   96.99
12:49:33 AM  all    0.76    0.00    1.26    0.00    0.00    1.01    0.00    0.00    0.00   96.98
12:49:34 AM  all    1.24    0.00    1.74    0.00    0.00    1.24    0.00    0.00    0.00   95.77
12:49:35 AM  all    0.51    0.00    1.77    0.00    0.00    0.51    0.00    0.00    0.00   97.22
12:49:36 AM  all    0.76    0.00    1.52    0.00    0.00    0.25    0.00    0.00    0.00   97.47
12:49:37 AM  all    0.25    0.00    1.51    0.00    0.00    1.26    0.00    0.00    0.00   96.98
12:49:38 AM  all    0.75    0.00    2.26    0.00    0.00    0.50    0.00    0.00    0.00   96.48
12:49:39 AM  all    0.75    0.00    2.01    0.00    0.00    0.75    0.00    0.00    0.00   96.49
12:49:40 AM  all    1.24    0.00    1.99    0.00    0.00    0.75    0.00    0.00    0.00   96.02
12:49:41 AM  all    0.25    0.00    2.26    0.00    0.00    0.75    0.00    0.00    0.00   96.74
12:49:42 AM  all    0.76    0.00    1.52    0.00    0.00    0.51    0.00    0.00    0.00   97.22
12:49:43 AM  all    0.75    0.00    1.75    0.00    0.00    1.25    0.00    0.00    0.00   96.26
12:49:44 AM  all    1.00    0.00    1.75    0.00    0.00    0.50    0.00    0.00    0.00   96.76
12:49:45 AM  all    0.76    0.00    1.02    0.00    0.00    0.25    0.00    0.00    0.00   97.96
12:49:46 AM  all    0.51    0.00    1.52    0.00    0.00    0.51    0.00    0.00    0.00   97.47
12:49:47 AM  all    1.25    0.00    1.50    0.00    0.00    0.75    0.00    0.00    0.00   96.49
12:49:48 AM  all    1.01    0.00    1.76    0.00    0.00    0.25    0.00    0.00    0.00   96.98
12:49:49 AM  all    0.76    0.00    1.51    0.00    0.00    0.50    0.00    0.00    0.00   97.23
12:49:50 AM  all    0.25    0.00    1.51    0.00    0.00    1.51    0.00    0.00    0.00   96.73
12:49:51 AM  all    0.50    0.00    1.51    0.00    0.00    1.01    0.00    0.00    0.00   96.98
12:49:52 AM  all    0.25    0.00    1.26    0.00    0.00    1.26    0.00    0.00    0.00   97.22
12:49:53 AM  all    0.75    0.00    1.75    0.00    0.00    0.75    0.00    0.00    0.00   96.75
12:49:54 AM  all    0.75    0.00    1.75    0.00    0.00    1.00    0.00    0.00    0.00   96.49
12:49:55 AM  all    0.76    0.00    1.76    0.00    0.00    0.76    0.00    0.00    0.00   96.73
12:49:56 AM  all    0.75    0.00    2.00    0.00    0.00    1.00    0.00    0.00    0.00   96.25
12:49:57 AM  all    0.50    0.00    1.76    0.00    0.00    0.76    0.00    0.00    0.00   96.98
12:49:58 AM  all    0.75    0.00    2.00    0.00    0.00    0.75    0.00    0.00    0.00   96.50
12:49:59 AM  all    1.01    0.00    2.01    0.00    0.00    0.50    0.00    0.00    0.00   96.48
12:50:00 AM  all    0.50    0.00    1.75    0.00    0.00    0.75    0.00    0.00    0.00   97.00
12:50:01 AM  all    1.02    0.00    1.02    0.00    0.00    0.76    0.00    0.00    0.00   97.21
12:50:02 AM  all    0.75    0.00    1.50    0.00    0.00    0.75    0.00    0.00    0.00   97.00
12:50:03 AM  all    0.51    0.00    1.27    0.00    0.00    0.76    0.00    0.00    0.00   97.47
12:50:04 AM  all    0.75    0.00    1.25    0.00    0.00    1.00    0.00    0.00    0.00   96.99
12:50:05 AM  all    0.75    0.00    1.75    0.00    0.00    1.25    0.00    0.00    0.00   96.25
12:50:06 AM  all    0.75    0.00    2.00    0.00    0.00    0.75    0.00    0.00    0.00   96.50
12:50:07 AM  all    0.76    0.00    1.01    0.00    0.00    0.51    0.00    0.00    0.00   97.72
12:50:08 AM  all    0.75    0.00    2.50    0.00    0.00    0.50    0.00    0.00    0.00   96.25
12:50:09 AM  all    0.76    0.00    1.52    0.00    0.00    0.25    0.00    0.00    0.00   97.47
12:50:10 AM  all    0.75    0.00    1.49    0.00    0.00    1.74    0.00    0.00    0.00   96.02
12:50:11 AM  all    1.01    0.00    1.26    0.00    0.00    0.25    0.00    0.00    0.00   97.48
12:50:12 AM  all    0.50    0.00    1.76    0.00    0.00    0.75    0.00    0.00    0.00   96.98
12:50:13 AM  all    1.26    0.00    1.26    0.00    0.00    0.75    0.00    0.00    0.00   96.73
12:50:14 AM  all    1.00    0.00    1.75    0.00    0.00    0.75    0.00    0.00    0.00   96.50
12:50:15 AM  all    0.76    0.00    1.51    0.00    0.00    0.50    0.00    0.00    0.00   97.23
12:50:16 AM  all    0.50    0.00    2.01    0.00    0.00    0.50    0.00    0.00    0.00   96.99
12:50:17 AM  all    0.76    0.00    0.76    0.00    0.00    1.01    0.00    0.00    0.00   97.47
12:50:18 AM  all    1.01    0.00    2.02    0.00    0.00    0.25    0.00    0.00    0.00   96.73
12:50:19 AM  all    1.50    0.00    1.50    0.00    0.00    0.75    0.00    0.00    0.00   96.25
12:50:20 AM  all    0.75    0.00    1.76    0.00    0.00    0.50    0.00    0.00    0.00   96.98
12:50:21 AM  all    0.75    0.00    2.00    0.00    0.00    0.50    0.00    0.00    0.00   96.76
12:50:22 AM  all    0.51    0.00    1.77    0.00    0.00    0.51    0.00    0.00    0.00   97.22
12:50:23 AM  all    1.01    0.00    1.51    0.00    0.00    0.50    0.00    0.00    0.00   96.98
12:50:24 AM  all    0.51    0.00    1.77    0.00    0.00    0.51    0.00    0.00    0.00   97.22
12:50:25 AM  all    0.99    0.00    2.72    0.00    0.00    0.99    0.00    0.00    0.00   95.31
12:50:26 AM  all    0.77    0.00    0.51    0.00    0.00    0.51    0.00    0.00    0.00   98.21
12:50:27 AM  all    0.99    0.00    2.97    0.00    0.00    0.50    0.00    0.00    0.00   95.54
12:50:28 AM  all    0.25    0.00    1.76    0.00    0.00    1.01    0.00    0.00    0.00   96.98
12:50:29 AM  all    1.25    0.00    1.25    0.00    0.00    1.00    0.00    0.00    0.00   96.49
12:50:30 AM  all    0.50    0.00    1.75    0.00    0.00    1.25    0.00    0.00    0.00   96.49
12:50:31 AM  all    1.00    0.00    1.00    0.00    0.00    1.25    0.00    0.00    0.00   96.74
12:50:32 AM  all    1.01    0.00    1.76    0.00    0.00    0.76    0.00    0.00    0.00   96.47
12:50:33 AM  all    0.75    0.00    1.26    0.00    0.00    0.50    0.00    0.00    0.00   97.49
12:50:34 AM  all    1.50    0.00    1.75    0.00    0.00    0.50    0.00    0.00    0.00   96.26
12:50:35 AM  all    0.50    0.00    2.25    0.00    0.00    1.25    0.00    0.00    0.00   96.00
12:50:36 AM  all    0.75    0.00    1.50    0.00    0.00    0.50    0.00    0.00    0.00   97.24
12:50:37 AM  all    0.50    0.00    2.01    0.00    0.00    0.75    0.00    0.00    0.00   96.73
12:50:38 AM  all    1.01    0.00    1.26    0.00    0.00    0.25    0.00    0.00    0.00   97.48
12:50:39 AM  all    0.25    0.00    1.52    0.00    0.00    0.51    0.00    0.00    0.00   97.73
12:50:40 AM  all    0.25    0.00    1.76    0.00    0.00    0.76    0.00    0.00    0.00   97.23
12:50:41 AM  all    1.00    0.00    1.25    0.00    0.00    1.25    0.00    0.00    0.00   96.49
12:50:42 AM  all    0.75    0.00    2.50    0.00    0.00    1.00    0.00    0.00    0.00   95.75
12:50:43 AM  all    0.75    0.00    1.51    0.00    0.00    0.50    0.00    0.00    0.00   97.24
12:50:44 AM  all    0.76    0.00    1.01    0.00    0.00    0.76    0.00    0.00    0.00   97.47
12:50:45 AM  all    0.25    0.00    0.76    0.00    0.00    1.02    0.00    0.00    0.00   97.96
12:50:46 AM  all    0.00    0.00    1.77    0.00    0.00    1.52    0.00    0.00    0.00   96.72
12:50:47 AM  all    0.50    0.00    2.50    0.00    0.00    2.25    0.00    0.00    0.00   94.75
12:50:48 AM  all    0.00    0.00    2.27    0.00    0.00    2.77    0.00    0.00    0.00   94.96
12:50:49 AM  all    0.50    0.00    2.76    0.00    0.00    2.01    0.00    0.00    0.00   94.74
12:50:50 AM  all    0.00    0.00    2.53    0.00    0.00    2.02    0.00    0.00    0.00   95.45
12:50:51 AM  all    0.00    0.00    2.03    0.00    0.00    2.28    0.00    0.00    0.00   95.70
12:50:52 AM  all    0.00    0.00    3.24    0.00    0.00    2.99    0.00    0.00    0.00   93.77
12:50:53 AM  all    0.50    0.00    2.02    0.00    0.00    2.27    0.00    0.00    0.00   95.21
12:50:54 AM  all    0.00    0.00    2.74    0.00    0.00    2.99    0.00    0.00    0.00   94.28
12:50:55 AM  all    0.00    0.00    2.04    0.00    0.00    1.79    0.00    0.00    0.00   96.17
12:50:56 AM  all    0.50    0.00    2.02    0.00    0.00    2.02    0.00    0.00    0.00   95.47
12:50:57 AM  all    0.00    0.00    2.78    0.00    0.00    2.02    0.00    0.00    0.00   95.20
12:50:58 AM  all    0.00    0.00    2.27    0.00    0.00    2.52    0.00    0.00    0.00   95.21
12:50:59 AM  all    0.25    0.00    2.51    0.00    0.00    2.01    0.00    0.00    0.00   95.23
12:51:00 AM  all    0.00    0.00    2.28    0.00    0.00    2.03    0.00    0.00    0.00   95.69
12:51:01 AM  all    0.00    0.00    1.52    0.00    0.00    2.53    0.00    0.00    0.00   95.95
12:51:02 AM  all    0.25    0.00    2.76    0.00    0.00    2.01    0.00    0.00    0.00   94.99
12:51:03 AM  all    0.00    0.00    2.27    0.00    0.00    2.02    0.00    0.00    0.00   95.72
12:51:04 AM  all    0.00    0.00    2.51    0.00    0.00    2.51    0.00    0.00    0.00   94.97
12:51:05 AM  all    0.49    0.00    2.96    0.00    0.00    3.20    0.00    0.00    0.00   93.35
12:51:06 AM  all    0.00    0.00    2.75    0.00    0.00    2.75    0.00    0.00    0.00   94.50
12:51:07 AM  all    1.00    0.00    2.25    0.00    0.00    2.00    0.00    0.00    0.00   94.75
12:51:08 AM  all    0.00    0.00    3.74    0.00    0.00    1.50    0.00    0.00    0.00   94.76
12:51:09 AM  all    0.00    0.00    3.01    0.00    0.00    2.26    0.00    0.00    0.00   94.74
12:51:10 AM  all    0.00    0.00    2.27    0.00    0.00    2.27    0.00    0.00    0.00   95.47
12:51:11 AM  all    0.25    0.00    2.28    0.00    0.00    2.28    0.00    0.00    0.00   95.19
12:51:12 AM  all    0.00    0.00    2.03    0.00    0.00    2.28    0.00    0.00    0.00   95.70
12:51:13 AM  all    0.00    0.00    2.99    0.00    0.00    2.49    0.00    0.00    0.00   94.51
12:51:14 AM  all    0.50    0.00    2.27    0.00    0.00    1.76    0.00    0.00    0.00   95.47
12:51:15 AM  all    0.25    0.00    2.75    0.00    0.00    2.50    0.00    0.00    0.00   94.50
12:51:16 AM  all    0.50    0.00    2.74    0.00    0.00    2.99    0.00    0.00    0.00   93.78
12:51:17 AM  all    0.00    0.00    2.51    0.00    0.00    2.76    0.00    0.00    0.00   94.72
12:51:18 AM  all    0.00    0.00    2.03    0.00    0.00    1.78    0.00    0.00    0.00   96.19
12:51:19 AM  all    0.00    0.00    2.28    0.00    0.00    2.28    0.00    0.00    0.00   95.44
12:51:20 AM  all    0.25    0.00    1.52    0.00    0.00    2.03    0.00    0.00    0.00   96.20
12:51:21 AM  all    0.00    0.00    2.02    0.00    0.00    2.02    0.00    0.00    0.00   95.97
12:51:22 AM  all    0.25    0.00    3.24    0.00    0.00    2.49    0.00    0.00    0.00   94.01
12:51:23 AM  all    0.25    0.00    2.03    0.00    0.00    1.27    0.00    0.00    0.00   96.45
12:51:24 AM  all    0.25    0.00    2.53    0.00    0.00    1.77    0.00    0.00    0.00   95.45
12:51:25 AM  all    0.00    0.00    2.53    0.00    0.00    2.03    0.00    0.00    0.00   95.44
12:51:26 AM  all    0.25    0.00    2.03    0.00    0.00    1.77    0.00    0.00    0.00   95.95
12:51:27 AM  all    0.25    0.00    2.29    0.00    0.00    1.27    0.00    0.00    0.00   96.18
12:51:28 AM  all    0.00    0.00    1.75    0.00    0.00    3.01    0.00    0.00    0.00   95.24
12:51:29 AM  all    0.76    0.00    2.03    0.00    0.00    1.52    0.00    0.00    0.00   95.69
12:51:30 AM  all    0.26    0.00    1.53    0.00    0.00    1.53    0.00    0.00    0.00   96.68
12:51:31 AM  all    0.25    0.00    1.52    0.00    0.00    2.54    0.00    0.00    0.00   95.69
12:51:32 AM  all    0.00    0.00    2.04    0.00    0.00    1.53    0.00    0.00    0.00   96.44
12:51:33 AM  all    0.25    0.00    2.76    0.00    0.00    1.76    0.00    0.00    0.00   95.23
12:51:34 AM  all    0.00    0.00    2.54    0.00    0.00    2.04    0.00    0.00    0.00   95.42
12:51:35 AM  all    0.00    0.00    1.77    0.00    0.00    2.53    0.00    0.00    0.00   95.71
12:51:36 AM  all    0.25    0.00    2.27    0.00    0.00    2.02    0.00    0.00    0.00   95.45
12:51:37 AM  all    0.25    0.00    1.52    0.25    0.00    2.53    0.00    0.00    0.00   95.45
12:51:38 AM  all    0.25    0.00    2.52    0.00    0.00    2.02    0.00    0.00    0.00   95.21
12:51:39 AM  all    0.00    0.00    3.02    0.00    0.00    2.26    0.00    0.00    0.00   94.72
12:51:40 AM  all    0.25    0.00    2.50    0.00    0.00    2.25    0.00    0.00    0.00   95.00
12:51:41 AM  all    0.50    0.00    2.77    0.00    0.00    1.76    0.00    0.00    0.00   94.96
12:51:42 AM  all    0.00    0.00    2.03    0.00    0.00    1.78    0.00    0.00    0.00   96.19
12:51:43 AM  all    0.00    0.00    2.27    0.00    0.00    2.53    0.00    0.00    0.00   95.20
12:51:44 AM  all    0.25    0.00    2.01    0.00    0.00    3.01    0.00    0.00    0.00   94.74
12:51:45 AM  all    0.25    0.00    1.75    0.00    0.00    3.00    0.00    0.00    0.00   95.00
12:51:46 AM  all    0.00    0.00    2.77    0.00    0.00    2.27    0.00    0.00    0.00   94.96
12:51:47 AM  all    0.75    0.00    2.25    0.00    0.00    2.50    0.00    0.00    0.00   94.50
12:51:48 AM  all    0.25    0.00    2.98    0.00    0.00    3.23    0.00    0.00    0.00   93.55
12:51:49 AM  all    0.25    0.00    2.76    0.00    0.00    2.01    0.00    0.00    0.00   94.99
12:51:50 AM  all    0.00    0.00    1.02    0.00    0.00    2.54    0.00    0.00    0.00   96.45
12:51:51 AM  all    0.00    0.00    2.75    0.00    0.00    2.75    0.00    0.00    0.00   94.50
12:51:52 AM  all    0.25    0.00    3.24    0.00    0.00    2.00    0.00    0.00    0.00   94.51
12:51:53 AM  all    0.25    0.00    2.74    0.00    0.00    2.99    0.00    0.00    0.00   94.01
12:51:54 AM  all    0.25    0.00    2.76    0.00    0.00    2.01    0.00    0.00    0.00   94.99
12:51:55 AM  all    0.25    0.00    2.74    0.00    0.00    2.49    0.00    0.00    0.00   94.51
12:51:56 AM  all    0.00    0.00    2.04    0.00    0.00    1.78    0.00    0.00    0.00   96.18
12:51:57 AM  all    0.00    0.00    2.77    0.00    0.00    1.76    0.00    0.00    0.00   95.47
12:51:58 AM  all    0.51    0.00    2.02    0.00    0.00    2.27    0.00    0.00    0.00   95.20
12:51:59 AM  all    0.25    0.00    2.75    0.00    0.00    2.00    0.00    0.00    0.00   95.00
12:52:00 AM  all    0.25    0.00    2.28    0.00    0.00    1.77    0.00    0.00    0.00   95.70
12:52:01 AM  all    0.00    0.00    2.27    0.00    0.00    2.27    0.00    0.00    0.00   95.47
12:52:02 AM  all    0.50    0.00    2.27    0.00    0.00    2.02    0.00    0.00    0.00   95.21
12:52:03 AM  all    0.00    0.00    3.01    0.00    0.00    2.26    0.00    0.00    0.00   94.74
12:52:04 AM  all    0.25    0.00    2.50    0.00    0.00    2.50    0.00    0.00    0.00   94.75
12:52:05 AM  all    0.00    0.00    2.29    0.00    0.00    1.78    0.00    0.00    0.00   95.93
12:52:06 AM  all    0.25    0.00    2.27    0.00    0.00    1.76    0.00    0.00    0.00   95.72
12:52:07 AM  all    0.00    0.00    2.01    0.00    0.00    2.76    0.00    0.00    0.00   95.24
12:52:08 AM  all    0.25    0.00    2.03    0.00    0.00    2.28    0.00    0.00    0.00   95.44
12:52:09 AM  all    0.00    0.00    2.04    0.00    0.00    1.78    0.00    0.00    0.00   96.18
12:52:10 AM  all    0.25    0.00    2.01    0.00    0.00    2.51    0.00    0.00    0.00   95.23
12:52:11 AM  all    0.50    0.00    2.26    0.00    0.00    2.51    0.00    0.00    0.00   94.74
12:52:12 AM  all    0.25    0.00    1.78    0.00    0.00    2.03    0.00    0.00    0.00   95.94
12:52:13 AM  all    0.25    0.00    1.76    0.00    0.00    2.51    0.00    0.00    0.00   95.48
12:52:14 AM  all    0.00    0.00    1.54    0.00    0.00    1.54    0.00    0.00    0.00   96.92
12:52:15 AM  all    0.25    0.00    2.50    0.00    0.00    2.25    0.00    0.00    0.00   95.00
12:52:16 AM  all    0.25    0.00    2.51    0.00    0.00    2.01    0.00    0.00    0.00   95.23
12:52:17 AM  all    0.25    0.00    2.26    0.25    0.00    2.51    0.00    0.00    0.00   94.74
12:52:18 AM  all    0.00    0.00    1.53    0.00    0.00    2.04    0.00    0.00    0.00   96.44
12:52:19 AM  all    0.25    0.00    2.77    0.00    0.00    1.76    0.00    0.00    0.00   95.21
12:52:20 AM  all    0.00    0.00    2.27    0.00    0.00    2.52    0.00    0.00    0.00   95.21
12:52:21 AM  all    0.25    0.00    2.52    0.00    0.00    2.27    0.00    0.00    0.00   94.96
12:52:22 AM  all    0.25    0.00    2.75    0.00    0.00    2.50    0.00    0.00    0.00   94.50
12:52:23 AM  all    0.00    0.00    2.74    0.00    0.00    2.74    0.00    0.00    0.00   94.51
12:52:24 AM  all    0.00    0.00    2.27    0.00    0.00    2.27    0.00    0.00    0.00   95.45
12:52:25 AM  all    0.75    0.00    2.01    0.00    0.00    2.51    0.00    0.00    0.00   94.74
12:52:26 AM  all    0.00    0.00    2.79    0.00    0.00    1.27    0.00    0.00    0.00   95.94
12:52:27 AM  all    0.00    0.00    2.27    0.00    0.00    2.27    0.00    0.00    0.00   95.45
12:52:28 AM  all    0.00    0.00    2.03    0.00    0.00    1.78    0.00    0.00    0.00   96.19
12:52:29 AM  all    0.51    0.00    2.53    0.00    0.00    1.77    0.00    0.00    0.00   95.19
12:52:30 AM  all    0.25    0.00    2.03    0.00    0.00    2.53    0.00    0.00    0.00   95.19
12:52:31 AM  all    0.25    0.00    2.52    0.00    0.00    1.76    0.00    0.00    0.00   95.47
12:52:32 AM  all    0.25    0.00    3.74    0.00    0.00    2.00    0.00    0.00    0.00   94.01
12:52:33 AM  all    0.25    0.00    2.24    0.00    0.00    2.74    0.00    0.00    0.00   94.78
12:52:34 AM  all    0.25    0.00    2.03    0.00    0.00    1.52    0.00    0.00    0.00   96.19
12:52:35 AM  all    0.51    0.00    2.04    0.00    0.00    1.28    0.00    0.00    0.00   96.17
12:52:36 AM  all    0.25    0.00    3.01    0.00    0.00    2.01    0.00    0.00    0.00   94.74
12:52:37 AM  all    0.51    0.00    1.79    0.00    0.00    1.28    0.00    0.00    0.00   96.43
12:52:38 AM  all    0.00    0.00    2.77    0.00    0.00    2.02    0.00    0.00    0.00   95.21
12:52:39 AM  all    0.00    0.00    1.78    0.00    0.00    1.78    0.00    0.00    0.00   96.44
12:52:40 AM  all    0.75    0.00    2.74    0.00    0.00    2.24    0.00    0.00    0.00   94.28
12:52:41 AM  all    0.00    0.00    1.28    0.00    0.00    1.54    0.00    0.00    0.00   97.18
12:52:42 AM  all    0.25    0.00    2.03    0.00    0.00    2.53    0.00    0.00    0.00   95.19
12:52:43 AM  all    0.51    0.00    2.04    0.00    0.00    1.78    0.00    0.00    0.00   95.67
12:52:44 AM  all    0.00    0.00    2.30    0.00    0.00    1.02    0.00    0.00    0.00   96.68
12:52:45 AM  all    0.00    0.00    2.05    0.00    0.00    1.28    0.00    0.00    0.00   96.67
12:52:46 AM  all    0.25    0.00    2.02    0.00    0.00    2.02    0.00    0.00    0.00   95.71
12:52:47 AM  all    0.00    0.00    1.54    0.00    0.00    1.54    0.00    0.00    0.00   96.92
12:52:48 AM  all    0.25    0.00    2.28    0.00    0.00    1.52    0.00    0.00    0.00   95.95
12:52:49 AM  all    0.00    0.00    2.03    0.00    0.00    1.78    0.00    0.00    0.00   96.19
12:52:50 AM  all    0.26    0.00    1.28    0.00    0.00    1.03    0.00    0.00    0.00   97.44
12:52:51 AM  all    0.00    0.00    1.78    0.00    0.00    2.28    0.00    0.00    0.00   95.94
12:52:52 AM  all    0.51    0.00    2.53    0.00    0.00    1.52    0.00    0.00    0.00   95.44
12:52:53 AM  all    0.25    0.00    1.78    0.00    0.00    2.04    0.00    0.00    0.00   95.93
12:52:54 AM  all    0.26    0.00    1.79    0.00    0.00    1.03    0.00    0.00    0.00   96.92
12:52:55 AM  all    0.25    0.00    2.53    0.00    0.00    1.52    0.00    0.00    0.00   95.70
12:52:56 AM  all    0.00    0.00    2.28    0.00    0.00    1.52    0.00    0.00    0.00   96.19
12:52:57 AM  all    0.00    0.00    1.54    0.00    0.00    1.54    0.00    0.00    0.00   96.92
12:52:58 AM  all    0.00    0.00    2.77    0.00    0.00    1.76    0.00    0.00    0.00   95.47
12:52:59 AM  all    0.00    0.00    1.78    0.00    0.00    1.78    0.00    0.00    0.00   96.44
12:53:00 AM  all    0.25    0.00    2.51    0.00    0.00    2.01    0.00    0.00    0.00   95.23
12:53:01 AM  all    0.25    0.00    3.02    0.00    0.00    2.01    0.00    0.00    0.00   94.72
12:53:02 AM  all    0.00    0.00    2.27    0.00    0.00    2.27    0.00    0.00    0.00   95.45
12:53:03 AM  all    0.25    0.00    2.26    0.00    0.00    3.01    0.00    0.00    0.00   94.49
12:53:04 AM  all    0.50    0.00    2.48    0.00    0.00    2.98    0.00    0.00    0.00   94.04
12:53:05 AM  all    0.00    0.00    2.28    0.00    0.00    2.28    0.00    0.00    0.00   95.44
12:53:06 AM  all    0.00    0.00    2.28    0.00    0.00    1.77    0.00    0.00    0.00   95.95
12:53:07 AM  all    0.50    0.00    2.75    0.00    0.00    2.00    0.00    0.00    0.00   94.75
12:53:08 AM  all    0.00    0.00    1.79    0.00    0.00    1.28    0.00    0.00    0.00   96.93
12:53:09 AM  all    0.00    0.00    1.02    0.00    0.00    2.29    0.00    0.00    0.00   96.69
12:53:10 AM  all    0.25    0.00    1.77    0.00    0.00    2.03    0.00    0.00    0.00   95.95
12:53:11 AM  all    0.51    0.00    1.28    0.00    0.00    1.79    0.00    0.00    0.00   96.43
12:53:12 AM  all    0.00    0.00    2.01    0.00    0.00    3.02    0.00    0.00    0.00   94.97
12:53:13 AM  all    0.00    0.00    2.02    0.00    0.00    2.78    0.00    0.00    0.00   95.20
12:53:14 AM  all    0.00    0.00    2.02    0.00    0.00    2.52    0.00    0.00    0.00   95.47
12:53:15 AM  all    0.00    0.00    2.02    0.00    0.00    2.02    0.00    0.00    0.00   95.96
12:53:16 AM  all    0.50    0.00    2.27    0.00    0.00    2.02    0.00    0.00    0.00   95.21
12:53:17 AM  all    0.00    0.00    2.27    0.00    0.00    2.27    0.00    0.00    0.00   95.45
12:53:18 AM  all    0.00    0.00    3.02    0.00    0.00    2.26    0.00    0.00    0.00   94.72
12:53:19 AM  all    0.00    0.00    2.02    0.00    0.00    2.52    0.00    0.00    0.00   95.47
12:53:20 AM  all    0.00    0.00    2.51    0.00    0.00    2.51    0.00    0.00    0.00   94.97
12:53:21 AM  all    0.00    0.00    1.54    0.00    0.00    1.79    0.00    0.00    0.00   96.67
12:53:22 AM  all    0.50    0.00    3.00    0.00    0.00    2.25    0.00    0.00    0.00   94.25
12:53:23 AM  all    0.00    0.00    2.52    0.00    0.00    2.27    0.00    0.00    0.00   95.21
12:53:24 AM  all    0.00    0.00    1.79    0.00    0.00    1.79    0.00    0.00    0.00   96.43
12:53:25 AM  all    0.00    0.00    2.02    0.00    0.00    2.52    0.00    0.00    0.00   95.47
12:53:26 AM  all    0.25    0.00    2.02    0.00    0.00    2.27    0.00    0.00    0.00   95.45
12:53:27 AM  all    0.51    0.00    1.77    0.00    0.00    2.02    0.00    0.00    0.00   95.71
12:53:28 AM  all    0.50    0.00    2.49    0.00    0.00    2.74    0.00    0.00    0.00   94.26
12:53:29 AM  all    0.00    0.00    2.26    0.00    0.00    3.26    0.00    0.00    0.00   94.49
12:53:30 AM  all    0.25    0.00    2.54    0.00    0.00    1.27    0.00    0.00    0.00   95.94
12:53:31 AM  all    0.00    0.00    2.53    0.00    0.00    1.27    0.00    0.00    0.00   96.20
12:53:32 AM  all    0.25    0.00    1.77    0.00    0.00    2.53    0.00    0.00    0.00   95.45
12:53:33 AM  all    0.00    0.00    2.00    0.00    0.00    3.50    0.00    0.00    0.00   94.50
12:53:34 AM  all    0.50    0.00    1.01    0.00    0.00    3.02    0.00    0.00    0.00   95.48
12:53:35 AM  all    0.00    0.00    2.03    0.00    0.00    2.03    0.00    0.00    0.00   95.95
12:53:36 AM  all    0.25    0.00    1.78    0.00    0.00    2.03    0.00    0.00    0.00   95.94
12:53:37 AM  all    0.00    0.00    1.79    0.00    0.00    2.04    0.00    0.00    0.00   96.17
12:53:38 AM  all    0.25    0.00    2.28    0.00    0.00    2.28    0.00    0.00    0.00   95.19
12:53:39 AM  all    0.25    0.00    2.50    0.00    0.00    2.50    0.00    0.00    0.00   94.75
12:53:40 AM  all    0.00    0.00    3.22    0.00    0.00    3.47    0.00    0.00    0.00   93.32
12:53:41 AM  all    0.00    0.00    1.53    0.00    0.00    2.30    0.00    0.00    0.00   96.17
12:53:42 AM  all    0.00    0.00    1.99    0.00    0.00    3.72    0.00    0.00    0.00   94.29
12:53:43 AM  all    0.00    0.00    1.78    0.00    0.00    2.04    0.00    0.00    0.00   96.18
12:53:44 AM  all    0.50    0.00    2.52    0.00    0.00    1.76    0.00    0.00    0.00   95.21
12:53:45 AM  all    0.00    0.00    2.03    0.00    0.00    2.03    0.00    0.00    0.00   95.95
12:53:46 AM  all    0.50    0.00    2.01    0.00    0.00    2.01    0.00    0.00    0.00   95.48
12:53:47 AM  all    0.00    0.00    2.79    0.00    0.00    1.52    0.00    0.00    0.00   95.69
12:53:48 AM  all    0.25    0.00    2.50    0.00    0.00    2.75    0.00    0.00    0.00   94.50
12:53:49 AM  all    0.00    0.00    2.53    0.00    0.00    2.03    0.00    0.00    0.00   95.44
12:53:50 AM  all    0.25    0.00    1.76    0.00    0.00    3.27    0.00    0.00    0.00   94.72
12:53:51 AM  all    0.00    0.00    2.27    0.00    0.00    2.02    0.00    0.00    0.00   95.72
12:53:52 AM  all    0.00    0.00    2.04    0.00    0.00    1.78    0.00    0.00    0.00   96.18
12:53:53 AM  all    0.25    0.00    2.02    0.00    0.00    1.77    0.00    0.00    0.00   95.96
12:53:54 AM  all    0.00    0.00    2.28    0.00    0.00    2.03    0.00    0.00    0.00   95.69
12:53:55 AM  all    0.00    0.00    3.27    0.00    0.00    1.51    0.00    0.00    0.00   95.23
12:53:56 AM  all    0.25    0.00    2.74    0.00    0.00    2.74    0.00    0.00    0.00   94.28
12:53:57 AM  all    0.00    0.00    1.78    0.00    0.00    2.54    0.00    0.00    0.00   95.69
12:53:58 AM  all    0.00    0.00    2.27    0.00    0.00    2.27    0.00    0.00    0.00   95.47
12:53:59 AM  all    0.75    0.00    1.51    0.00    0.00    0.75    0.00    0.00    0.00   96.98
12:54:00 AM  all    0.00    0.00    0.00    0.00    0.00    0.00    0.00    0.00    0.00  100.00
12:54:01 AM  all    0.00    0.00    0.00    0.00    0.00    0.00    0.00    0.00    0.00  100.00
12:54:02 AM  all    0.00    0.00    0.00    0.00    0.00    0.00    0.00    0.00    0.00  100.00
12:54:03 AM  all    0.00    0.00    0.00    0.00    0.00    0.00    0.00    0.00    0.00  100.00
12:54:04 AM  all    0.00    0.00    0.25    0.00    0.00    0.00    0.00    0.00    0.00   99.75
12:54:05 AM  all    0.00    0.00    0.00    0.00    0.00    0.00    0.00    0.00    0.00  100.00
12:54:06 AM  all    0.00    0.00    0.00    0.00    0.00    0.00    0.00    0.00    0.00  100.00
12:54:07 AM  all    0.25    0.00    0.00    0.00    0.00    0.00    0.00    0.00    0.00   99.75
12:54:08 AM  all    0.00    0.00    0.00    0.00    0.00    0.00    0.00    0.00    0.00  100.00
