Linux 5.15.0-186-generic (iZl4v9npj0k1gf7mzt23hcZ) 	08/20/2026 	_x86_64_	(4 CPU)

01:57:12 PM  CPU    %usr   %nice    %sys %iowait    %irq   %soft  %steal  %guest  %gnice   %idle
01:57:13 PM  all    2.26    0.00    1.01   95.48    0.00    0.00    0.00    0.00    0.00    1.26
01:57:14 PM  all    0.77    0.00    0.00   99.23    0.00    0.00    0.00    0.00    0.00    0.00
01:57:15 PM  all    1.75    0.00    0.50   97.26    0.00    0.50    0.00    0.00    0.00    0.00
01:57:16 PM  all    2.23    0.00    0.50   96.77    0.00    0.50    0.00    0.00    0.00    0.00
01:57:17 PM  all    2.95    0.00    1.23   95.58    0.00    0.25    0.00    0.00    0.00    0.00
01:57:18 PM  all    2.48    0.00    0.50   96.53    0.00    0.50    0.00    0.00    0.00    0.00
01:57:19 PM  all    2.97    0.00    0.50   96.53    0.00    0.00    0.00    0.00    0.00    0.00
01:57:20 PM  all    3.67    0.00    0.98   95.11    0.00    0.24    0.00    0.00    0.00    0.00
01:57:21 PM  all    2.26    0.00    0.50   97.24    0.00    0.00    0.00    0.00    0.00    0.00
01:57:22 PM  all    2.72    0.00    0.74   96.53    0.00    0.00    0.00    0.00    0.00    0.00
01:57:23 PM  all    1.99    0.00    0.50   97.26    0.00    0.25    0.00    0.00    0.00    0.00
01:57:24 PM  all    1.76    0.00    0.25   97.74    0.00    0.25    0.00    0.00    0.00    0.00
01:57:25 PM  all    2.23    0.00    0.74   96.78    0.00    0.25    0.00    0.00    0.00    0.00
01:57:26 PM  all    2.72    0.00    0.74   96.04    0.00    0.50    0.00    0.00    0.00    0.00
01:57:27 PM  all    2.50    0.00    0.00   97.25    0.00    0.25    0.00    0.00    0.00    0.00
01:57:28 PM  all    2.23    0.00    0.99   96.53    0.00    0.25    0.00    0.00    0.00    0.00
01:57:29 PM  all    0.77    0.00    0.00   99.23    0.00    0.00    0.00    0.00    0.00    0.00
01:57:30 PM  all    0.00    0.00    0.00  100.00    0.00    0.00    0.00    0.00    0.00    0.00
01:57:31 PM  all    0.00    0.00    0.00  100.00    0.00    0.00    0.00    0.00    0.00    0.00
01:57:32 PM  all    1.26    0.00    0.25   97.98    0.00    0.50    0.00    0.00    0.00    0.00
01:57:33 PM  all    2.48    0.00    0.50   97.02    0.00    0.00    0.00    0.00    0.00    0.00
01:57:34 PM  all    1.76    0.00    0.50   97.74    0.00    0.00    0.00    0.00    0.00    0.00
01:57:35 PM  all    1.25    0.00    0.75   97.74    0.00    0.25    0.00    0.00    0.00    0.00
01:57:36 PM  all    0.26    0.00    0.00   99.49    0.00    0.26    0.00    0.00    0.00    0.00
01:57:37 PM  all    0.51    0.00    0.26   99.23    0.00    0.00    0.00    0.00    0.00    0.00
01:57:38 PM  all    0.26    0.00    0.26   99.49    0.00    0.00    0.00    0.00    0.00    0.00
01:57:39 PM  all    0.51    0.00    0.00   99.49    0.00    0.00    0.00    0.00    0.00    0.00
01:57:40 PM  all    0.26    0.00    0.26   99.49    0.00    0.00    0.00    0.00    0.00    0.00
01:57:41 PM  all    0.51    0.00    0.00   99.49    0.00    0.00    0.00    0.00    0.00    0.00
01:57:42 PM  all    0.00    0.00    0.00  100.00    0.00    0.00    0.00    0.00    0.00    0.00
01:57:43 PM  all    0.26    0.00    0.00   99.74    0.00    0.00    0.00    0.00    0.00    0.00
01:57:44 PM  all    0.00    0.00    0.00  100.00    0.00    0.00    0.00    0.00    0.00    0.00
01:57:45 PM  all    0.26    0.00    0.26   99.49    0.00    0.00    0.00    0.00    0.00    0.00
01:57:46 PM  all    2.48    0.00    0.50   96.53    0.00    0.50    0.00    0.00    0.00    0.00
01:57:47 PM  all    1.26    0.00    0.50   97.73    0.00    0.50    0.00    0.00    0.00    0.00
01:57:48 PM  all    2.49    0.00    0.50   97.01    0.00    0.00    0.00    0.00    0.00    0.00
01:57:49 PM  all    1.01    0.00    0.25   98.48    0.00    0.25    0.00    0.00    0.00    0.00
01:57:50 PM  all    0.77    0.00    0.00   99.23    0.00    0.00    0.00    0.00    0.00    0.00
01:57:51 PM  all    0.26    0.00    0.00   99.74    0.00    0.00    0.00    0.00    0.00    0.00
01:57:52 PM  all    0.26    0.00    0.00   99.49    0.00    0.26    0.00    0.00    0.00    0.00
01:57:53 PM  all    0.00    0.00    0.00  100.00    0.00    0.00    0.00    0.00    0.00    0.00
01:57:54 PM  all    0.00    0.00    0.26   99.74    0.00    0.00    0.00    0.00    0.00    0.00
01:57:55 PM  all    0.51    0.00    0.00   99.49    0.00    0.00    0.00    0.00    0.00    0.00
01:57:56 PM  all    1.02    0.00    0.00   98.98    0.00    0.00    0.00    0.00    0.00    0.00
01:57:57 PM  all    2.97    0.00    0.99   96.04    0.00    0.00    0.00    0.00    0.00    0.00
01:57:58 PM  all    2.72    0.00    0.00   96.78    0.00    0.50    0.00    0.00    0.00    0.00
01:57:59 PM  all    2.99    0.00    0.25   96.52    0.00    0.25    0.00    0.00    0.00    0.00
01:58:00 PM  all    2.96    0.00    0.74   96.05    0.00    0.25    0.00    0.00    0.00    0.00
01:58:01 PM  all    1.51    0.00    0.50   97.74    0.00    0.25    0.00    0.00    0.00    0.00
01:58:02 PM  all    1.27    0.00    0.00   98.48    0.00    0.25    0.00    0.00    0.00    0.00
01:58:03 PM  all    1.26    0.00    0.25   98.48    0.00    0.00    0.00    0.00    0.00    0.00
01:58:04 PM  all    0.76    0.00    0.25   98.98    0.00    0.00    0.00    0.00    0.00    0.00
01:58:05 PM  all    0.26    0.00    0.00   99.74    0.00    0.00    0.00    0.00    0.00    0.00
01:58:06 PM  all    0.26    0.00    0.00   99.74    0.00    0.00    0.00    0.00    0.00    0.00
01:58:07 PM  all    0.00    0.00    0.00  100.00    0.00    0.00    0.00    0.00    0.00    0.00
01:58:08 PM  all    0.00    0.00    0.00  100.00    0.00    0.00    0.00    0.00    0.00    0.00
01:58:09 PM  all    0.26    0.00    0.00   99.74    0.00    0.00    0.00    0.00    0.00    0.00
01:58:10 PM  all    0.51    0.00    0.00   99.49    0.00    0.00    0.00    0.00    0.00    0.00
01:58:11 PM  all    0.00    0.00    0.00  100.00    0.00    0.00    0.00    0.00    0.00    0.00
01:58:12 PM  all    0.26    0.00    0.26   99.49    0.00    0.00    0.00    0.00    0.00    0.00
01:58:13 PM  all    0.76    0.00    0.76   98.23    0.00    0.25    0.00    0.00    0.00    0.00
01:58:14 PM  all    2.47    0.00    0.49   96.30    0.00    0.74    0.00    0.00    0.00    0.00
01:58:15 PM  all    2.93    0.00    1.46   95.12    0.00    0.49    0.00    0.00    0.00    0.00
01:58:16 PM  all    2.73    0.00    0.74   96.53    0.00    0.00    0.00    0.00    0.00    0.00
01:58:17 PM  all    2.00    0.00    0.50   97.26    0.00    0.25    0.00    0.00    0.00    0.00
01:58:18 PM  all    2.49    0.00    0.25   97.01    0.00    0.25    0.00    0.00    0.00    0.00
01:58:19 PM  all    2.23    0.00    0.99   96.29    0.00    0.50    0.00    0.00    0.00    0.00
01:58:20 PM  all    2.69    0.00    1.71   95.11    0.00    0.49    0.00    0.00    0.00    0.00
01:58:21 PM  all    2.47    0.00    0.74   96.05    0.00    0.74    0.00    0.00    0.00    0.00
01:58:22 PM  all    2.74    0.00    0.50   96.52    0.00    0.25    0.00    0.00    0.00    0.00
01:58:23 PM  all    2.72    0.00    0.99   95.54    0.00    0.74    0.00    0.00    0.00    0.00
01:58:24 PM  all    2.23    0.00    0.99   96.29    0.00    0.50    0.00    0.00    0.00    0.00
01:58:25 PM  all    2.94    0.00    1.23   95.59    0.00    0.25    0.00    0.00    0.00    0.00
01:58:26 PM  all    3.44    0.00    0.98   95.33    0.00    0.25    0.00    0.00    0.00    0.00
01:58:27 PM  all    1.98    0.00    0.99   96.30    0.00    0.74    0.00    0.00    0.00    0.00
01:58:28 PM  all    1.26    0.00    0.76   97.73    0.00    0.25    0.00    0.00    0.00    0.00
01:58:29 PM  all    2.49    0.00    0.50   96.77    0.00    0.25    0.00    0.00    0.00    0.00
01:58:30 PM  all    1.27    0.00    0.76   97.97    0.00    0.00    0.00    0.00    0.00    0.00
01:58:31 PM  all    1.01    0.00    0.00   98.73    0.00    0.25    0.00    0.00    0.00    0.00
01:58:32 PM  all    0.51    0.00    0.00   99.49    0.00    0.00    0.00    0.00    0.00    0.00
01:58:33 PM  all    0.25    0.00    1.02   93.38    0.00    0.00    0.00    0.00    0.00    5.34
01:58:34 PM  all    0.25    0.00    1.02   44.16    0.00    0.25    0.00    0.00    0.00   54.31
01:58:35 PM  all    1.27    0.00    1.52   25.57    0.00    0.00    0.00    0.00    0.00   71.65
01:58:36 PM  all    1.76    0.00    1.26   23.68    0.00    0.25    0.00    0.00    0.00   73.05
01:58:37 PM  all    2.26    0.00    1.25   23.31    0.00    0.25    0.00    0.00    0.00   72.93
01:58:38 PM  all    1.52    0.00    1.77   23.48    0.00    0.00    0.00    0.00    0.00   73.23
01:58:39 PM  all    1.26    0.00    1.52   23.74    0.00    0.25    0.00    0.00    0.00   73.23
01:58:40 PM  all    1.52    0.00    1.52   23.48    0.00    0.25    0.00    0.00    0.00   73.23
01:58:41 PM  all    2.48    0.00    2.48   23.27    0.00    0.25    0.00    0.00    0.00   71.53
01:58:42 PM  all    1.76    0.00    1.26   23.68    0.00    0.00    0.00    0.00    0.00   73.30
01:58:43 PM  all    1.27    0.00    1.02   23.66    0.00    0.00    0.00    0.00    0.00   74.05
01:58:44 PM  all    1.76    0.00    1.51   23.62    0.00    0.25    0.00    0.00    0.00   72.86
01:58:45 PM  all    1.76    0.00    2.01   23.37    0.00    0.00    0.00    0.00    0.00   72.86
01:58:46 PM  all    1.75    0.00    1.25   23.56    0.00    0.25    0.00    0.00    0.00   73.18
01:58:47 PM  all    1.03    0.00    1.03   23.85    0.00    0.26    0.00    0.00    0.00   73.85
01:58:48 PM  all    1.02    0.00    1.02   23.92    0.00    0.00    0.00    0.00    0.00   74.05
01:58:49 PM  all    2.49    0.00    1.74   23.13    0.00    0.75    0.00    0.00    0.00   71.89
01:58:50 PM  all    2.02    0.00    1.01   23.68    0.00    0.25    0.00    0.00    0.00   73.05
01:58:51 PM  all    1.51    0.00    1.76   23.37    0.00    0.25    0.00    0.00    0.00   73.12
01:58:52 PM  all    1.53    0.00    1.28   23.72    0.00    0.00    0.00    0.00    0.00   73.47
01:58:53 PM  all    1.50    0.00    1.50   23.56    0.00    0.25    0.00    0.00    0.00   73.18
01:58:54 PM  all    2.01    0.00    1.76   23.62    0.00    0.00    0.00    0.00    0.00   72.61
01:58:55 PM  all    1.27    0.00    1.27   23.35    0.00    0.25    0.00    0.00    0.00   73.86
01:58:56 PM  all    2.01    0.00    1.26   23.87    0.00    0.25    0.00    0.00    0.00   72.61
01:58:57 PM  all    1.75    0.00    2.49   23.19    0.00    0.00    0.00    0.00    0.00   72.57
01:58:58 PM  all    1.50    0.00    2.24   23.69    0.00    0.00    0.00    0.00    0.00   72.57
01:58:59 PM  all    1.75    0.00    1.50   23.56    0.00    0.25    0.00    0.00    0.00   72.93
01:59:00 PM  all    1.01    0.00    2.52   23.43    0.00    0.00    0.00    0.00    0.00   73.05
01:59:01 PM  all    1.77    0.00    1.26   23.74    0.00    0.25    0.00    0.00    0.00   72.98
01:59:02 PM  all    1.25    0.00    2.00   23.44    0.00    0.50    0.00    0.00    0.00   72.82
01:59:03 PM  all    2.25    0.00    2.25   23.25    0.00    0.00    0.00    0.00    0.00   72.25
01:59:04 PM  all    2.01    0.00    1.75   23.31    0.00    0.50    0.00    0.00    0.00   72.43
01:59:05 PM  all    2.24    0.00    2.00   23.19    0.00    0.00    0.00    0.00    0.00   72.57
01:59:06 PM  all    2.24    0.00    1.99   23.38    0.00    0.25    0.00    0.00    0.00   72.14
01:59:07 PM  all    2.74    0.00    1.75   23.19    0.00    0.25    0.00    0.00    0.00   72.07
01:59:08 PM  all    1.51    0.00    2.02   23.43    0.00    0.00    0.00    0.00    0.00   73.05
01:59:09 PM  all    1.26    0.00    2.26   23.37    0.00    0.25    0.00    0.00    0.00   72.86
01:59:10 PM  all    2.49    0.00    1.49   23.38    0.00    0.50    0.00    0.00    0.00   72.14
01:59:11 PM  all    2.28    0.00    0.76   23.54    0.00    0.51    0.00    0.00    0.00   72.91
01:59:12 PM  all    2.01    0.00    2.51   23.31    0.00    0.25    0.00    0.00    0.00   71.93
01:59:13 PM  all    1.02    0.00    0.77   24.04    0.00    0.00    0.00    0.00    0.00   74.17
01:59:14 PM  all    1.26    0.00    1.52   23.74    0.00    0.25    0.00    0.00    0.00   73.23
01:59:15 PM  all    2.48    0.00    2.23   23.08    0.00    0.50    0.00    0.00    0.00   71.71
01:59:16 PM  all    1.01    0.00    1.77   23.54    0.00    0.25    0.00    0.00    0.00   73.42
01:59:17 PM  all    1.75    0.00    2.00   23.50    0.00    0.00    0.00    0.00    0.00   72.75
01:59:18 PM  all    2.03    0.00    0.76   23.60    0.00    0.00    0.00    0.00    0.00   73.60
01:59:19 PM  all    1.75    0.00    2.00   23.75    0.00    0.00    0.00    0.00    0.00   72.50
01:59:20 PM  all    2.26    0.00    1.50   23.06    0.00    0.50    0.00    0.00    0.00   72.68
01:59:21 PM  all    2.00    0.00    2.00   23.44    0.00    0.00    0.00    0.00    0.00   72.57
01:59:22 PM  all    1.52    0.00    1.01   23.99    0.00    0.00    0.00    0.00    0.00   73.48
01:59:23 PM  all    2.02    0.00    1.26   23.23    0.00    0.51    0.00    0.00    0.00   72.98
01:59:24 PM  all    2.01    0.00    1.75   23.56    0.00    0.00    0.00    0.00    0.00   72.68
01:59:25 PM  all    1.27    0.00    1.52   23.54    0.00    0.25    0.00    0.00    0.00   73.42
01:59:26 PM  all    1.51    0.00    1.76   23.62    0.00    0.00    0.00    0.00    0.00   73.12
01:59:27 PM  all    1.49    0.00    2.73   23.33    0.00    0.25    0.00    0.00    0.00   72.21
01:59:28 PM  all    1.52    0.00    1.27   23.60    0.00    0.00    0.00    0.00    0.00   73.60
01:59:29 PM  all    1.52    0.00    1.26   23.99    0.00    0.25    0.00    0.00    0.00   72.98
01:59:30 PM  all    2.01    0.00    1.75   23.06    0.00    0.25    0.00    0.00    0.00   72.93
01:59:31 PM  all    2.48    0.00    1.99   23.33    0.00    0.25    0.00    0.00    0.00   71.96
01:59:32 PM  all    1.77    0.00    1.01   23.54    0.00    0.25    0.00    0.00    0.00   73.42
01:59:33 PM  all    1.53    0.00    0.76   23.92    0.00    0.00    0.00    0.00    0.00   73.79
01:59:34 PM  all    2.26    0.00    1.25   23.56    0.00    0.00    0.00    0.00    0.00   72.93
01:59:35 PM  all    1.52    0.00    1.77   23.74    0.00    0.00    0.00    0.00    0.00   72.98
01:59:36 PM  all    1.27    0.00    1.27   23.80    0.00    0.00    0.00    0.00    0.00   73.67
01:59:37 PM  all    1.51    0.00    1.76   23.62    0.00    0.00    0.00    0.00    0.00   73.12
01:59:38 PM  all    1.76    0.00    2.01   23.12    0.00    0.00    0.00    0.00    0.00   73.12
01:59:39 PM  all    1.27    0.00    1.52   23.60    0.00    0.25    0.00    0.00    0.00   73.35
01:59:40 PM  all    2.50    0.00    1.75   23.25    0.00    0.25    0.00    0.00    0.00   72.25
01:59:41 PM  all    1.74    0.00    2.24   23.38    0.00    0.25    0.00    0.00    0.00   72.39
01:59:42 PM  all    1.53    0.00    0.77   23.72    0.00    0.26    0.00    0.00    0.00   73.72
01:59:43 PM  all    0.76    0.00    1.52   23.86    0.00    0.00    0.00    0.00    0.00   73.86
01:59:44 PM  all    2.26    0.00    1.26   23.37    0.00    0.00    0.00    0.00    0.00   73.12
01:59:45 PM  all    1.02    0.00    1.27   23.60    0.00    0.51    0.00    0.00    0.00   73.60
01:59:46 PM  all    0.77    0.00    1.03   24.10    0.00    0.26    0.00    0.00    0.00   73.85
01:59:47 PM  all    2.01    0.00    1.25   23.31    0.00    0.25    0.00    0.00    0.00   73.18
01:59:48 PM  all    1.78    0.00    1.27   23.86    0.00    0.00    0.00    0.00    0.00   73.10
01:59:49 PM  all    1.52    0.00    1.26   23.48    0.00    0.25    0.00    0.00    0.00   73.48
01:59:50 PM  all    1.52    0.00    2.02   23.48    0.00    0.00    0.00    0.00    0.00   72.98
01:59:51 PM  all    2.01    0.00    1.00   23.56    0.00    0.25    0.00    0.00    0.00   73.18
01:59:52 PM  all    2.01    0.00    2.01   23.56    0.00    0.00    0.00    0.00    0.00   72.43
01:59:53 PM  all    1.51    0.00    1.01   23.87    0.00    0.25    0.00    0.00    0.00   73.37
01:59:54 PM  all    1.02    0.00    1.28   23.72    0.00    0.26    0.00    0.00    0.00   73.72
01:59:55 PM  all    2.23    0.00    1.74   23.33    0.00    0.25    0.00    0.00    0.00   72.46
01:59:56 PM  all    1.27    0.00    1.27   23.86    0.00    0.25    0.00    0.00    0.00   73.35
01:59:57 PM  all    1.25    0.00    2.26   23.31    0.00    0.25    0.00    0.00    0.00   72.93
01:59:58 PM  all    1.27    0.00    1.77   23.54    0.00    0.00    0.00    0.00    0.00   73.42
01:59:59 PM  all    1.27    0.00    1.27   23.86    0.00    0.00    0.00    0.00    0.00   73.60
02:00:00 PM  all    2.23    0.00    1.98   23.27    0.00    0.50    0.00    0.00    0.00   72.03
02:00:01 PM  all    1.27    0.00    1.27   23.86    0.00    0.00    0.00    0.00    0.00   73.60
02:00:02 PM  all    1.75    0.00    2.01   23.31    0.00    0.50    0.00    0.00    0.00   72.43
02:00:03 PM  all    1.49    0.00    2.49   23.38    0.00    0.25    0.00    0.00    0.00   72.39
02:00:04 PM  all    1.75    0.00    1.25   23.81    0.00    0.25    0.00    0.00    0.00   72.93
02:00:05 PM  all    2.24    0.00    2.49   22.89    0.00    0.50    0.00    0.00    0.00   71.89
02:00:06 PM  all    1.02    0.00    1.28   23.72    0.00    0.00    0.00    0.00    0.00   73.98
02:00:07 PM  all    2.48    0.00    1.98   23.27    0.00    0.25    0.00    0.00    0.00   72.03
02:00:08 PM  all    2.49    0.00    2.49   23.13    0.00    0.00    0.00    0.00    0.00   71.89
02:00:09 PM  all    2.01    0.00    0.75   23.81    0.00    0.25    0.00    0.00    0.00   73.18
02:00:10 PM  all    1.26    0.00    2.26   23.37    0.00    0.25    0.00    0.00    0.00   72.86
02:00:11 PM  all    0.77    0.00    1.02   24.30    0.00    0.00    0.00    0.00    0.00   73.91
02:00:12 PM  all    1.75    0.00    2.24   22.94    0.00    0.25    0.00    0.00    0.00   72.82
02:00:13 PM  all    1.53    0.00    1.02   23.92    0.00    0.00    0.00    0.00    0.00   73.54
02:00:14 PM  all    1.50    0.00    2.01   23.56    0.00    0.25    0.00    0.00    0.00   72.68
02:00:15 PM  all    1.76    0.00    2.26   23.12    0.00    0.00    0.00    0.00    0.00   72.86
02:00:16 PM  all    2.47    0.00    2.72   23.21    0.00    0.25    0.00    0.00    0.00   71.36
02:00:17 PM  all    1.52    0.00    1.52   23.29    0.00    0.25    0.00    0.00    0.00   73.42
02:00:18 PM  all    0.77    0.00    1.02   23.98    0.00    0.26    0.00    0.00    0.00   73.98
02:00:19 PM  all    1.99    0.00    2.23   23.33    0.00    0.50    0.00    0.00    0.00   71.96
02:00:20 PM  all    1.51    0.00    1.76   23.43    0.00    0.00    0.00    0.00    0.00   73.30
02:00:21 PM  all    1.26    0.00    2.01   23.62    0.00    0.00    0.00    0.00    0.00   73.12
02:00:22 PM  all    0.76    0.00    2.02   23.68    0.00    0.25    0.00    0.00    0.00   73.30
02:00:23 PM  all    1.03    0.00    0.52   23.97    0.00    0.00    0.00    0.00    0.00   74.48
02:00:24 PM  all    1.99    0.00    2.48   23.33    0.00    0.00    0.00    0.00    0.00   72.21
02:00:25 PM  all    1.28    0.00    0.77   23.79    0.00    0.26    0.00    0.00    0.00   73.91
02:00:26 PM  all    1.99    0.00    2.48   23.08    0.00    0.25    0.00    0.00    0.00   72.21
02:00:27 PM  all    2.03    0.00    0.25   23.80    0.00    0.25    0.00    0.00    0.00   73.67
02:00:28 PM  all    1.01    0.00    2.51   23.62    0.00    0.25    0.00    0.00    0.00   72.61
02:00:29 PM  all    1.53    0.00    0.76   23.66    0.00    0.25    0.00    0.00    0.00   73.79
02:00:30 PM  all    1.53    0.00    1.27   23.66    0.00    0.00    0.00    0.00    0.00   73.54
02:00:31 PM  all    2.24    0.00    1.74   23.38    0.00    0.25    0.00    0.00    0.00   72.39
02:00:32 PM  all    1.75    0.00    2.25   23.25    0.00    0.50    0.00    0.00    0.00   72.25
02:00:33 PM  all    1.27    0.00    1.52   23.35    0.00    0.00    0.00    0.00    0.00   73.86
02:00:34 PM  all    1.52    0.00    1.52   23.80    0.00    0.00    0.00    0.00    0.00   73.16
02:00:35 PM  all    2.71    0.00    2.22   23.40    0.00    0.49    0.00    0.00    0.00   71.18
02:00:36 PM  all    1.77    0.00    1.52   23.23    0.00    0.00    0.00    0.00    0.00   73.48
02:00:37 PM  all    0.77    0.00    0.77   24.04    0.00    0.26    0.00    0.00    0.00   74.17
02:00:38 PM  all    1.02    0.00    1.02   23.98    0.00    0.00    0.00    0.00    0.00   73.98
02:00:39 PM  all    1.98    0.00    2.23   23.27    0.00    0.50    0.00    0.00    0.00   72.03
02:00:40 PM  all    1.28    0.00    1.02   23.72    0.00    0.00    0.00    0.00    0.00   73.98
02:00:41 PM  all    1.51    0.00    1.76   23.62    0.00    0.00    0.00    0.00    0.00   73.12
02:00:42 PM  all    1.27    0.00    1.02   23.66    0.00    0.25    0.00    0.00    0.00   73.79
02:00:43 PM  all    1.75    0.00    2.00   23.69    0.00    0.00    0.00    0.00    0.00   72.57
02:00:44 PM  all    1.51    0.00    2.01   23.62    0.00    0.00    0.00    0.00    0.00   72.86
02:00:45 PM  all    1.75    0.00    2.01   23.31    0.00    0.25    0.00    0.00    0.00   72.68
02:00:46 PM  all    1.77    0.00    1.26   23.74    0.00    0.00    0.00    0.00    0.00   73.23
02:00:47 PM  all    1.99    0.00    1.99   23.38    0.00    0.25    0.00    0.00    0.00   72.39
02:00:48 PM  all    1.78    0.00    1.27   23.60    0.00    0.00    0.00    0.00    0.00   73.35
02:00:49 PM  all    1.75    0.00    2.50   23.00    0.00    0.50    0.00    0.00    0.00   72.25
02:00:50 PM  all    1.74    0.00    2.98   23.08    0.00    0.25    0.00    0.00    0.00   71.96
02:00:51 PM  all    0.77    0.00    1.02   24.04    0.00    0.00    0.00    0.00    0.00   74.17
02:00:52 PM  all    1.26    0.00    1.52   23.48    0.00    0.25    0.00    0.00    0.00   73.48
02:00:53 PM  all    1.51    0.00    1.76   23.87    0.00    0.00    0.00    0.00    0.00   72.86
02:00:54 PM  all    2.00    0.00    2.49   23.19    0.00    0.25    0.00    0.00    0.00   72.07
02:00:55 PM  all    1.53    0.00    1.02   23.16    0.00    0.25    0.00    0.00    0.00   74.05
02:00:56 PM  all    1.26    0.00    1.76   23.93    0.00    0.00    0.00    0.00    0.00   73.05
02:00:57 PM  all    1.76    0.00    1.26   23.62    0.00    0.50    0.00    0.00    0.00   72.86
02:00:58 PM  all    1.52    0.00    1.27   23.54    0.00    0.51    0.00    0.00    0.00   73.16
02:00:59 PM  all    2.00    0.00    2.00   23.00    0.00    0.25    0.00    0.00    0.00   72.75
02:01:00 PM  all    2.26    0.00    1.75   23.31    0.00    0.25    0.00    0.00    0.00   72.43
02:01:01 PM  all    2.21    0.00    3.19   23.10    0.00    0.00    0.00    0.00    0.00   71.50
02:01:02 PM  all    1.52    0.00    1.52   23.48    0.00    0.51    0.00    0.00    0.00   72.98
02:01:03 PM  all    2.24    0.00    1.75   23.44    0.00    0.00    0.00    0.00    0.00   72.57
02:01:04 PM  all    1.75    0.00    2.74   23.19    0.00    0.00    0.00    0.00    0.00   72.32
02:01:05 PM  all    1.26    0.00    1.51   23.62    0.00    0.50    0.00    0.00    0.00   73.12
02:01:06 PM  all    1.02    0.00    1.53   23.92    0.00    0.00    0.00    0.00    0.00   73.54
02:01:07 PM  all    1.26    0.00    2.01   23.62    0.00    0.25    0.00    0.00    0.00   72.86
02:01:08 PM  all    1.26    0.00    2.01   23.12    0.00    0.50    0.00    0.00    0.00   73.12
02:01:09 PM  all    2.24    0.00    2.49   23.19    0.00    0.25    0.00    0.00    0.00   71.82
02:01:10 PM  all    2.25    0.00    1.25   23.25    0.00    0.50    0.00    0.00    0.00   72.75
02:01:11 PM  all    1.27    0.00    1.52   23.60    0.00    0.00    0.00    0.00    0.00   73.60
02:01:12 PM  all    3.20    0.00    2.46   23.15    0.00    0.00    0.00    0.00    0.00   71.18
02:01:13 PM  all    1.01    0.00    2.27   23.68    0.00    0.00    0.00    0.00    0.00   73.05
02:01:14 PM  all    2.00    0.00    1.75   22.94    0.00    0.50    0.00    0.00    0.00   72.82
02:01:15 PM  all    1.78    0.00    0.76   23.66    0.00    0.25    0.00    0.00    0.00   73.54
02:01:16 PM  all    1.27    0.00    1.77   23.54    0.00    0.25    0.00    0.00    0.00   73.16
02:01:17 PM  all    1.26    0.00    1.51   23.68    0.00    0.25    0.00    0.00    0.00   73.30
02:01:18 PM  all    1.53    0.00    1.02   23.92    0.00    0.00    0.00    0.00    0.00   73.54
02:01:19 PM  all    1.75    0.00    2.24   23.19    0.00    0.25    0.00    0.00    0.00   72.57
02:01:20 PM  all    2.00    0.00    2.49   23.19    0.00    0.00    0.00    0.00    0.00   72.32
02:01:21 PM  all    1.99    0.00    2.24   23.38    0.00    0.25    0.00    0.00    0.00   72.14
02:01:22 PM  all    1.76    0.00    1.26   23.68    0.00    0.25    0.00    0.00    0.00   73.05
02:01:23 PM  all    1.02    0.00    1.53   23.47    0.00    0.00    0.00    0.00    0.00   73.98
02:01:24 PM  all    1.77    0.00    1.26   23.74    0.00    0.25    0.00    0.00    0.00   72.98
02:01:25 PM  all    1.52    0.00    1.52   23.54    0.00    0.00    0.00    0.00    0.00   73.42
02:01:26 PM  all    1.02    0.00    1.52   23.60    0.00    0.25    0.00    0.00    0.00   73.60
02:01:27 PM  all    1.52    0.00    1.77   23.48    0.00    0.00    0.00    0.00    0.00   73.23
02:01:28 PM  all    2.01    0.00    1.75   23.56    0.00    0.00    0.00    0.00    0.00   72.68
02:01:29 PM  all    1.52    0.00    1.27   23.35    0.00    0.25    0.00    0.00    0.00   73.60
02:01:30 PM  all    1.75    0.00    2.26   23.06    0.00    0.25    0.00    0.00    0.00   72.68
02:01:31 PM  all    1.76    0.00    1.01   23.68    0.00    0.50    0.00    0.00    0.00   73.05
02:01:32 PM  all    1.52    0.00    1.27   23.80    0.00    0.00    0.00    0.00    0.00   73.42
02:01:33 PM  all    1.02    0.00    1.53   23.66    0.00    0.25    0.00    0.00    0.00   73.54
02:01:34 PM  all    2.05    0.00    1.54   24.87    0.00    0.00    0.00    0.00    0.00   71.54
02:01:35 PM  all    6.48    0.00    3.74   23.44    0.00    0.25    0.00    0.00    0.00   66.08
02:01:36 PM  all    1.51    0.00    1.76   23.43    0.00    0.25    0.00    0.00    0.00   73.05
02:01:37 PM  all    2.24    0.00    2.49   23.13    0.00    0.00    0.00    0.00    0.00   72.14
02:01:38 PM  all    1.52    0.00    1.01   23.74    0.00    0.25    0.00    0.00    0.00   73.48
02:01:39 PM  all    1.52    0.00    1.01   23.74    0.00    0.51    0.00    0.00    0.00   73.23
02:01:40 PM  all    1.25    0.00    2.00   23.50    0.00    0.25    0.00    0.00    0.00   73.00
02:01:41 PM  all    1.50    0.00    2.50   23.50    0.00    0.00    0.00    0.00    0.00   72.50
02:01:42 PM  all    0.77    0.00    1.29   23.65    0.00    0.00    0.00    0.00    0.00   74.29
02:01:43 PM  all    1.27    0.00    1.27   23.86    0.00    0.00    0.00    0.00    0.00   73.60
02:01:44 PM  all    2.24    0.00    2.24   23.13    0.00    0.25    0.00    0.00    0.00   72.14
02:01:45 PM  all    1.02    0.00    1.53   23.47    0.00    0.26    0.00    0.00    0.00   73.72
02:01:46 PM  all    1.76    0.00    1.51   23.43    0.00    0.00    0.00    0.00    0.00   73.30
02:01:47 PM  all    1.52    0.00    1.52   23.80    0.00    0.00    0.00    0.00    0.00   73.16
02:01:48 PM  all    1.01    0.00    1.77   23.54    0.00    0.25    0.00    0.00    0.00   73.42
02:01:49 PM  all    1.75    0.00    2.74   23.19    0.00    0.00    0.00    0.00    0.00   72.32
02:01:50 PM  all    1.27    0.00    1.27   23.86    0.00    0.25    0.00    0.00    0.00   73.35
02:01:51 PM  all    1.51    0.00    2.26   23.12    0.00    0.25    0.00    0.00    0.00   72.86
02:01:52 PM  all    1.72    0.00    3.69   22.91    0.00    0.25    0.00    0.00    0.00   71.43
02:01:53 PM  all    1.03    0.00    0.52   23.77    0.00    0.00    0.00    0.00    0.00   74.68
02:01:54 PM  all    1.51    0.00    1.51   23.43    0.00    0.25    0.00    0.00    0.00   73.30
02:01:55 PM  all    1.52    0.00    1.27   23.80    0.00    0.25    0.00    0.00    0.00   73.16
02:01:56 PM  all    1.49    0.00    2.24   23.38    0.00    0.25    0.00    0.00    0.00   72.64
02:01:57 PM  all    1.77    0.00    1.26   23.99    0.00    0.00    0.00    0.00    0.00   72.98
02:01:58 PM  all    2.49    0.00    2.24   22.89    0.00    0.00    0.00    0.00    0.00   72.39
02:01:59 PM  all    2.01    0.00    1.26   23.62    0.00    0.25    0.00    0.00    0.00   72.86
02:02:00 PM  all    2.01    0.00    1.76   23.62    0.00    0.00    0.00    0.00    0.00   72.61
02:02:01 PM  all    2.01    0.00    1.75   23.31    0.00    0.25    0.00    0.00    0.00   72.68
02:02:02 PM  all    1.76    0.00    1.01   23.43    0.00    0.25    0.00    0.00    0.00   73.55
02:02:03 PM  all    1.74    0.00    2.99   23.13    0.00    0.25    0.00    0.00    0.00   71.89
02:02:04 PM  all    1.25    0.00    2.25   23.75    0.00    0.00    0.00    0.00    0.00   72.75
02:02:05 PM  all    2.02    0.00    1.01   23.74    0.00    0.25    0.00    0.00    0.00   72.98
02:02:06 PM  all    1.75    0.00    2.00   23.19    0.00    0.25    0.00    0.00    0.00   72.82
02:02:07 PM  all    2.02    0.00    1.51   23.43    0.00    0.00    0.00    0.00    0.00   73.05
02:02:08 PM  all    1.02    0.00    1.79   23.53    0.00    0.00    0.00    0.00    0.00   73.66
02:02:09 PM  all    1.27    0.00    1.27   23.86    0.00    0.25    0.00    0.00    0.00   73.35
02:02:10 PM  all    2.45    0.00    3.43   22.30    0.00    0.49    0.00    0.00    0.00   71.32
02:02:11 PM  all    2.72    0.00    2.72   22.77    0.00    0.00    0.00    0.00    0.00   71.78
02:02:12 PM  all    1.77    0.00    1.26   23.74    0.00    0.25    0.00    0.00    0.00   72.98
02:02:13 PM  all    1.25    0.00    2.75   23.25    0.00    0.00    0.00    0.00    0.00   72.75
02:02:14 PM  all    2.00    0.00    2.25   23.25    0.00    0.25    0.00    0.00    0.00   72.25
02:02:15 PM  all    2.21    0.00    2.94   23.28    0.00    0.25    0.00    0.00    0.00   71.32
02:02:16 PM  all    1.52    0.00    2.03   23.04    0.00    0.25    0.00    0.00    0.00   73.16
02:02:17 PM  all    2.01    0.00    1.25   23.81    0.00    0.00    0.00    0.00    0.00   72.93
02:02:18 PM  all    1.50    0.00    2.51   23.31    0.00    0.50    0.00    0.00    0.00   72.18
02:02:19 PM  all    1.53    0.00    1.02   23.41    0.00    0.00    0.00    0.00    0.00   74.05
02:02:20 PM  all    2.28    0.00    0.76   23.80    0.00    0.25    0.00    0.00    0.00   72.91
02:02:21 PM  all    1.50    0.00    2.50   23.00    0.00    0.25    0.00    0.00    0.00   72.75
02:02:22 PM  all    2.01    0.00    1.50   23.56    0.00    0.25    0.00    0.00    0.00   72.68
02:02:23 PM  all    0.76    0.00    2.53   23.48    0.00    0.00    0.00    0.00    0.00   73.23
02:02:24 PM  all    1.28    0.00    1.02   23.72    0.00    0.26    0.00    0.00    0.00   73.72
02:02:25 PM  all    1.99    0.00    2.24   23.13    0.00    0.25    0.00    0.00    0.00   72.39
02:02:26 PM  all    3.17    0.00    3.41   22.44    0.00    0.49    0.00    0.00    0.00   70.49
02:02:27 PM  all    1.77    0.00    1.77   23.48    0.00    0.00    0.00    0.00    0.00   72.98
02:02:28 PM  all    2.00    0.00    2.00   23.25    0.00    0.25    0.00    0.00    0.00   72.50
02:02:29 PM  all    1.26    0.00    2.01   23.62    0.00    0.25    0.00    0.00    0.00   72.86
02:02:30 PM  all    2.00    0.00    2.74   22.94    0.00    0.25    0.00    0.00    0.00   72.07
02:02:31 PM  all    1.75    0.00    2.01   23.56    0.00    0.00    0.00    0.00    0.00   72.68
02:02:32 PM  all    1.27    0.00    1.52   23.35    0.00    0.25    0.00    0.00    0.00   73.60
02:02:33 PM  all    1.29    0.00    0.51   23.65    0.00    0.00    0.00    0.00    0.00   74.55
02:02:34 PM  all    1.50    0.00    2.25   23.50    0.00    0.25    0.00    0.00    0.00   72.50
02:02:35 PM  all    1.27    0.00    1.02   23.60    0.00    0.25    0.00    0.00    0.00   73.86
02:02:36 PM  all    1.78    0.00    1.02   23.60    0.00    0.25    0.00    0.00    0.00   73.35
02:02:37 PM  all    2.24    0.00    1.75   23.44    0.00    0.25    0.00    0.00    0.00   72.32
02:02:38 PM  all    1.27    0.00    1.27   23.80    0.00    0.25    0.00    0.00    0.00   73.42
02:02:39 PM  all    2.26    0.00    1.50   23.31    0.00    0.00    0.00    0.00    0.00   72.93
02:02:40 PM  all    1.77    0.00    1.52   23.74    0.00    0.25    0.00    0.00    0.00   72.73
02:02:41 PM  all    1.27    0.00    1.01   23.54    0.00    0.25    0.00    0.00    0.00   73.92
02:02:42 PM  all    0.51    0.00    1.79   23.72    0.00    0.00    0.00    0.00    0.00   73.98
02:02:43 PM  all    1.76    0.00    1.01   23.87    0.00    0.50    0.00    0.00    0.00   72.86
02:02:44 PM  all    1.77    0.00    1.77   23.48    0.00    0.00    0.00    0.00    0.00   72.98
02:02:45 PM  all    1.52    0.00    1.27   23.54    0.00    0.00    0.00    0.00    0.00   73.67
02:02:46 PM  all    1.27    0.00    1.27   23.41    0.00    0.00    0.00    0.00    0.00   74.05
02:02:47 PM  all    1.50    0.00    2.50   23.50    0.00    0.25    0.00    0.00    0.00   72.25
02:02:48 PM  all    1.51    0.00    1.76   23.62    0.00    0.25    0.00    0.00    0.00   72.86
02:02:49 PM  all    1.52    0.00    1.52   23.54    0.00    0.00    0.00    0.00    0.00   73.42
02:02:50 PM  all    1.77    0.00    1.52   23.23    0.00    0.25    0.00    0.00    0.00   73.23
02:02:51 PM  all    2.00    0.00    1.25   24.00    0.00    0.25    0.00    0.00    0.00   72.50
02:02:52 PM  all    1.77    0.00    2.03   23.04    0.00    0.00    0.00    0.00    0.00   73.16
02:02:53 PM  all    1.27    0.00    1.27   23.86    0.00    0.00    0.00    0.00    0.00   73.60
02:02:54 PM  all    1.26    0.00    1.26   23.68    0.00    0.50    0.00    0.00    0.00   73.30
02:02:55 PM  all    1.02    0.00    1.27   23.92    0.00    0.25    0.00    0.00    0.00   73.54
02:02:56 PM  all    1.75    0.00    2.01   23.06    0.00    0.25    0.00    0.00    0.00   72.93
02:02:57 PM  all    2.00    0.00    2.00   23.50    0.00    0.00    0.00    0.00    0.00   72.50
02:02:58 PM  all    1.49    0.00    1.99   23.38    0.00    0.50    0.00    0.00    0.00   72.64
02:02:59 PM  all    1.52    0.00    1.52   23.54    0.00    0.25    0.00    0.00    0.00   73.16
02:03:00 PM  all    0.51    0.00    1.28   23.85    0.00    0.00    0.00    0.00    0.00   74.36
02:03:01 PM  all    2.00    0.00    2.00   23.50    0.00    0.00    0.00    0.00    0.00   72.50
02:03:02 PM  all    1.52    0.00    1.26   23.48    0.00    0.51    0.00    0.00    0.00   73.23
02:03:03 PM  all    1.27    0.00    1.78   23.60    0.00    0.25    0.00    0.00    0.00   73.10
02:03:04 PM  all    2.25    0.00    1.00   23.25    0.00    0.50    0.00    0.00    0.00   73.00
02:03:05 PM  all    1.50    0.00    1.75   23.31    0.00    0.50    0.00    0.00    0.00   72.93
02:03:06 PM  all    1.27    0.00    1.02   23.92    0.00    0.00    0.00    0.00    0.00   73.79
02:03:07 PM  all    1.50    0.00    1.50   23.81    0.00    0.50    0.00    0.00    0.00   72.68
02:03:08 PM  all    1.27    0.00    1.01   23.54    0.00    0.25    0.00    0.00    0.00   73.92
02:03:09 PM  all    1.52    0.00    1.01   23.80    0.00    0.25    0.00    0.00    0.00   73.42
02:03:10 PM  all    1.52    0.00    2.02   23.48    0.00    0.00    0.00    0.00    0.00   72.98
02:03:11 PM  all    2.23    0.00    1.98   23.27    0.00    0.25    0.00    0.00    0.00   72.28
02:03:12 PM  all    2.24    0.00    2.00   23.19    0.00    0.25    0.00    0.00    0.00   72.32
02:03:13 PM  all    1.52    0.00    1.52   23.60    0.00    0.00    0.00    0.00    0.00   73.35
02:03:14 PM  all    0.76    0.00    0.76   24.11    0.00    0.51    0.00    0.00    0.00   73.86
02:03:15 PM  all    1.76    0.00    1.76   23.43    0.00    0.00    0.00    0.00    0.00   73.05
02:03:16 PM  all    1.75    0.00    2.25   23.50    0.00    0.00    0.00    0.00    0.00   72.50
02:03:17 PM  all    1.26    0.00    1.76   23.17    0.00    0.50    0.00    0.00    0.00   73.30
02:03:18 PM  all    1.73    0.00    3.21   23.21    0.00    0.00    0.00    0.00    0.00   71.85
02:03:19 PM  all    1.52    0.00    1.77   23.54    0.00    0.00    0.00    0.00    0.00   73.16
02:03:20 PM  all    1.77    0.00    1.01   23.74    0.00    0.25    0.00    0.00    0.00   73.23
02:03:21 PM  all    2.49    0.00    2.24   22.94    0.00    0.00    0.00    0.00    0.00   72.32
02:03:22 PM  all    0.77    0.00    1.28   23.79    0.00    0.26    0.00    0.00    0.00   73.91
02:03:23 PM  all    1.77    0.00    1.52   23.48    0.00    0.00    0.00    0.00    0.00   73.23
02:03:24 PM  all    2.00    0.00    1.50   23.50    0.00    0.50    0.00    0.00    0.00   72.50
02:03:25 PM  all    1.74    0.00    2.23   23.33    0.00    0.50    0.00    0.00    0.00   72.21
02:03:26 PM  all    1.26    0.00    1.52   23.74    0.00    0.25    0.00    0.00    0.00   73.23
02:03:27 PM  all    2.72    0.00    2.23   23.02    0.00    0.00    0.00    0.00    0.00   72.03
02:03:28 PM  all    1.78    0.00    1.02   23.60    0.00    0.25    0.00    0.00    0.00   73.35
02:03:29 PM  all    1.51    0.00    2.01   23.37    0.00    0.25    0.00    0.00    0.00   72.86
02:03:30 PM  all    3.12    0.00    4.09   22.60    0.00    0.48    0.00    0.00    0.00   69.71
02:03:31 PM  all    2.24    0.00    2.74   22.89    0.00    0.00    0.00    0.00    0.00   72.14
02:03:32 PM  all    2.49    0.00    2.24   23.38    0.00    0.00    0.00    0.00    0.00   71.89
02:03:33 PM  all    1.27    0.00    1.52   23.60    0.00    0.00    0.00    0.00    0.00   73.60
02:03:34 PM  all    2.00    0.00    1.25   23.44    0.00    0.50    0.00    0.00    0.00   72.82
02:03:35 PM  all    1.27    0.00    1.02   23.92    0.00    0.25    0.00    0.00    0.00   73.54
02:03:36 PM  all    1.02    0.00    1.27   23.66    0.00    0.25    0.00    0.00    0.00   73.79
02:03:37 PM  all    2.26    0.00    1.51   23.12    0.00    0.25    0.00    0.00    0.00   72.86
02:03:38 PM  all    1.76    0.00    1.51   23.62    0.00    0.00    0.00    0.00    0.00   73.12
02:03:39 PM  all    1.75    0.00    1.75   23.50    0.00    0.50    0.00    0.00    0.00   72.50
02:03:40 PM  all    1.28    0.00    1.28   23.53    0.00    0.00    0.00    0.00    0.00   73.91
02:03:41 PM  all    1.49    0.00    2.24   23.63    0.00    0.00    0.00    0.00    0.00   72.64
02:03:42 PM  all    1.53    0.00    1.27   23.66    0.00    0.00    0.00    0.00    0.00   73.54
02:03:43 PM  all    2.24    0.00    2.24   23.19    0.00    0.25    0.00    0.00    0.00   72.07
02:03:44 PM  all    0.76    0.00    1.27   23.66    0.00    0.00    0.00    0.00    0.00   74.30
02:03:45 PM  all    1.75    0.00    2.76   23.06    0.00    0.25    0.00    0.00    0.00   72.18
02:03:46 PM  all    2.01    0.00    1.51   23.37    0.00    0.25    0.00    0.00    0.00   72.86
02:03:47 PM  all    2.03    0.00    1.01   23.54    0.00    0.00    0.00    0.00    0.00   73.42
02:03:48 PM  all    1.52    0.00    1.52   23.35    0.00    0.25    0.00    0.00    0.00   73.35
02:03:49 PM  all    1.99    0.00    2.24   23.38    0.00    0.00    0.00    0.00    0.00   72.39
02:03:50 PM  all    1.01    0.00    1.77   23.80    0.00    0.25    0.00    0.00    0.00   73.16
02:03:51 PM  all    1.26    0.00    1.52   23.48    0.00    0.25    0.00    0.00    0.00   73.48
02:03:52 PM  all    2.24    0.00    1.49   23.38    0.00    0.25    0.00    0.00    0.00   72.64
02:03:53 PM  all    1.75    0.00    2.01   23.56    0.00    0.25    0.00    0.00    0.00   72.43
02:03:54 PM  all    1.52    0.00    1.27   23.60    0.00    0.00    0.00    0.00    0.00   73.60
02:03:55 PM  all    1.75    0.00    2.50   23.25    0.00    0.00    0.00    0.00    0.00   72.50
02:03:56 PM  all    1.76    0.00    1.51   23.37    0.00    0.25    0.00    0.00    0.00   73.12
02:03:57 PM  all    2.48    0.00    1.99   23.33    0.00    0.25    0.00    0.00    0.00   71.96
02:03:58 PM  all    1.28    0.00    1.02   23.72    0.00    0.26    0.00    0.00    0.00   73.72
02:03:59 PM  all    1.01    0.00    1.52   23.74    0.00    0.00    0.00    0.00    0.00   73.74
02:04:00 PM  all    1.75    0.00    2.50   23.25    0.00    0.00    0.00    0.00    0.00   72.50
02:04:01 PM  all    0.51    0.00    0.77   24.10    0.00    0.26    0.00    0.00    0.00   74.36
02:04:02 PM  all    1.76    0.00    2.01   23.12    0.00    0.25    0.00    0.00    0.00   72.86
02:04:03 PM  all    1.51    0.00    2.01   23.62    0.00    0.00    0.00    0.00    0.00   72.86
02:04:04 PM  all    1.27    0.00    1.02   23.86    0.00    0.25    0.00    0.00    0.00   73.60
02:04:05 PM  all    1.53    0.00    1.27   23.41    0.00    0.00    0.00    0.00    0.00   73.79
02:04:06 PM  all    0.77    0.00    2.04   23.47    0.00    0.00    0.00    0.00    0.00   73.72
02:04:07 PM  all    1.74    0.00    1.99   23.57    0.00    0.50    0.00    0.00    0.00   72.21
02:04:08 PM  all    1.52    0.00    1.52   23.54    0.00    0.00    0.00    0.00    0.00   73.42
02:04:09 PM  all    1.26    0.00    2.02   23.43    0.00    0.25    0.00    0.00    0.00   73.05
02:04:10 PM  all    1.98    0.00    2.48   23.27    0.00    0.25    0.00    0.00    0.00   72.03
02:04:11 PM  all    1.27    0.00    1.27   23.86    0.00    0.25    0.00    0.00    0.00   73.35
02:04:12 PM  all    2.47    0.00    2.72   22.72    0.00    0.00    0.00    0.00    0.00   72.10
02:04:13 PM  all    1.26    0.00    1.77   23.74    0.00    0.25    0.00    0.00    0.00   72.98
02:04:14 PM  all    1.02    0.00    1.27   23.92    0.00    0.00    0.00    0.00    0.00   73.79
02:04:15 PM  all    1.77    0.00    1.77   22.98    0.00    0.25    0.00    0.00    0.00   73.23
02:04:16 PM  all    1.75    0.00    1.75   23.81    0.00    0.25    0.00    0.00    0.00   72.43
02:04:17 PM  all    1.52    0.00    1.27   23.29    0.00    0.25    0.00    0.00    0.00   73.67
02:04:18 PM  all    1.27    0.00    1.52   23.80    0.00    0.00    0.00    0.00    0.00   73.42
02:04:19 PM  all    1.50    0.00    1.25   23.81    0.00    0.50    0.00    0.00    0.00   72.93
02:04:20 PM  all    1.28    0.00    1.02   23.53    0.00    0.00    0.00    0.00    0.00   74.17
02:04:21 PM  all    1.52    0.00    1.01   23.48    0.00    0.51    0.00    0.00    0.00   73.48
02:04:22 PM  all    1.52    0.00    1.01   23.80    0.00    0.25    0.00    0.00    0.00   73.42
02:04:23 PM  all    1.52    0.00    1.52   23.74    0.00    0.00    0.00    0.00    0.00   73.23
02:04:24 PM  all    1.00    0.00    2.26   23.31    0.00    0.50    0.00    0.00    0.00   72.93
02:04:25 PM  all    2.46    0.00    2.96   22.91    0.00    0.25    0.00    0.00    0.00   71.43
02:04:26 PM  all    1.75    0.00    2.25   23.25    0.00    0.25    0.00    0.00    0.00   72.50
02:04:27 PM  all    1.27    0.00    1.27   23.92    0.00    0.00    0.00    0.00    0.00   73.54
02:04:28 PM  all    1.52    0.00    1.52   23.29    0.00    0.25    0.00    0.00    0.00   73.42
02:04:29 PM  all    2.24    0.00    1.50   23.44    0.00    0.25    0.00    0.00    0.00   72.57
02:04:30 PM  all    1.26    0.00    2.02   23.48    0.00    0.00    0.00    0.00    0.00   73.23
02:04:31 PM  all    1.02    0.00    0.77   24.04    0.00    0.00    0.00    0.00    0.00   74.17
02:04:32 PM  all    1.76    0.00    1.76   23.43    0.00    0.00    0.00    0.00    0.00   73.05
02:04:33 PM  all    1.03    0.00    0.77   23.91    0.00    0.00    0.00    0.00    0.00   74.29
02:04:34 PM  all    1.01    0.00    1.51   23.68    0.00    0.25    0.00    0.00    0.00   73.55
02:04:35 PM  all    2.03    0.00    0.76   23.54    0.00    0.25    0.00    0.00    0.00   73.42
02:04:36 PM  all    1.25    0.00    2.50   23.75    0.00    0.25    0.00    0.00    0.00   72.25
02:04:37 PM  all    1.76    0.00    1.51   23.37    0.00    0.25    0.00    0.00    0.00   73.12
02:04:38 PM  all    1.27    0.00    1.27   23.54    0.00    0.25    0.00    0.00    0.00   73.67
02:04:39 PM  all    1.50    0.00    2.25   23.25    0.00    0.50    0.00    0.00    0.00   72.50
02:04:40 PM  all    0.51    0.00    1.03   24.10    0.00    0.00    0.00    0.00    0.00   74.36
02:04:41 PM  all    1.78    0.00    0.51   23.66    0.00    0.00    0.00    0.00    0.00   74.05
02:04:42 PM  all    1.02    0.00    1.02   24.11    0.00    0.25    0.00    0.00    0.00   73.60
02:04:43 PM  all    2.02    0.00    1.52   22.98    0.00    0.25    0.00    0.00    0.00   73.23
02:04:44 PM  all    1.52    0.00    1.77   23.54    0.00    0.00    0.00    0.00    0.00   73.16
02:04:45 PM  all    1.76    0.00    1.51   23.62    0.00    0.25    0.00    0.00    0.00   72.86
02:04:46 PM  all    0.51    0.00    1.28   23.98    0.00    0.00    0.00    0.00    0.00   74.23
02:04:47 PM  all    2.24    0.00    2.00   23.19    0.00    0.25    0.00    0.00    0.00   72.32
02:04:48 PM  all    2.27    0.00    1.26   23.68    0.00    0.00    0.00    0.00    0.00   72.80
02:04:49 PM  all    1.02    0.00    1.02   23.47    0.00    0.26    0.00    0.00    0.00   74.23
02:04:50 PM  all    2.23    0.00    2.48   23.33    0.00    0.00    0.00    0.00    0.00   71.96
02:04:51 PM  all    2.26    0.00    1.00   23.56    0.00    0.25    0.00    0.00    0.00   72.93
02:04:52 PM  all    1.52    0.00    1.52   23.80    0.00    0.00    0.00    0.00    0.00   73.16
02:04:53 PM  all    2.46    0.00    2.96   22.66    0.00    0.25    0.00    0.00    0.00   71.67
02:04:54 PM  all    1.75    0.00    2.01   23.56    0.00    0.00    0.00    0.00    0.00   72.68
02:04:55 PM  all    2.01    0.00    1.75   23.31    0.00    0.25    0.00    0.00    0.00   72.68
02:04:56 PM  all    1.51    0.00    2.02   23.43    0.00    0.00    0.00    0.00    0.00   73.05
02:04:57 PM  all    1.51    0.00    1.51   23.68    0.00    0.00    0.00    0.00    0.00   73.30
02:04:58 PM  all    2.01    0.00    1.76   23.12    0.00    0.25    0.00    0.00    0.00   72.86
02:04:59 PM  all    1.25    0.00    2.01   23.81    0.00    0.00    0.00    0.00    0.00   72.93
02:05:00 PM  all    1.51    0.00    2.27   23.17    0.00    0.25    0.00    0.00    0.00   72.80
02:05:01 PM  all    1.52    0.00    1.27   23.80    0.00    0.00    0.00    0.00    0.00   73.42
02:05:02 PM  all    2.24    0.00    2.24   23.38    0.00    0.25    0.00    0.00    0.00   71.89
02:05:03 PM  all    1.26    0.00    1.76   23.62    0.00    0.25    0.00    0.00    0.00   73.12
02:05:04 PM  all    1.75    0.00    2.24   23.44    0.00    0.25    0.00    0.00    0.00   72.32
02:05:05 PM  all    1.77    0.00    1.52   23.23    0.00    0.25    0.00    0.00    0.00   73.23
02:05:06 PM  all    2.02    0.00    1.76   23.43    0.00    0.00    0.00    0.00    0.00   72.80
02:05:07 PM  all    2.71    0.00    2.71   22.91    0.00    0.00    0.00    0.00    0.00   71.67
02:05:08 PM  all    1.53    0.00    1.02   23.72    0.00    0.00    0.00    0.00    0.00   73.72
02:05:09 PM  all    1.50    0.00    1.25   23.56    0.00    0.75    0.00    0.00    0.00   72.93
02:05:10 PM  all    1.75    0.00    2.74   22.94    0.00    0.25    0.00    0.00    0.00   72.32
02:05:11 PM  all    1.77    0.00    0.76   23.80    0.00    0.00    0.00    0.00    0.00   73.67
02:05:12 PM  all    1.50    0.00    2.00   23.50    0.00    0.25    0.00    0.00    0.00   72.75
02:05:13 PM  all    1.27    0.00    1.52   23.54    0.00    0.25    0.00    0.00    0.00   73.42
02:05:14 PM  all    1.76    0.00    1.76   25.94    0.00    0.00    0.00    0.00    0.00   70.53
02:05:15 PM  all    0.25    0.00    0.25   99.49    0.00    0.00    0.00    0.00    0.00    0.00
02:05:16 PM  all    0.25    0.00    0.25   99.25    0.00    0.25    0.00    0.00    0.00    0.00
02:05:17 PM  all    0.50    0.00    0.50   98.75    0.00    0.25    0.00    0.00    0.00    0.00
02:05:18 PM  all    0.00    0.00    0.25   99.50    0.00    0.25    0.00    0.00    0.00    0.00
02:05:19 PM  all    0.25    0.00    0.25   99.25    0.00    0.25    0.00    0.00    0.00    0.00
02:05:20 PM  all    0.00    0.00    0.25   99.75    0.00    0.00    0.00    0.00    0.00    0.00
02:05:21 PM  all    0.00    0.00    1.25   98.75    0.00    0.00    0.00    0.00    0.00    0.00
02:05:22 PM  all    0.00    0.00    0.25   99.75    0.00    0.00    0.00    0.00    0.00    0.00
02:05:23 PM  all    0.25    0.00    0.25   99.25    0.00    0.25    0.00    0.00    0.00    0.00
02:05:24 PM  all    0.00    0.00    0.25   99.50    0.00    0.25    0.00    0.00    0.00    0.00
02:05:25 PM  all    0.25    0.00    0.75   98.75    0.00    0.25    0.00    0.00    0.00    0.00
02:05:26 PM  all    0.00    0.00    0.75   99.25    0.00    0.00    0.00    0.00    0.00    0.00
02:05:27 PM  all    0.25    0.00    0.50   99.00    0.00    0.25    0.00    0.00    0.00    0.00
02:05:28 PM  all    0.25    0.00    0.50   99.24    0.00    0.00    0.00    0.00    0.00    0.00
02:05:29 PM  all    0.50    0.00    0.50   98.75    0.00    0.25    0.00    0.00    0.00    0.00
02:05:30 PM  all    0.25    0.00    0.00   99.75    0.00    0.00    0.00    0.00    0.00    0.00
02:05:31 PM  all    0.00    0.00    0.00  100.00    0.00    0.00    0.00    0.00    0.00    0.00
02:05:32 PM  all    0.25    0.00    0.25   99.49    0.00    0.00    0.00    0.00    0.00    0.00
02:05:33 PM  all    0.25    0.00    1.00   98.75    0.00    0.00    0.00    0.00    0.00    0.00
02:05:34 PM  all    0.25    0.00    0.25   99.25    0.00    0.25    0.00    0.00    0.00    0.00
02:05:35 PM  all    0.25    0.00    1.00   98.75    0.00    0.00    0.00    0.00    0.00    0.00
02:05:36 PM  all    0.50    0.00    0.75   98.51    0.00    0.25    0.00    0.00    0.00    0.00
02:05:37 PM  all    0.50    0.00    0.75   98.25    0.00    0.50    0.00    0.00    0.00    0.00
02:05:38 PM  all    0.25    0.00    0.50   99.00    0.00    0.25    0.00    0.00    0.00    0.00
02:05:39 PM  all    0.25    0.00    0.75   99.00    0.00    0.00    0.00    0.00    0.00    0.00
02:05:40 PM  all    0.00    0.00    0.51   99.49    0.00    0.00    0.00    0.00    0.00    0.00
02:05:41 PM  all    0.25    0.00    0.75   99.00    0.00    0.00    0.00    0.00    0.00    0.00
02:05:42 PM  all    0.25    0.00    0.00   99.75    0.00    0.00    0.00    0.00    0.00    0.00
02:05:43 PM  all    0.00    0.00    0.25   99.75    0.00    0.00    0.00    0.00    0.00    0.00
02:05:44 PM  all    0.00    0.00    0.00  100.00    0.00    0.00    0.00    0.00    0.00    0.00
02:05:45 PM  all    0.00    0.00    0.25   99.75    0.00    0.00    0.00    0.00    0.00    0.00
02:05:46 PM  all    0.00    0.00    0.00  100.00    0.00    0.00    0.00    0.00    0.00    0.00
02:05:47 PM  all    0.00    0.00    0.00  100.00    0.00    0.00    0.00    0.00    0.00    0.00
02:05:48 PM  all    0.25    0.00    0.00   99.75    0.00    0.00    0.00    0.00    0.00    0.00
02:05:49 PM  all    0.00    0.00    0.50   99.25    0.00    0.25    0.00    0.00    0.00    0.00
02:05:50 PM  all    0.00    0.00    0.50   99.25    0.00    0.25    0.00    0.00    0.00    0.00
02:05:51 PM  all    0.25    0.00    0.50   99.00    0.00    0.25    0.00    0.00    0.00    0.00
02:05:52 PM  all    0.25    0.00    0.25   99.25    0.00    0.25    0.00    0.00    0.00    0.00
02:05:53 PM  all    0.00    0.00    0.51   99.49    0.00    0.00    0.00    0.00    0.00    0.00
02:05:54 PM  all    0.00    0.00    0.50   99.50    0.00    0.00    0.00    0.00    0.00    0.00
02:05:55 PM  all    0.25    0.00    0.50   99.25    0.00    0.00    0.00    0.00    0.00    0.00
02:05:56 PM  all    0.50    0.00    0.00   99.50    0.00    0.00    0.00    0.00    0.00    0.00
02:05:57 PM  all    0.25    0.00    0.00   99.75    0.00    0.00    0.00    0.00    0.00    0.00
02:05:58 PM  all    0.25    0.00    0.00   99.75    0.00    0.00    0.00    0.00    0.00    0.00
02:05:59 PM  all    0.00    0.00    0.50   99.50    0.00    0.00    0.00    0.00    0.00    0.00
02:06:00 PM  all    0.00    0.00    0.00  100.00    0.00    0.00    0.00    0.00    0.00    0.00
02:06:01 PM  all    0.00    0.00    0.00  100.00    0.00    0.00    0.00    0.00    0.00    0.00
02:06:02 PM  all    0.00    0.00    0.25   99.75    0.00    0.00    0.00    0.00    0.00    0.00
02:06:03 PM  all    0.25    0.00    0.00   99.75    0.00    0.00    0.00    0.00    0.00    0.00
02:06:04 PM  all    0.00    0.00    0.75   98.75    0.00    0.50    0.00    0.00    0.00    0.00
02:06:05 PM  all    0.49    0.00    1.72   97.06    0.00    0.74    0.00    0.00    0.00    0.00
02:06:06 PM  all    0.49    0.00    1.48   97.29    0.00    0.74    0.00    0.00    0.00    0.00
02:06:07 PM  all    0.00    0.00    0.00  100.00    0.00    0.00    0.00    0.00    0.00    0.00
02:06:08 PM  all    0.25    0.00    0.00   99.75    0.00    0.00    0.00    0.00    0.00    0.00
02:06:09 PM  all    0.25    0.00    0.25   99.50    0.00    0.00    0.00    0.00    0.00    0.00
02:06:10 PM  all    0.00    0.00    1.50   98.25    0.00    0.25    0.00    0.00    0.00    0.00
02:06:11 PM  all    0.00    0.00    1.00   98.51    0.00    0.50    0.00    0.00    0.00    0.00
02:06:12 PM  all    0.00    0.00    0.50   99.00    0.00    0.50    0.00    0.00    0.00    0.00
02:06:13 PM  all    0.00    0.00    0.00  100.00    0.00    0.00    0.00    0.00    0.00    0.00
02:06:14 PM  all    0.00    0.00    0.00  100.00    0.00    0.00    0.00    0.00    0.00    0.00
02:06:15 PM  all    0.51    0.00    0.00   99.49    0.00    0.00    0.00    0.00    0.00    0.00
02:06:16 PM  all    0.00    0.00    0.00  100.00    0.00    0.00    0.00    0.00    0.00    0.00
02:06:17 PM  all    0.75    0.00    0.50   98.75    0.00    0.00    0.00    0.00    0.00    0.00
02:06:18 PM  all    0.00    0.00    1.72   97.04    0.00    1.23    0.00    0.00    0.00    0.00
02:06:19 PM  all    0.25    0.00    1.48   97.78    0.00    0.49    0.00    0.00    0.00    0.00
02:06:20 PM  all    0.00    0.00    0.51   99.49    0.00    0.00    0.00    0.00    0.00    0.00
02:06:21 PM  all    0.25    0.00    0.00   99.75    0.00    0.00    0.00    0.00    0.00    0.00
02:06:22 PM  all    0.25    0.00    0.00   99.75    0.00    0.00    0.00    0.00    0.00    0.00
02:06:23 PM  all    0.25    0.00    0.50   98.75    0.00    0.50    0.00    0.00    0.00    0.00
02:06:24 PM  all    0.25    0.00    1.24   98.26    0.00    0.25    0.00    0.00    0.00    0.00
02:06:25 PM  all    0.25    0.00    1.49   98.01    0.00    0.25    0.00    0.00    0.00    0.00
02:06:26 PM  all    0.50    0.00    0.00   99.00    0.00    0.50    0.00    0.00    0.00    0.00
02:06:27 PM  all    0.25    0.00    0.75   98.75    0.00    0.25    0.00    0.00    0.00    0.00
02:06:28 PM  all    0.50    0.00    0.75   98.50    0.00    0.25    0.00    0.00    0.00    0.00
02:06:29 PM  all    0.00    0.00    0.25   99.49    0.00    0.25    0.00    0.00    0.00    0.00
02:06:30 PM  all    0.50    0.00    0.75   98.51    0.00    0.25    0.00    0.00    0.00    0.00
02:06:31 PM  all    0.00    0.00    0.25   99.25    0.00    0.50    0.00    0.00    0.00    0.00
02:06:32 PM  all    0.49    0.00    2.22   97.04    0.00    0.25    0.00    0.00    0.00    0.00
02:06:33 PM  all    0.49    0.00    1.48   97.53    0.00    0.49    0.00    0.00    0.00    0.00
02:06:34 PM  all    0.00    0.00    1.24   98.01    0.00    0.75    0.00    0.00    0.00    0.00
02:06:35 PM  all    0.50    0.00    0.50   98.99    0.00    0.00    0.00    0.00    0.00    0.00
02:06:36 PM  all    0.00    0.00    0.25   99.75    0.00    0.00    0.00    0.00    0.00    0.00
02:06:37 PM  all    0.50    0.00    0.50   99.00    0.00    0.00    0.00    0.00    0.00    0.00
02:06:38 PM  all    0.25    0.00    1.00   98.50    0.00    0.25    0.00    0.00    0.00    0.00
02:06:39 PM  all    0.25    0.00    0.50   99.00    0.00    0.25    0.00    0.00    0.00    0.00
02:06:40 PM  all    0.00    0.00    0.50   99.00    0.00    0.50    0.00    0.00    0.00    0.00
02:06:41 PM  all    0.25    0.00    0.00   99.75    0.00    0.00    0.00    0.00    0.00    0.00
02:06:42 PM  all    0.00    0.00    0.00  100.00    0.00    0.00    0.00    0.00    0.00    0.00
02:06:43 PM  all    0.00    0.00    0.00  100.00    0.00    0.00    0.00    0.00    0.00    0.00
02:06:44 PM  all    0.00    0.00    0.00  100.00    0.00    0.00    0.00    0.00    0.00    0.00
02:06:45 PM  all    0.25    0.00    0.50   99.24    0.00    0.00    0.00    0.00    0.00    0.00
02:06:46 PM  all    0.74    0.00    1.47   97.30    0.00    0.49    0.00    0.00    0.00    0.00
02:06:47 PM  all    0.24    0.00    2.44   96.10    0.00    1.22    0.00    0.00    0.00    0.00
02:06:48 PM  all    0.49    0.00    1.97   97.29    0.00    0.25    0.00    0.00    0.00    0.00
02:06:49 PM  all    0.25    0.00    0.00   99.50    0.00    0.25    0.00    0.00    0.00    0.00
02:06:50 PM  all    0.00    0.00    0.25   99.75    0.00    0.00    0.00    0.00    0.00    0.00
02:06:51 PM  all    0.25    0.00    0.25   99.25    0.00    0.25    0.00    0.00    0.00    0.00
02:06:52 PM  all    0.00    0.00    0.75   98.75    0.00    0.50    0.00    0.00    0.00    0.00
02:06:53 PM  all    0.74    0.00    0.99   98.26    0.00    0.00    0.00    0.00    0.00    0.00
02:06:54 PM  all    0.25    0.00    1.00   98.75    0.00    0.00    0.00    0.00    0.00    0.00
02:06:55 PM  all    0.00    0.00    0.00  100.00    0.00    0.00    0.00    0.00    0.00    0.00
02:06:56 PM  all    0.00    0.00    0.25   99.75    0.00    0.00    0.00    0.00    0.00    0.00
02:06:57 PM  all    0.25    0.00    0.00   99.75    0.00    0.00    0.00    0.00    0.00    0.00
02:06:58 PM  all    0.00    0.00    0.00  100.00    0.00    0.00    0.00    0.00    0.00    0.00
02:06:59 PM  all    0.25    0.00    1.72   97.05    0.00    0.98    0.00    0.00    0.00    0.00
02:07:00 PM  all    0.50    0.00    1.24   97.77    0.00    0.50    0.00    0.00    0.00    0.00
02:07:01 PM  all    0.25    0.00    1.49   97.77    0.00    0.50    0.00    0.00    0.00    0.00
02:07:02 PM  all    0.25    0.00    0.75   99.00    0.00    0.00    0.00    0.00    0.00    0.00
02:07:03 PM  all    0.25    0.00    0.25   99.50    0.00    0.00    0.00    0.00    0.00    0.00
02:07:04 PM  all    0.00    0.00    0.25   99.75    0.00    0.00    0.00    0.00    0.00    0.00
02:07:05 PM  all    0.74    0.00    0.00   98.51    0.00    0.74    0.00    0.00    0.00    0.00
02:07:06 PM  all    0.00    0.00    1.25   98.50    0.00    0.25    0.00    0.00    0.00    0.00
02:07:07 PM  all    0.00    0.00    0.75   98.75    0.00    0.50    0.00    0.00    0.00    0.00
02:07:08 PM  all    0.00    0.00    0.75   99.00    0.00    0.25    0.00    0.00    0.00    0.00
02:07:09 PM  all    0.00    0.00    0.51   99.49    0.00    0.00    0.00    0.00    0.00    0.00
02:07:10 PM  all    0.25    0.00    0.50   99.00    0.00    0.25    0.00    0.00    0.00    0.00
02:07:11 PM  all    0.25    0.00    0.75   98.50    0.00    0.50    0.00    0.00    0.00    0.00
02:07:12 PM  all    0.00    0.00    0.00   99.75    0.00    0.25    0.00    0.00    0.00    0.00
02:07:13 PM  all    0.50    0.00    1.00   98.01    0.00    0.50    0.00    0.00    0.00    0.00
02:07:14 PM  all    0.49    0.00    2.21   97.06    0.00    0.25    0.00    0.00    0.00    0.00
02:07:15 PM  all    0.25    0.00    0.99   98.02    0.00    0.74    0.00    0.00    0.00    0.00
02:07:16 PM  all    0.00    0.00    0.51   99.49    0.00    0.00    0.00    0.00    0.00    0.00
02:07:17 PM  all    0.25    0.00    0.00   99.75    0.00    0.00    0.00    0.00    0.00    0.00
02:07:18 PM  all    0.25    0.00    0.25   99.50    0.00    0.00    0.00    0.00    0.00    0.00
02:07:19 PM  all    0.00    0.00    0.75   99.00    0.00    0.25    0.00    0.00    0.00    0.00
02:07:20 PM  all    0.25    0.00    0.75   98.50    0.00    0.50    0.00    0.00    0.00    0.00
02:07:21 PM  all    0.50    0.00    1.00   98.26    0.00    0.25    0.00    0.00    0.00    0.00
02:07:22 PM  all    0.00    0.00    0.50   99.50    0.00    0.00    0.00    0.00    0.00    0.00
02:07:23 PM  all    0.00    0.00    0.25   99.49    0.00    0.25    0.00    0.00    0.00    0.00
02:07:24 PM  all    0.00    0.00    0.50   99.50    0.00    0.00    0.00    0.00    0.00    0.00
02:07:25 PM  all    0.25    0.00    0.50   98.75    0.00    0.50    0.00    0.00    0.00    0.00
02:07:26 PM  all    0.25    0.00    0.75   98.50    0.00    0.50    0.00    0.00    0.00    0.00
02:07:27 PM  all    0.49    0.00    1.48   97.54    0.00    0.49    0.00    0.00    0.00    0.00
02:07:28 PM  all    0.25    0.00    1.73   97.53    0.00    0.49    0.00    0.00    0.00    0.00
02:07:29 PM  all    0.49    0.00    1.48   97.54    0.00    0.49    0.00    0.00    0.00    0.00
02:07:30 PM  all    0.25    0.00    0.25   99.50    0.00    0.00    0.00    0.00    0.00    0.00
02:07:31 PM  all    0.00    0.00    0.25   99.75    0.00    0.00    0.00    0.00    0.00    0.00
02:07:32 PM  all    0.00    0.00    0.25   99.50    0.00    0.25    0.00    0.00    0.00    0.00
02:07:33 PM  all    0.50    0.00    0.25   99.00    0.00    0.25    0.00    0.00    0.00    0.00
02:07:34 PM  all    0.50    0.00    1.00   98.01    0.00    0.50    0.00    0.00    0.00    0.00
02:07:35 PM  all    0.25    0.00    1.00   98.25    0.00    0.50    0.00    0.00    0.00    0.00
02:07:36 PM  all    0.00    0.00    0.00  100.00    0.00    0.00    0.00    0.00    0.00    0.00
02:07:37 PM  all    0.00    0.00    0.00  100.00    0.00    0.00    0.00    0.00    0.00    0.00
02:07:38 PM  all    0.00    0.00    0.00  100.00    0.00    0.00    0.00    0.00    0.00    0.00
02:07:39 PM  all    0.00    0.00    0.00  100.00    0.00    0.00    0.00    0.00    0.00    0.00
02:07:40 PM  all    0.50    0.00    0.50   98.75    0.00    0.25    0.00    0.00    0.00    0.00
02:07:41 PM  all    0.74    0.00    1.48   97.53    0.00    0.25    0.00    0.00    0.00    0.00
02:07:42 PM  all    0.00    0.00    2.22   97.28    0.00    0.49    0.00    0.00    0.00    0.00
02:07:43 PM  all    0.74    0.00    0.74   97.78    0.00    0.74    0.00    0.00    0.00    0.00
02:07:44 PM  all    0.25    0.00    0.25   99.49    0.00    0.00    0.00    0.00    0.00    0.00
02:07:45 PM  all    0.00    0.00    0.50   99.50    0.00    0.00    0.00    0.00    0.00    0.00
02:07:46 PM  all    0.50    0.00    0.25   99.00    0.00    0.25    0.00    0.00    0.00    0.00
02:07:47 PM  all    0.00    0.00    0.25   99.50    0.00    0.25    0.00    0.00    0.00    0.00
02:07:48 PM  all    0.50    0.00    0.50   98.50    0.00    0.50    0.00    0.00    0.00    0.00
02:07:49 PM  all    0.50    0.00    1.00   98.26    0.00    0.25    0.00    0.00    0.00    0.00
02:07:50 PM  all    0.00    0.00    0.00  100.00    0.00    0.00    0.00    0.00    0.00    0.00
02:07:51 PM  all    0.00    0.00    0.00  100.00    0.00    0.00    0.00    0.00    0.00    0.00
02:07:52 PM  all    0.00    0.00    0.00  100.00    0.00    0.00    0.00    0.00    0.00    0.00
02:07:53 PM  all    0.51    0.00    0.00   99.49    0.00    0.00    0.00    0.00    0.00    0.00
02:07:54 PM  all    0.00    0.00    0.75   98.75    0.00    0.50    0.00    0.00    0.00    0.00
02:07:55 PM  all    0.50    0.00    1.24   98.26    0.00    0.00    0.00    0.00    0.00    0.00
02:07:56 PM  all    0.25    0.00    0.50   99.00    0.00    0.25    0.00    0.00    0.00    0.00
02:07:57 PM  all    0.00    0.00    0.25   99.75    0.00    0.00    0.00    0.00    0.00    0.00
02:07:58 PM  all    0.25    0.00    0.50   99.00    0.00    0.25    0.00    0.00    0.00    0.00
02:07:59 PM  all    0.00    0.00    0.50   99.50    0.00    0.00    0.00    0.00    0.00    0.00
02:08:00 PM  all    0.00    0.00    0.00  100.00    0.00    0.00    0.00    0.00    0.00    0.00
02:08:01 PM  all    0.00    0.00    0.00  100.00    0.00    0.00    0.00    0.00    0.00    0.00
02:08:02 PM  all    0.25    0.00    0.00   99.75    0.00    0.00    0.00    0.00    0.00    0.00
02:08:03 PM  all    0.00    0.00    0.25   99.75    0.00    0.00    0.00    0.00    0.00    0.00
02:08:04 PM  all    0.00    0.00    0.00  100.00    0.00    0.00    0.00    0.00    0.00    0.00
02:08:05 PM  all    0.00    0.00    0.00  100.00    0.00    0.00    0.00    0.00    0.00    0.00
02:08:06 PM  all    0.00    0.00    0.00  100.00    0.00    0.00    0.00    0.00    0.00    0.00
02:08:07 PM  all    0.00    0.00    0.00  100.00    0.00    0.00    0.00    0.00    0.00    0.00
02:08:08 PM  all    0.25    0.00    0.75   99.00    0.00    0.00    0.00    0.00    0.00    0.00
02:08:09 PM  all    0.25    0.00    1.00   98.01    0.00    0.75    0.00    0.00    0.00    0.00
02:08:10 PM  all    0.98    0.00    1.23   97.30    0.00    0.49    0.00    0.00    0.00    0.00
02:08:11 PM  all    0.25    0.00    1.24   98.01    0.00    0.50    0.00    0.00    0.00    0.00
02:08:12 PM  all    0.25    0.00    0.00   99.50    0.00    0.25    0.00    0.00    0.00    0.00
02:08:13 PM  all    0.00    0.00    0.00  100.00    0.00    0.00    0.00    0.00    0.00    0.00
02:08:14 PM  all    0.00    0.00    0.00   99.75    0.00    0.25    0.00    0.00    0.00    0.00
02:08:15 PM  all    0.25    0.00    0.75   98.51    0.00    0.50    0.00    0.00    0.00    0.00
02:08:16 PM  all    0.25    0.00    0.75   98.75    0.00    0.25    0.00    0.00    0.00    0.00
02:08:17 PM  all    0.00    0.00    1.00   99.00    0.00    0.00    0.00    0.00    0.00    0.00
02:08:18 PM  all    0.25    0.00    0.00   99.75    0.00    0.00    0.00    0.00    0.00    0.00
02:08:19 PM  all    0.00    0.00    0.00  100.00    0.00    0.00    0.00    0.00    0.00    0.00
02:08:20 PM  all    0.00    0.00    0.00  100.00    0.00    0.00    0.00    0.00    0.00    0.00
02:08:21 PM  all    0.00    0.00    0.00   99.75    0.00    0.25    0.00    0.00    0.00    0.00
02:08:22 PM  all    0.50    0.00    0.50   98.75    0.00    0.25    0.00    0.00    0.00    0.00
02:08:23 PM  all    0.74    0.00    1.48   97.29    0.00    0.49    0.00    0.00    0.00    0.00
02:08:24 PM  all    0.25    0.00    0.75   98.50    0.00    0.50    0.00    0.00    0.00    0.00
02:08:25 PM  all    0.50    0.00    0.25   99.00    0.00    0.25    0.00    0.00    0.00    0.00
02:08:26 PM  all    0.00    0.00    0.00  100.00    0.00    0.00    0.00    0.00    0.00    0.00
02:08:27 PM  all    0.00    0.00    0.25   99.50    0.00    0.25    0.00    0.00    0.00    0.00
02:08:28 PM  all    0.25    0.00    0.50   98.99    0.00    0.25    0.00    0.00    0.00    0.00
02:08:29 PM  all    0.00    0.00    1.24   98.51    0.00    0.25    0.00    0.00    0.00    0.00
02:08:30 PM  all    0.25    0.00    0.75   98.50    0.00    0.50    0.00    0.00    0.00    0.00
02:08:31 PM  all    0.25    0.00    0.50   99.00    0.00    0.25    0.00    0.00    0.00    0.00
02:08:32 PM  all    0.00    0.00    0.00  100.00    0.00    0.00    0.00    0.00    0.00    0.00
02:08:33 PM  all    0.00    0.00    0.50   99.25    0.00    0.25    0.00    0.00    0.00    0.00
02:08:34 PM  all    0.25    0.00    0.50   98.99    0.00    0.25    0.00    0.00    0.00    0.00
02:08:35 PM  all    0.75    0.00    0.50   98.75    0.00    0.00    0.00    0.00    0.00    0.00
02:08:36 PM  all    0.25    0.00    0.75   98.75    0.00    0.25    0.00    0.00    0.00    0.00
02:08:37 PM  all    0.49    0.00    1.96   97.06    0.00    0.49    0.00    0.00    0.00    0.00
02:08:38 PM  all    0.50    0.00    1.00   98.01    0.00    0.50    0.00    0.00    0.00    0.00
02:08:39 PM  all    0.00    0.00    0.25   99.75    0.00    0.00    0.00    0.00    0.00    0.00
02:08:40 PM  all    0.00    0.00    0.00  100.00    0.00    0.00    0.00    0.00    0.00    0.00
02:08:41 PM  all    0.25    0.00    0.00   99.50    0.00    0.25    0.00    0.00    0.00    0.00
02:08:42 PM  all    0.49    0.00    1.23   97.53    0.00    0.74    0.00    0.00    0.00    0.00
02:08:43 PM  all    0.49    0.00    1.48   97.53    0.00    0.49    0.00    0.00    0.00    0.00
02:08:44 PM  all    0.50    0.00    0.50   99.00    0.00    0.00    0.00    0.00    0.00    0.00
02:08:45 PM  all    0.25    0.00    0.25   99.25    0.00    0.25    0.00    0.00    0.00    0.00
02:08:46 PM  all    0.25    0.00    0.25   99.25    0.00    0.25    0.00    0.00    0.00    0.00
02:08:47 PM  all    0.25    0.00    0.75   98.99    0.00    0.00    0.00    0.00    0.00    0.00
02:08:48 PM  all    0.00    0.00    0.99   98.51    0.00    0.50    0.00    0.00    0.00    0.00
02:08:49 PM  all    0.25    0.00    0.00   99.75    0.00    0.00    0.00    0.00    0.00    0.00
02:08:50 PM  all    0.25    0.00    1.72   97.05    0.00    0.98    0.00    0.00    0.00    0.00
02:08:51 PM  all    0.25    0.00    1.00   98.26    0.00    0.50    0.00    0.00    0.00    0.00
02:08:52 PM  all    0.50    0.00    1.49   97.77    0.00    0.25    0.00    0.00    0.00    0.00
02:08:53 PM  all    0.00    0.00    0.25   99.75    0.00    0.00    0.00    0.00    0.00    0.00
02:08:54 PM  all    0.00    0.00    0.00  100.00    0.00    0.00    0.00    0.00    0.00    0.00
02:08:55 PM  all    1.25    0.00    0.50   98.25    0.00    0.00    0.00    0.00    0.00    0.00
02:08:56 PM  all    0.25    0.00    1.24   98.02    0.00    0.50    0.00    0.00    0.00    0.00
02:08:57 PM  all    0.25    0.00    1.00   98.50    0.00    0.25    0.00    0.00    0.00    0.00
02:08:58 PM  all    0.50    0.00    1.00   98.50    0.00    0.00    0.00    0.00    0.00    0.00
02:08:59 PM  all    0.00    0.00    0.25   99.75    0.00    0.00    0.00    0.00    0.00    0.00
02:09:00 PM  all    0.00    0.00    0.00   99.75    0.00    0.25    0.00    0.00    0.00    0.00
02:09:01 PM  all    0.25    0.00    0.25   99.24    0.00    0.25    0.00    0.00    0.00    0.00
02:09:02 PM  all    0.25    0.00    0.50   99.24    0.00    0.00    0.00    0.00    0.00    0.00
02:09:03 PM  all    0.25    0.00    1.49   97.77    0.00    0.50    0.00    0.00    0.00    0.00
02:09:04 PM  all    0.50    0.00    0.75   98.50    0.00    0.25    0.00    0.00    0.00    0.00
02:09:05 PM  all    0.00    0.00    0.75   99.25    0.00    0.00    0.00    0.00    0.00    0.00
02:09:06 PM  all    0.75    0.00    0.75   98.50    0.00    0.00    0.00    0.00    0.00    0.00
02:09:07 PM  all    0.25    0.00    0.50   99.00    0.00    0.25    0.00    0.00    0.00    0.00
02:09:08 PM  all    0.00    0.00    0.25   99.75    0.00    0.00    0.00    0.00    0.00    0.00
02:09:09 PM  all    0.00    0.00    0.00  100.00    0.00    0.00    0.00    0.00    0.00    0.00
02:09:10 PM  all    0.50    0.00    0.00   99.50    0.00    0.00    0.00    0.00    0.00    0.00
02:09:11 PM  all    0.00    0.00    0.00  100.00    0.00    0.00    0.00    0.00    0.00    0.00
02:09:12 PM  all    0.25    0.00    0.00   99.75    0.00    0.00    0.00    0.00    0.00    0.00
02:09:13 PM  all    0.00    0.00    0.00  100.00    0.00    0.00    0.00    0.00    0.00    0.00
02:09:14 PM  all    0.00    0.00    0.25   99.75    0.00    0.00    0.00    0.00    0.00    0.00
02:09:15 PM  all    0.00    0.00    0.00  100.00    0.00    0.00    0.00    0.00    0.00    0.00
02:09:16 PM  all    0.00    0.00    0.00  100.00    0.00    0.00    0.00    0.00    0.00    0.00
02:09:17 PM  all    0.50    0.00    0.25   98.76    0.00    0.50    0.00    0.00    0.00    0.00
02:09:18 PM  all    0.74    0.00    1.49   97.52    0.00    0.25    0.00    0.00    0.00    0.00
02:09:19 PM  all    0.99    0.00    1.23   97.54    0.00    0.25    0.00    0.00    0.00    0.00
02:09:20 PM  all    0.50    0.00    1.24   98.01    0.00    0.25    0.00    0.00    0.00    0.00
02:09:21 PM  all    0.00    0.00    0.00   99.50    0.00    0.50    0.00    0.00    0.00    0.00
02:09:22 PM  all    0.00    0.00    0.00  100.00    0.00    0.00    0.00    0.00    0.00    0.00
02:09:23 PM  all    0.50    0.00    1.00   98.50    0.00    0.00    0.00    0.00    0.00    0.00
02:09:24 PM  all    0.00    0.00    0.50   99.00    0.00    0.50    0.00    0.00    0.00    0.00
02:09:25 PM  all    0.75    0.00    1.00   98.01    0.00    0.25    0.00    0.00    0.00    0.00
02:09:26 PM  all    0.00    0.00    0.25   99.75    0.00    0.00    0.00    0.00    0.00    0.00
02:09:27 PM  all    0.00    0.00    0.00  100.00    0.00    0.00    0.00    0.00    0.00    0.00
02:09:28 PM  all    0.00    0.00    0.00  100.00    0.00    0.00    0.00    0.00    0.00    0.00
02:09:29 PM  all    0.00    0.00    0.00  100.00    0.00    0.00    0.00    0.00    0.00    0.00
02:09:30 PM  all    0.00    0.00    0.00  100.00    0.00    0.00    0.00    0.00    0.00    0.00
02:09:31 PM  all    0.25    0.00    1.00   98.51    0.00    0.25    0.00    0.00    0.00    0.00
02:09:32 PM  all    0.99    0.00    1.48   97.29    0.00    0.25    0.00    0.00    0.00    0.00
02:09:33 PM  all    0.00    0.00    1.00   98.75    0.00    0.25    0.00    0.00    0.00    0.00
02:09:34 PM  all    0.25    0.00    1.24   98.26    0.00    0.25    0.00    0.00    0.00    0.00
02:09:35 PM  all    0.00    0.00    0.00  100.00    0.00    0.00    0.00    0.00    0.00    0.00
02:09:36 PM  all    0.00    0.00    0.25   99.75    0.00    0.00    0.00    0.00    0.00    0.00
02:09:37 PM  all    0.25    0.00    0.75   98.75    0.00    0.25    0.00    0.00    0.00    0.00
02:09:38 PM  all    0.25    0.00    0.50   99.00    0.00    0.25    0.00    0.00    0.00    0.00
02:09:39 PM  all    0.50    0.00    0.99   98.01    0.00    0.50    0.00    0.00    0.00    0.00
02:09:40 PM  all    0.25    0.00    0.25   99.50    0.00    0.00    0.00    0.00    0.00    0.00
02:09:41 PM  all    0.00    0.00    0.00  100.00    0.00    0.00    0.00    0.00    0.00    0.00
02:09:42 PM  all    0.00    0.00    0.00  100.00    0.00    0.00    0.00    0.00    0.00    0.00
02:09:43 PM  all    0.00    0.00    0.00  100.00    0.00    0.00    0.00    0.00    0.00    0.00
02:09:44 PM  all    0.00    0.00    0.75   98.75    0.00    0.50    0.00    0.00    0.00    0.00
02:09:45 PM  all    0.00    0.00    0.51   99.49    0.00    0.00    0.00    0.00    0.00    0.00
02:09:46 PM  all    0.00    0.00    0.00   99.75    0.00    0.25    0.00    0.00    0.00    0.00
02:09:47 PM  all    0.25    0.00    0.75   99.00    0.00    0.00    0.00    0.00    0.00    0.00
02:09:48 PM  all    0.50    0.00    0.00   99.50    0.00    0.00    0.00    0.00    0.00    0.00
02:09:49 PM  all    0.00    0.00    0.25   99.75    0.00    0.00    0.00    0.00    0.00    0.00
02:09:50 PM  all    0.00    0.00    0.50   99.00    0.00    0.50    0.00    0.00    0.00    0.00
02:09:51 PM  all    0.25    0.00    0.00   99.50    0.00    0.25    0.00    0.00    0.00    0.00
02:09:52 PM  all    0.00    0.00    0.25   99.75    0.00    0.00    0.00    0.00    0.00    0.00
02:09:53 PM  all    0.25    0.00    0.00   99.75    0.00    0.00    0.00    0.00    0.00    0.00
02:09:54 PM  all    0.25    0.00    0.00   99.75    0.00    0.00    0.00    0.00    0.00    0.00
02:09:55 PM  all    0.00    0.00    0.00  100.00    0.00    0.00    0.00    0.00    0.00    0.00
02:09:56 PM  all    0.25    0.00    0.00   99.75    0.00    0.00    0.00    0.00    0.00    0.00
02:09:57 PM  all    0.00    0.00    0.00  100.00    0.00    0.00    0.00    0.00    0.00    0.00
02:09:58 PM  all    0.50    0.00    0.99   98.01    0.00    0.50    0.00    0.00    0.00    0.00
02:09:59 PM  all    0.00    0.00    1.00   98.75    0.00    0.25    0.00    0.00    0.00    0.00
02:10:00 PM  all    0.50    0.00    0.00   99.50    0.00    0.00    0.00    0.00    0.00    0.00
02:10:01 PM  all    0.25    0.00    0.75   98.75    0.00    0.25    0.00    0.00    0.00    0.00
02:10:02 PM  all    0.25    0.00    0.50   99.00    0.00    0.25    0.00    0.00    0.00    0.00
02:10:03 PM  all    0.25    0.00    0.25   99.50    0.00    0.00    0.00    0.00    0.00    0.00
02:10:04 PM  all    0.00    0.00    0.75   99.00    0.00    0.25    0.00    0.00    0.00    0.00
02:10:05 PM  all    0.00    0.00    0.00  100.00    0.00    0.00    0.00    0.00    0.00    0.00
02:10:06 PM  all    0.75    0.00    0.00   99.25    0.00    0.00    0.00    0.00    0.00    0.00
02:10:07 PM  all    0.00    0.00    0.00  100.00    0.00    0.00    0.00    0.00    0.00    0.00
02:10:08 PM  all    0.25    0.00    1.00   98.75    0.00    0.00    0.00    0.00    0.00    0.00
02:10:09 PM  all    0.25    0.00    0.25   99.50    0.00    0.00    0.00    0.00    0.00    0.00
02:10:10 PM  all    0.00    0.00    0.25   99.50    0.00    0.25    0.00    0.00    0.00    0.00
02:10:11 PM  all    0.25    0.00    0.75   98.75    0.00    0.25    0.00    0.00    0.00    0.00
02:10:12 PM  all    0.50    0.00    0.75   98.26    0.00    0.50    0.00    0.00    0.00    0.00
02:10:13 PM  all    0.25    0.00    1.24   98.51    0.00    0.00    0.00    0.00    0.00    0.00
02:10:14 PM  all    0.00    0.00    0.00   99.50    0.00    0.50    0.00    0.00    0.00    0.00
02:10:15 PM  all    0.25    0.00    0.50   98.99    0.00    0.25    0.00    0.00    0.00    0.00
02:10:16 PM  all    0.00    0.00    0.00   99.75    0.00    0.25    0.00    0.00    0.00    0.00
02:10:17 PM  all    0.00    0.00    0.00  100.00    0.00    0.00    0.00    0.00    0.00    0.00
02:10:18 PM  all    0.25    0.00    0.00   99.49    0.00    0.25    0.00    0.00    0.00    0.00
02:10:19 PM  all    0.25    0.00    0.25   99.25    0.00    0.25    0.00    0.00    0.00    0.00
02:10:20 PM  all    0.75    0.00    0.75   98.50    0.00    0.00    0.00    0.00    0.00    0.00
02:10:21 PM  all    0.00    0.00    0.75   99.25    0.00    0.00    0.00    0.00    0.00    0.00
02:10:22 PM  all    0.25    0.00    0.00   99.75    0.00    0.00    0.00    0.00    0.00    0.00
02:10:23 PM  all    0.00    0.00    0.00  100.00    0.00    0.00    0.00    0.00    0.00    0.00
02:10:24 PM  all    0.00    0.00    0.00  100.00    0.00    0.00    0.00    0.00    0.00    0.00
02:10:25 PM  all    0.25    0.00    0.00   99.75    0.00    0.00    0.00    0.00    0.00    0.00
02:10:26 PM  all    0.00    0.00    0.75   99.00    0.00    0.25    0.00    0.00    0.00    0.00
02:10:27 PM  all    0.50    0.00    0.99   97.77    0.00    0.74    0.00    0.00    0.00    0.00
02:10:28 PM  all    0.25    0.00    1.48   97.78    0.00    0.49    0.00    0.00    0.00    0.00
02:10:29 PM  all    0.50    0.00    0.99   97.77    0.00    0.74    0.00    0.00    0.00    0.00
02:10:30 PM  all    0.00    0.00    0.00  100.00    0.00    0.00    0.00    0.00    0.00    0.00
02:10:31 PM  all    0.25    0.00    0.00   99.75    0.00    0.00    0.00    0.00    0.00    0.00
02:10:32 PM  all    0.25    0.00    0.25   99.25    0.00    0.25    0.00    0.00    0.00    0.00
02:10:33 PM  all    0.00    0.00    1.25   98.50    0.00    0.25    0.00    0.00    0.00    0.00
02:10:34 PM  all    0.25    0.00    1.00   98.26    0.00    0.50    0.00    0.00    0.00    0.00
02:10:35 PM  all    0.00    0.00    0.75   99.00    0.00    0.25    0.00    0.00    0.00    0.00
02:10:36 PM  all    0.50    0.00    0.25   99.00    0.00    0.25    0.00    0.00    0.00    0.00
02:10:37 PM  all    0.00    0.00    0.50   99.25    0.00    0.25    0.00    0.00    0.00    0.00
02:10:38 PM  all    0.25    0.00    1.24   98.01    0.00    0.50    0.00    0.00    0.00    0.00
02:10:39 PM  all    0.25    0.00    1.00   98.26    0.00    0.50    0.00    0.00    0.00    0.00
02:10:40 PM  all    0.50    0.00    0.99   98.02    0.00    0.50    0.00    0.00    0.00    0.00
02:10:41 PM  all    0.00    0.00    0.50   98.99    0.00    0.50    0.00    0.00    0.00    0.00
02:10:42 PM  all    0.50    0.00    0.50   98.51    0.00    0.50    0.00    0.00    0.00    0.00
02:10:43 PM  all    0.25    0.00    0.50   99.00    0.00    0.25    0.00    0.00    0.00    0.00
02:10:44 PM  all    0.00    0.00    0.75   99.25    0.00    0.00    0.00    0.00    0.00    0.00
02:10:45 PM  all    0.75    0.00    0.25   98.75    0.00    0.25    0.00    0.00    0.00    0.00
02:10:46 PM  all    0.25    0.00    0.00   99.75    0.00    0.00    0.00    0.00    0.00    0.00
02:10:47 PM  all    0.00    0.00    0.50   99.50    0.00    0.00    0.00    0.00    0.00    0.00
02:10:48 PM  all    0.00    0.00    0.00  100.00    0.00    0.00    0.00    0.00    0.00    0.00
02:10:49 PM  all    0.00    0.00    0.00  100.00    0.00    0.00    0.00    0.00    0.00    0.00
02:10:50 PM  all    0.00    0.00    0.00  100.00    0.00    0.00    0.00    0.00    0.00    0.00
02:10:51 PM  all    0.25    0.00    0.00   99.75    0.00    0.00    0.00    0.00    0.00    0.00
02:10:52 PM  all    0.00    0.00    0.25   99.75    0.00    0.00    0.00    0.00    0.00    0.00
02:10:53 PM  all    0.25    0.00    0.50   98.75    0.00    0.50    0.00    0.00    0.00    0.00
02:10:54 PM  all    0.25    0.00    0.50   99.25    0.00    0.00    0.00    0.00    0.00    0.00
02:10:55 PM  all    0.00    0.00    0.25   99.49    0.00    0.25    0.00    0.00    0.00    0.00
02:10:56 PM  all    0.25    0.00    0.50   99.25    0.00    0.00    0.00    0.00    0.00    0.00
02:10:57 PM  all    0.25    0.00    1.00   98.50    0.00    0.25    0.00    0.00    0.00    0.00
02:10:58 PM  all    0.25    0.00    0.50   99.24    0.00    0.00    0.00    0.00    0.00    0.00
02:10:59 PM  all    0.50    0.00    0.25   99.25    0.00    0.00    0.00    0.00    0.00    0.00
02:11:00 PM  all    0.00    0.00    0.50   99.50    0.00    0.00    0.00    0.00    0.00    0.00
02:11:01 PM  all    0.51    0.00    0.00   99.49    0.00    0.00    0.00    0.00    0.00    0.00
02:11:02 PM  all    0.25    0.00    0.25   99.50    0.00    0.00    0.00    0.00    0.00    0.00
02:11:03 PM  all    0.00    0.00    1.00   98.75    0.00    0.25    0.00    0.00    0.00    0.00
02:11:04 PM  all    0.00    0.00    0.00  100.00    0.00    0.00    0.00    0.00    0.00    0.00
02:11:05 PM  all    0.75    0.00    0.25   98.75    0.00    0.25    0.00    0.00    0.00    0.00
02:11:06 PM  all    0.00    0.00    0.25   99.75    0.00    0.00    0.00    0.00    0.00    0.00
02:11:07 PM  all    0.00    0.00    0.50   99.50    0.00    0.00    0.00    0.00    0.00    0.00
02:11:08 PM  all    0.50    0.00    0.50   98.75    0.00    0.25    0.00    0.00    0.00    0.00
02:11:09 PM  all    0.50    0.00    0.00   99.25    0.00    0.25    0.00    0.00    0.00    0.00
02:11:10 PM  all    0.50    0.00    0.00   99.25    0.00    0.25    0.00    0.00    0.00    0.00
02:11:11 PM  all    0.25    0.00    0.50   99.00    0.00    0.25    0.00    0.00    0.00    0.00
02:11:12 PM  all    0.00    0.00    0.25   99.49    0.00    0.25    0.00    0.00    0.00    0.00
02:11:13 PM  all    0.00    0.00    0.00   99.75    0.00    0.25    0.00    0.00    0.00    0.00
02:11:14 PM  all    0.00    0.00    0.25   99.75    0.00    0.00    0.00    0.00    0.00    0.00
02:11:15 PM  all    0.25    0.00    0.00   99.75    0.00    0.00    0.00    0.00    0.00    0.00
02:11:16 PM  all    0.25    0.00    0.00   99.75    0.00    0.00    0.00    0.00    0.00    0.00
02:11:17 PM  all    0.00    0.00    0.00  100.00    0.00    0.00    0.00    0.00    0.00    0.00
02:11:18 PM  all    0.00    0.00    0.00  100.00    0.00    0.00    0.00    0.00    0.00    0.00
02:11:19 PM  all    0.25    0.00    0.00   99.75    0.00    0.00    0.00    0.00    0.00    0.00
02:11:20 PM  all    0.25    0.00    0.00   99.75    0.00    0.00    0.00    0.00    0.00    0.00
02:11:21 PM  all    0.00    0.00    0.25   99.75    0.00    0.00    0.00    0.00    0.00    0.00
02:11:22 PM  all    0.25    0.00    1.25   98.50    0.00    0.00    0.00    0.00    0.00    0.00
02:11:23 PM  all    0.25    0.00    1.97   97.29    0.00    0.49    0.00    0.00    0.00    0.00
02:11:24 PM  all    0.50    0.00    1.24   97.77    0.00    0.50    0.00    0.00    0.00    0.00
02:11:25 PM  all    0.00    0.00    0.50   99.50    0.00    0.00    0.00    0.00    0.00    0.00
02:11:26 PM  all    0.25    0.00    0.50   99.24    0.00    0.00    0.00    0.00    0.00    0.00
02:11:27 PM  all    0.25    0.00    0.00   99.75    0.00    0.00    0.00    0.00    0.00    0.00
02:11:28 PM  all    0.25    0.00    0.75   98.50    0.00    0.50    0.00    0.00    0.00    0.00
02:11:29 PM  all    0.00    0.00    1.00   99.00    0.00    0.00    0.00    0.00    0.00    0.00
02:11:30 PM  all    0.25    0.00    1.00   98.25    0.00    0.50    0.00    0.00    0.00    0.00
02:11:31 PM  all    0.00    0.00    0.00  100.00    0.00    0.00    0.00    0.00    0.00    0.00
02:11:32 PM  all    0.25    0.00    0.00   99.75    0.00    0.00    0.00    0.00    0.00    0.00
02:11:33 PM  all    0.00    0.00    0.00  100.00    0.00    0.00    0.00    0.00    0.00    0.00
02:11:34 PM  all    0.00    0.00    0.25   99.75    0.00    0.00    0.00    0.00    0.00    0.00
02:11:35 PM  all    0.50    0.00    0.75   98.26    0.00    0.50    0.00    0.00    0.00    0.00
02:11:36 PM  all    0.25    0.00    0.99   98.51    0.00    0.25    0.00    0.00    0.00    0.00
02:11:37 PM  all    0.00    0.00    0.76   99.24    0.00    0.00    0.00    0.00    0.00    0.00
02:11:38 PM  all    0.25    0.00    0.25   99.25    0.00    0.25    0.00    0.00    0.00    0.00
02:11:39 PM  all    0.25    0.00    0.25   99.50    0.00    0.00    0.00    0.00    0.00    0.00
02:11:40 PM  all    0.25    0.00    0.00   99.49    0.00    0.25    0.00    0.00    0.00    0.00
02:11:41 PM  all    0.00    0.00    0.25   99.50    0.00    0.25    0.00    0.00    0.00    0.00
02:11:42 PM  all    0.00    0.00    0.00  100.00    0.00    0.00    0.00    0.00    0.00    0.00
02:11:43 PM  all    0.00    0.00    0.00  100.00    0.00    0.00    0.00    0.00    0.00    0.00
02:11:44 PM  all    0.50    0.00    0.00   99.25    0.00    0.25    0.00    0.00    0.00    0.00
02:11:45 PM  all    0.25    0.00    0.25   99.49    0.00    0.00    0.00    0.00    0.00    0.00
02:11:46 PM  all    0.00    0.00    0.50   99.25    0.00    0.25    0.00    0.00    0.00    0.00
02:11:47 PM  all    0.25    0.00    0.75   98.75    0.00    0.25    0.00    0.00    0.00    0.00
02:11:48 PM  all    0.25    0.00    0.25   98.75    0.00    0.75    0.00    0.00    0.00    0.00
02:11:49 PM  all    0.50    0.00    0.50   98.75    0.00    0.25    0.00    0.00    0.00    0.00
02:11:50 PM  all    0.50    0.00    1.00   98.26    0.00    0.25    0.00    0.00    0.00    0.00
02:11:51 PM  all    0.00    0.00    0.25   99.75    0.00    0.00    0.00    0.00    0.00    0.00
02:11:52 PM  all    0.25    0.00    0.00   99.75    0.00    0.00    0.00    0.00    0.00    0.00
02:11:53 PM  all    0.25    0.00    0.50   98.99    0.00    0.25    0.00    0.00    0.00    0.00
02:11:54 PM  all    0.00    0.00    0.25   99.50    0.00    0.25    0.00    0.00    0.00    0.00
02:11:55 PM  all    0.25    0.00    0.00   99.75    0.00    0.00    0.00    0.00    0.00    0.00
02:11:56 PM  all    0.00    0.00    0.00  100.00    0.00    0.00    0.00    0.00    0.00    0.00
02:11:57 PM  all    0.00    0.00    0.00  100.00    0.00    0.00    0.00    0.00    0.00    0.00
02:11:58 PM  all    0.25    0.00    0.75   98.75    0.00    0.25    0.00    0.00    0.00    0.00
02:11:59 PM  all    0.25    0.00    0.00   99.75    0.00    0.00    0.00    0.00    0.00    0.00
02:12:00 PM  all    0.50    0.00    0.25   99.25    0.00    0.00    0.00    0.00    0.00    0.00
02:12:01 PM  all    0.50    0.00    0.75   98.25    0.00    0.50    0.00    0.00    0.00    0.00
02:12:02 PM  all    0.50    0.00    1.24   98.26    0.00    0.00    0.00    0.00    0.00    0.00
02:12:03 PM  all    0.25    0.00    0.50   98.75    0.00    0.50    0.00    0.00    0.00    0.00
02:12:04 PM  all    0.00    0.00    0.75   99.25    0.00    0.00    0.00    0.00    0.00    0.00
02:12:05 PM  all    0.25    0.00    0.25   99.49    0.00    0.00    0.00    0.00    0.00    0.00
02:12:06 PM  all    0.25    0.00    1.49   98.01    0.00    0.25    0.00    0.00    0.00    0.00
02:12:07 PM  all    0.51    0.00    0.00   99.49    0.00    0.00    0.00    0.00    0.00    0.00
02:12:08 PM  all    0.00    0.00    0.50   99.25    0.00    0.25    0.00    0.00    0.00    0.00
02:12:09 PM  all    0.00    0.00    0.51   99.49    0.00    0.00    0.00    0.00    0.00    0.00
02:12:10 PM  all    0.25    0.00    0.00   99.49    0.00    0.25    0.00    0.00    0.00    0.00
02:12:11 PM  all    0.50    0.00    0.00   99.50    0.00    0.00    0.00    0.00    0.00    0.00
02:12:12 PM  all    0.00    0.00    1.00   99.00    0.00    0.00    0.00    0.00    0.00    0.00
02:12:13 PM  all    0.00    0.00    0.00   99.75    0.00    0.25    0.00    0.00    0.00    0.00
02:12:14 PM  all    0.00    0.00    0.00  100.00    0.00    0.00    0.00    0.00    0.00    0.00
02:12:15 PM  all    0.00    0.00    0.00   99.75    0.00    0.25    0.00    0.00    0.00    0.00
02:12:16 PM  all    0.00    0.00    1.00   99.00    0.00    0.00    0.00    0.00    0.00    0.00
02:12:17 PM  all    0.25    0.00    0.50   98.50    0.00    0.75    0.00    0.00    0.00    0.00
02:12:18 PM  all    0.25    0.00    1.24   98.26    0.00    0.25    0.00    0.00    0.00    0.00
02:12:19 PM  all    0.00    0.00    0.50   99.50    0.00    0.00    0.00    0.00    0.00    0.00
02:12:20 PM  all    0.25    0.00    0.00   99.50    0.00    0.25    0.00    0.00    0.00    0.00
02:12:21 PM  all    0.25    0.00    0.50   99.00    0.00    0.25    0.00    0.00    0.00    0.00
02:12:22 PM  all    0.25    0.00    0.00   99.75    0.00    0.00    0.00    0.00    0.00    0.00
02:12:23 PM  all    0.00    0.00    0.00  100.00    0.00    0.00    0.00    0.00    0.00    0.00
02:12:24 PM  all    0.25    0.00    0.00   99.75    0.00    0.00    0.00    0.00    0.00    0.00
02:12:25 PM  all    0.25    0.00    0.00   99.75    0.00    0.00    0.00    0.00    0.00    0.00
02:12:26 PM  all    0.00    0.00    0.00   99.75    0.00    0.25    0.00    0.00    0.00    0.00
02:12:27 PM  all    0.00    0.00    0.25   99.75    0.00    0.00    0.00    0.00    0.00    0.00
02:12:28 PM  all    0.00    0.00    0.25   99.50    0.00    0.25    0.00    0.00    0.00    0.00
02:12:29 PM  all    0.25    0.00    0.75   98.75    0.00    0.25    0.00    0.00    0.00    0.00
02:12:30 PM  all    0.25    0.00    0.75   98.25    0.00    0.75    0.00    0.00    0.00    0.00
02:12:31 PM  all    0.50    0.00    0.75   98.75    0.00    0.00    0.00    0.00    0.00    0.00
02:12:32 PM  all    0.50    0.00    0.99   98.01    0.00    0.50    0.00    0.00    0.00    0.00
02:12:33 PM  all    0.00    0.00    0.75   99.25    0.00    0.00    0.00    0.00    0.00    0.00
02:12:34 PM  all    0.50    0.00    0.00   99.25    0.00    0.25    0.00    0.00    0.00    0.00
02:12:35 PM  all    0.25    0.00    1.25   98.50    0.00    0.00    0.00    0.00    0.00    0.00
02:12:36 PM  all    0.25    0.00    0.00   99.25    0.00    0.50    0.00    0.00    0.00    0.00
02:12:37 PM  all    0.00    0.00    0.25   99.75    0.00    0.00    0.00    0.00    0.00    0.00
02:12:38 PM  all    0.25    0.00    0.00   99.75    0.00    0.00    0.00    0.00    0.00    0.00
02:12:39 PM  all    0.25    0.00    0.00   99.75    0.00    0.00    0.00    0.00    0.00    0.00
02:12:40 PM  all    0.00    0.00    0.00  100.00    0.00    0.00    0.00    0.00    0.00    0.00
02:12:41 PM  all    0.00    0.00    0.00  100.00    0.00    0.00    0.00    0.00    0.00    0.00
02:12:42 PM  all    0.00    0.00    0.25   99.75    0.00    0.00    0.00    0.00    0.00    0.00
02:12:43 PM  all    0.50    0.00    0.50   98.75    0.00    0.25    0.00    0.00    0.00    0.00
02:12:44 PM  all    0.50    0.00    0.50   98.50    0.00    0.50    0.00    0.00    0.00    0.00
02:12:45 PM  all    0.25    0.00    1.24   97.77    0.00    0.74    0.00    0.00    0.00    0.00
02:12:46 PM  all    0.25    0.00    0.50   99.00    0.00    0.25    0.00    0.00    0.00    0.00
02:12:47 PM  all    0.00    0.00    0.76   99.24    0.00    0.00    0.00    0.00    0.00    0.00
02:12:48 PM  all    0.25    0.00    0.25   99.25    0.00    0.25    0.00    0.00    0.00    0.00
02:12:49 PM  all    0.25    0.00    0.75   98.75    0.00    0.25    0.00    0.00    0.00    0.00
02:12:50 PM  all    0.25    0.00    0.25   99.00    0.00    0.50    0.00    0.00    0.00    0.00
02:12:51 PM  all    0.00    0.00    0.00  100.00    0.00    0.00    0.00    0.00    0.00    0.00
02:12:52 PM  all    0.00    0.00    0.00  100.00    0.00    0.00    0.00    0.00    0.00    0.00
02:12:53 PM  all    0.25    0.00    0.25   99.49    0.00    0.00    0.00    0.00    0.00    0.00
02:12:54 PM  all    0.00    0.00    0.00  100.00    0.00    0.00    0.00    0.00    0.00    0.00
02:12:55 PM  all    0.00    0.00    0.00  100.00    0.00    0.00    0.00    0.00    0.00    0.00
02:12:56 PM  all    0.25    0.00    0.25   99.50    0.00    0.00    0.00    0.00    0.00    0.00
02:12:57 PM  all    0.25    0.00    0.25   99.24    0.00    0.25    0.00    0.00    0.00    0.00
02:12:58 PM  all    0.00    0.00    0.75   98.99    0.00    0.25    0.00    0.00    0.00    0.00
02:12:59 PM  all    0.25    0.00    1.48   97.54    0.00    0.74    0.00    0.00    0.00    0.00
02:13:00 PM  all    0.50    0.00    0.75   98.50    0.00    0.25    0.00    0.00    0.00    0.00
02:13:01 PM  all    0.00    0.00    0.51   99.49    0.00    0.00    0.00    0.00    0.00    0.00
02:13:02 PM  all    0.25    0.00    0.50   99.00    0.00    0.25    0.00    0.00    0.00    0.00
02:13:03 PM  all    0.25    0.00    0.25   99.25    0.00    0.25    0.00    0.00    0.00    0.00
02:13:04 PM  all    0.00    0.00    0.50   99.50    0.00    0.00    0.00    0.00    0.00    0.00
02:13:05 PM  all    0.00    0.00    0.00  100.00    0.00    0.00    0.00    0.00    0.00    0.00
02:13:06 PM  all    0.00    0.00    0.00  100.00    0.00    0.00    0.00    0.00    0.00    0.00
02:13:07 PM  all    0.25    0.00    0.00   99.50    0.00    0.25    0.00    0.00    0.00    0.00
02:13:08 PM  all    0.25    0.00    1.00   98.75    0.00    0.00    0.00    0.00    0.00    0.00
02:13:09 PM  all    0.00    0.00    0.50   99.25    0.00    0.25    0.00    0.00    0.00    0.00
02:13:10 PM  all    0.25    0.00    0.25   99.24    0.00    0.25    0.00    0.00    0.00    0.00
02:13:11 PM  all    0.25    0.00    1.00   98.50    0.00    0.25    0.00    0.00    0.00    0.00
02:13:12 PM  all    0.50    0.00    0.50   98.50    0.00    0.50    0.00    0.00    0.00    0.00
02:13:13 PM  all    0.50    0.00    1.00   98.50    0.00    0.00    0.00    0.00    0.00    0.00
02:13:14 PM  all    0.74    0.00    1.48   97.29    0.00    0.49    0.00    0.00    0.00    0.00
02:13:15 PM  all    0.00    0.00    1.50   98.25    0.00    0.25    0.00    0.00    0.00    0.00
02:13:16 PM  all    1.00    0.00    0.50   82.00    0.00    0.00    0.00    0.00    0.00   16.50
02:13:17 PM  all    0.00    0.00    0.00    0.00    0.00    0.00    0.00    0.00    0.00  100.00
02:13:18 PM  all    0.00    0.00    0.00    0.00    0.00    0.00    0.00    0.00    0.00  100.00
02:13:19 PM  all    0.00    0.00    0.00    0.00    0.00    0.00    0.00    0.00    0.00  100.00
02:13:20 PM  all    0.00    0.00    0.00    0.00    0.00    0.00    0.00    0.00    0.00  100.00
02:13:21 PM  all    0.00    0.00    0.25    0.00    0.00    0.00    0.00    0.00    0.00   99.75
02:13:22 PM  all    0.00    0.00    0.00    0.00    0.00    0.00    0.00    0.00    0.00  100.00
02:13:23 PM  all    0.25    0.00    0.00    0.00    0.00    0.00    0.00    0.00    0.00   99.75
02:13:24 PM  all    0.25    0.00    0.00    0.00    0.00    0.00    0.00    0.00    0.00   99.75
02:13:25 PM  all    0.00    0.00    0.00    0.00    0.00    0.00    0.00    0.00    0.00  100.00
