Linux 5.15.0-186-generic (iZl4v9npj0k1gf7mzt23hcZ) 	08/20/2026 	_x86_64_	(4 CPU)

11:48:41 AM  CPU    %usr   %nice    %sys %iowait    %irq   %soft  %steal  %guest  %gnice   %idle
11:48:42 AM  all   68.62    0.00    9.95    0.00    0.00    4.08    0.00    0.00    0.00   17.35
11:48:43 AM  all   72.48    0.00    4.42    0.00    0.00    3.19    0.00    0.00    0.00   19.90
11:48:44 AM  all   76.28    0.00    4.85    0.00    0.00    3.32    0.00    0.00    0.00   15.56
11:48:45 AM  all   81.45    0.00    5.01    0.00    0.00    3.76    0.00    0.00    0.00    9.77
11:48:46 AM  all   77.19    0.00    5.01    0.00    0.00    3.51    0.00    0.00    0.00   14.29
11:48:47 AM  all   79.65    0.00    6.03    0.00    0.00    4.77    0.00    0.00    0.00    9.55
11:48:48 AM  all   79.90    0.00    5.28    0.00    0.00    3.77    0.00    0.00    0.00   11.06
11:48:49 AM  all   78.95    0.00    5.76    0.00    0.00    3.76    0.00    0.00    0.00   11.53
11:48:50 AM  all   72.86    0.00    4.52    0.00    0.00    4.27    0.00    0.00    0.00   18.34
11:48:51 AM  all   70.90    0.00    4.23    0.00    0.00    4.23    0.00    0.00    0.00   20.65
11:48:52 AM  all   71.88    0.00    5.13    0.00    0.00    3.42    0.00    0.00    0.00   19.56
11:48:53 AM  all   77.00    0.00    4.65    0.00    0.00    3.10    0.00    0.00    0.00   15.25
11:48:54 AM  all   71.79    0.00    7.30    0.00    0.00    3.78    0.00    0.00    0.00   17.13
11:48:55 AM  all   73.42    0.00    5.06    0.00    0.00    4.56    0.00    0.00    0.00   16.96
11:48:56 AM  all   72.18    0.00    5.76    0.00    0.00    4.51    0.00    0.00    0.00   17.54
11:48:57 AM  all   74.38    0.00    5.17    0.00    0.00    4.19    0.00    0.00    0.00   16.26
11:48:58 AM  all   76.13    0.00    4.27    0.00    0.00    4.27    0.00    0.00    0.00   15.33
11:48:59 AM  all   76.00    0.00    4.75    0.00    0.00    4.25    0.00    0.00    0.00   15.00
11:49:00 AM  all   74.18    0.00    5.57    0.00    0.00    3.80    0.00    0.00    0.00   16.46
11:49:01 AM  all   74.94    0.00    4.47    0.00    0.00    4.22    0.00    0.00    0.00   16.38
11:49:02 AM  all   77.92    0.00    5.46    0.00    0.00    2.98    0.00    0.00    0.00   13.65
11:49:03 AM  all   77.00    0.00    5.75    0.00    0.00    4.00    0.00    0.00    0.00   13.25
11:49:04 AM  all   76.50    0.00    5.00    0.00    0.00    4.00    0.00    0.00    0.00   14.50
11:49:05 AM  all   79.35    0.00    4.03    0.00    0.00    4.79    0.00    0.00    0.00   11.84
11:49:06 AM  all   79.05    0.00    5.24    0.00    0.00    5.24    0.00    0.00    0.00   10.47
11:49:07 AM  all   75.69    0.00    5.01    0.00    0.00    3.26    0.00    0.00    0.00   16.04
11:49:08 AM  all   73.11    0.00    3.42    0.00    0.00    5.13    0.00    0.00    0.00   18.34
11:49:09 AM  all   68.94    0.00    4.29    0.00    0.00    3.54    0.00    0.00    0.00   23.23
11:49:10 AM  all   69.88    0.00    5.43    0.00    0.00    5.19    0.00    0.00    0.00   19.51
11:49:11 AM  all   70.50    0.00    6.00    0.00    0.00    4.25    0.00    0.00    0.00   19.25
11:49:12 AM  all   75.31    0.00    3.24    0.00    0.00    3.74    0.00    0.00    0.00   17.71
11:49:13 AM  all   77.33    0.00    4.28    0.00    0.00    4.79    0.00    0.00    0.00   13.60
11:49:14 AM  all   76.70    0.00    3.16    0.00    0.00    3.88    0.00    0.00    0.00   16.26
11:49:15 AM  all   73.60    0.00    4.06    0.00    0.00    5.08    0.00    0.00    0.00   17.26
11:49:16 AM  all   73.92    0.00    6.08    0.00    0.00    4.05    0.00    0.00    0.00   15.95
11:49:17 AM  all   77.42    0.00    3.47    0.00    0.00    3.97    0.00    0.00    0.00   15.14
11:49:18 AM  all   77.44    0.00    3.51    0.00    0.00    4.51    0.00    0.00    0.00   14.54
11:49:19 AM  all   77.67    0.00    5.21    0.00    0.00    3.72    0.00    0.00    0.00   13.40
11:49:20 AM  all   80.05    0.00    5.63    0.00    0.00    3.07    0.00    0.00    0.00   11.25
11:49:21 AM  all   78.16    0.00    4.96    0.00    0.00    4.22    0.00    0.00    0.00   12.66
11:49:22 AM  all   79.90    0.00    3.77    0.00    0.00    4.77    0.00    0.00    0.00   11.56
11:49:23 AM  all   77.70    0.00    6.13    0.00    0.00    3.92    0.00    0.00    0.00   12.25
11:49:24 AM  all   71.97    0.00    5.56    0.00    0.00    3.28    0.00    0.00    0.00   19.19
11:49:25 AM  all   72.01    0.00    4.58    0.00    0.00    3.31    0.00    0.00    0.00   20.10
11:49:26 AM  all   74.62    0.00    4.82    0.00    0.00    4.57    0.00    0.00    0.00   15.99
11:49:27 AM  all   72.61    0.00    5.53    0.00    0.00    4.52    0.00    0.00    0.00   17.34
11:49:28 AM  all   73.32    0.00    5.99    0.00    0.00    4.24    0.00    0.00    0.00   16.46
11:49:29 AM  all   71.36    0.00    4.35    0.00    0.00    5.12    0.00    0.00    0.00   19.18
11:49:30 AM  all   73.40    0.00    4.86    0.00    0.00    3.58    0.00    0.00    0.00   18.16
11:49:31 AM  all   74.07    0.00    4.44    0.00    0.00    4.69    0.00    0.00    0.00   16.79
11:49:32 AM  all   76.67    0.00    4.47    0.00    0.00    3.97    0.00    0.00    0.00   14.89
11:49:33 AM  all   78.39    0.00    4.52    0.00    0.00    3.02    0.00    0.00    0.00   14.07
11:49:34 AM  all   78.50    0.00    3.75    0.00    0.00    4.50    0.00    0.00    0.00   13.25
11:49:35 AM  all   78.61    0.00    4.48    0.00    0.00    4.98    0.00    0.00    0.00   11.94
11:49:36 AM  all   77.56    0.00    4.74    0.00    0.00    4.49    0.00    0.00    0.00   13.22
11:49:37 AM  all   75.38    0.00    4.57    0.00    0.00    4.06    0.00    0.00    0.00   15.99
11:49:38 AM  all   73.60    0.00    5.33    0.00    0.00    2.28    0.00    0.00    0.00   18.78
11:49:39 AM  all   73.16    0.00    6.08    0.00    0.00    3.80    0.00    0.00    0.00   16.96
11:49:40 AM  all   76.79    0.00    4.44    0.00    0.00    4.94    0.00    0.00    0.00   13.83
11:49:41 AM  all   78.20    0.00    5.51    0.00    0.00    3.76    0.00    0.00    0.00   12.53
11:49:42 AM  all   73.35    0.00    5.84    0.00    0.00    4.57    0.00    0.00    0.00   16.24
11:49:43 AM  all   74.31    0.00    4.49    0.00    0.00    3.74    0.00    0.00    0.00   17.46
11:49:44 AM  all   74.49    0.00    4.04    0.00    0.00    4.29    0.00    0.00    0.00   17.17
11:49:45 AM  all   72.41    0.00    5.57    0.00    0.00    5.06    0.00    0.00    0.00   16.96
11:49:46 AM  all   70.99    0.00    4.33    0.00    0.00    3.82    0.00    0.00    0.00   20.87
11:49:47 AM  all   70.10    0.00    4.12    0.00    0.00    3.09    0.00    0.00    0.00   22.68
11:49:48 AM  all   70.96    0.00    3.79    0.00    0.00    4.29    0.00    0.00    0.00   20.96
11:49:49 AM  all   73.79    0.00    3.82    0.00    0.00    4.58    0.00    0.00    0.00   17.81
11:49:50 AM  all   79.08    0.00    4.85    0.00    0.00    3.57    0.00    0.00    0.00   12.50
11:49:51 AM  all   79.49    0.00    4.87    0.00    0.00    3.85    0.00    0.00    0.00   11.79
11:49:52 AM  all   79.49    0.00    5.82    0.00    0.00    3.54    0.00    0.00    0.00   11.14
11:49:53 AM  all   79.04    0.00    5.56    0.00    0.00    4.29    0.00    0.00    0.00   11.11
11:49:54 AM  all   77.50    0.00    5.00    0.00    0.00    5.00    0.00    0.00    0.00   12.50
11:49:55 AM  all   79.09    0.00    5.29    0.00    0.00    4.28    0.00    0.00    0.00   11.34
11:49:56 AM  all   75.19    0.00    5.06    0.00    0.00    5.06    0.00    0.00    0.00   14.68
11:49:57 AM  all   72.96    0.00    4.59    0.00    0.00    4.59    0.00    0.00    0.00   17.86
11:49:58 AM  all   70.10    0.00    5.03    0.00    0.00    5.03    0.00    0.00    0.00   19.85
11:49:59 AM  all   73.10    0.00    4.82    0.00    0.00    3.30    0.00    0.00    0.00   18.78
11:50:00 AM  all   70.15    0.00    3.83    0.00    0.00    4.85    0.00    0.00    0.00   21.17
11:50:01 AM  all   74.68    0.00    3.58    0.00    0.00    3.84    0.00    0.00    0.00   17.90
11:50:02 AM  all   75.25    0.00    5.00    0.00    0.00    4.25    0.00    0.00    0.00   15.50
11:50:03 AM  all   75.13    0.00    5.03    0.00    0.00    6.03    0.00    0.00    0.00   13.82
11:50:04 AM  all   73.99    0.00    4.80    0.00    0.00    4.29    0.00    0.00    0.00   16.92
11:50:05 AM  all   71.90    0.00    4.30    0.00    0.00    4.05    0.00    0.00    0.00   19.75
11:50:06 AM  all   74.62    0.00    3.77    0.00    0.00    4.02    0.00    0.00    0.00   17.59
11:50:07 AM  all   73.21    0.00    4.08    0.00    0.00    4.59    0.00    0.00    0.00   18.11
11:50:08 AM  all   75.13    0.00    4.31    0.00    0.00    4.57    0.00    0.00    0.00   15.99
11:50:09 AM  all   75.58    0.00    4.42    0.00    0.00    3.38    0.00    0.00    0.00   16.62
11:50:10 AM  all   73.87    0.00    4.77    0.00    0.00    3.27    0.00    0.00    0.00   18.09
11:50:11 AM  all   73.33    0.00    6.92    0.00    0.00    5.13    0.00    0.00    0.00   14.62
11:50:12 AM  all   75.45    0.00    5.17    0.00    0.00    5.17    0.00    0.00    0.00   14.21
11:50:13 AM  all   74.62    0.00    5.84    0.00    0.00    3.81    0.00    0.00    0.00   15.74
11:50:14 AM  all   75.25    0.00    4.70    0.00    0.00    5.20    0.00    0.00    0.00   14.85
11:50:15 AM  all   76.12    0.00    4.98    0.00    0.00    5.22    0.00    0.00    0.00   13.68
11:50:16 AM  all   74.75    0.00    6.57    0.00    0.00    3.28    0.00    0.00    0.00   15.40
11:50:17 AM  all   79.30    0.00    4.49    0.00    0.00    3.24    0.00    0.00    0.00   12.97
11:50:18 AM  all   75.38    0.00    4.62    0.00    0.00    4.10    0.00    0.00    0.00   15.90
11:50:19 AM  all   74.74    0.00    4.08    0.00    0.00    4.08    0.00    0.00    0.00   17.09
11:50:20 AM  all   75.06    0.00    4.03    0.00    0.00    4.03    0.00    0.00    0.00   16.88
11:50:21 AM  all   70.99    0.00    6.11    0.00    0.00    4.58    0.00    0.00    0.00   18.32
11:50:22 AM  all   72.36    0.00    4.02    0.00    0.00    3.52    0.00    0.00    0.00   20.10
11:50:23 AM  all   70.71    0.00    6.06    0.00    0.00    2.53    0.00    0.00    0.00   20.71
11:50:24 AM  all   74.16    0.00    5.43    0.00    0.00    3.62    0.00    0.00    0.00   16.80
11:50:25 AM  all   78.43    0.00    4.31    0.00    0.00    4.06    0.00    0.00    0.00   13.20
11:50:26 AM  all   75.44    0.00    5.76    0.00    0.00    5.01    0.00    0.00    0.00   13.78
11:50:27 AM  all   75.88    0.00    5.03    0.00    0.00    7.79    0.00    0.00    0.00   11.31
11:50:28 AM  all   72.08    0.00    3.05    0.00    0.00    9.14    0.00    0.00    0.00   15.74
11:50:29 AM  all   67.50    0.00    5.25    0.00    0.00    5.75    0.00    0.00    0.00   21.50
11:50:30 AM  all   68.41    0.00    5.97    0.00    0.00    4.48    0.00    0.00    0.00   21.14
11:50:31 AM  all   72.66    0.00    4.19    0.00    0.00    3.69    0.00    0.00    0.00   19.46
11:50:32 AM  all   71.93    0.00    6.52    0.00    0.00    4.51    0.00    0.00    0.00   17.04
11:50:33 AM  all   75.31    0.00    5.24    0.00    0.00    4.24    0.00    0.00    0.00   15.21
11:50:34 AM  all   70.10    0.00    7.29    0.00    0.00    4.52    0.00    0.00    0.00   18.09
11:50:35 AM  all   77.81    0.00    4.99    0.25    0.00    4.99    0.00    0.00    0.00   11.97
11:50:36 AM  all   80.56    0.00    4.80    0.00    0.00    3.28    0.00    0.00    0.00   11.36
11:50:37 AM  all   78.36    0.00    4.73    0.00    0.00    4.23    0.00    0.00    0.00   12.69
11:50:38 AM  all   76.43    0.00    4.22    0.00    0.00    3.23    0.00    0.00    0.00   16.13
11:50:39 AM  all   69.90    0.00    5.47    0.00    0.00    4.48    0.00    0.00    0.00   20.15
11:50:40 AM  all   75.82    0.00    3.53    0.00    0.00    4.28    0.00    0.00    0.00   16.37
11:50:41 AM  all   75.31    0.00    5.24    0.00    0.00    3.74    0.00    0.00    0.00   15.71
11:50:42 AM  all   71.47    0.00    4.37    0.00    0.00    3.86    0.00    0.00    0.00   20.31
11:50:43 AM  all   72.46    0.00    5.46    0.00    0.00    3.72    0.00    0.00    0.00   18.36
11:50:44 AM  all   75.38    0.00    4.77    0.00    0.00    4.27    0.00    0.00    0.00   15.58
11:50:45 AM  all   75.63    0.00    6.09    0.00    0.00    4.82    0.00    0.00    0.00   13.45
11:50:46 AM  all   76.34    0.00    4.33    0.00    0.00    3.31    0.00    0.00    0.00   16.03
11:50:47 AM  all   71.57    0.00    5.33    0.00    0.00    4.31    0.00    0.00    0.00   18.78
11:50:48 AM  all   75.19    0.00    4.35    0.00    0.00    4.09    0.00    0.00    0.00   16.37
11:50:49 AM  all   78.71    0.00    5.45    0.00    0.00    4.21    0.00    0.00    0.00   11.63
11:50:50 AM  all   75.50    0.00    4.75    0.00    0.00    4.00    0.00    0.00    0.00   15.75
11:50:51 AM  all   70.28    0.00    7.30    0.00    0.00    4.03    0.00    0.00    0.00   18.39
11:50:52 AM  all   74.05    0.00    4.83    0.00    0.00    4.58    0.00    0.00    0.00   16.54
11:50:53 AM  all   74.75    0.00    4.29    0.00    0.00    5.05    0.00    0.00    0.00   15.91
11:50:54 AM  all   75.37    0.00    4.48    0.00    0.00    3.98    0.00    0.00    0.00   16.17
11:50:55 AM  all   76.83    0.00    4.28    0.00    0.00    4.03    0.00    0.00    0.00   14.86
11:50:56 AM  all   71.74    0.00    6.14    0.00    0.00    4.18    0.00    0.00    0.00   17.94
11:50:57 AM  all   72.36    0.00    5.03    0.00    0.00    3.77    0.00    0.00    0.00   18.84
11:50:58 AM  all   74.31    0.00    6.48    0.00    0.00    3.99    0.00    0.00    0.00   15.21
11:50:59 AM  all   78.64    0.00    4.52    0.00    0.00    4.52    0.00    0.00    0.00   12.31
11:51:00 AM  all   77.86    0.00    5.72    0.00    0.00    4.48    0.00    0.00    0.00   11.94
11:51:01 AM  all   73.57    0.00    4.99    0.00    0.00    3.99    0.00    0.00    0.00   17.46
11:51:02 AM  all   74.49    0.00    4.80    0.00    0.00    3.79    0.00    0.00    0.00   16.92
11:51:03 AM  all   74.94    0.00    4.56    0.00    0.00    4.30    0.00    0.00    0.00   16.20
11:51:04 AM  all   72.98    0.00    5.81    0.00    0.00    4.80    0.00    0.00    0.00   16.41
11:51:05 AM  all   72.04    0.00    5.54    0.00    0.00    4.53    0.00    0.00    0.00   17.88
11:51:06 AM  all   73.78    0.00    3.60    0.00    0.00    4.37    0.00    0.00    0.00   18.25
11:51:07 AM  all   70.71    0.00    5.30    0.00    0.00    4.29    0.00    0.00    0.00   19.70
11:51:08 AM  all   72.73    0.00    3.79    0.00    0.00    3.03    0.00    0.00    0.00   20.45
11:51:09 AM  all   73.42    0.00    5.32    0.00    0.00    4.05    0.00    0.00    0.00   17.22
11:51:10 AM  all   78.26    0.00    3.84    0.00    0.00    6.14    0.00    0.00    0.00   11.76
11:51:11 AM  all   76.05    0.00    6.91    0.00    0.00    3.95    0.00    0.00    0.00   13.09
11:51:12 AM  all   76.50    0.00    4.75    0.00    0.00    4.25    0.00    0.00    0.00   14.50
11:51:13 AM  all   77.89    0.00    4.27    0.00    0.00    4.77    0.00    0.00    0.00   13.07
11:51:14 AM  all   76.79    0.00    4.44    0.00    0.00    4.20    0.00    0.00    0.00   14.57
11:51:15 AM  all   75.81    0.00    5.24    0.00    0.00    5.24    0.00    0.00    0.00   13.72
11:51:16 AM  all   77.72    0.00    5.94    0.00    0.00    3.47    0.00    0.00    0.00   12.87
11:51:17 AM  all   75.19    0.00    4.96    0.00    0.00    4.96    0.00    0.00    0.00   14.89
11:51:18 AM  all   72.84    0.00    5.08    0.00    0.00    3.81    0.00    0.00    0.00   18.27
11:51:19 AM  all   71.43    0.00    4.08    0.00    0.00    4.34    0.00    0.00    0.00   20.15
11:51:20 AM  all   74.31    0.00    3.24    0.00    0.00    4.24    0.00    0.00    0.00   18.20
11:51:21 AM  all   77.69    0.00    5.01    0.00    0.00    3.01    0.00    0.00    0.00   14.29
11:51:22 AM  all   76.44    0.00    5.01    0.00    0.00    5.01    0.00    0.00    0.00   13.53
11:51:23 AM  all   70.36    0.00    6.19    0.00    0.00    3.61    0.00    0.00    0.00   19.85
11:51:24 AM  all   72.34    0.00    3.81    0.00    0.00    4.31    0.00    0.00    0.00   19.54
11:51:25 AM  all   75.90    0.00    4.62    0.00    0.00    4.10    0.00    0.00    0.00   15.38
11:51:26 AM  all   74.13    0.00    4.73    0.00    0.00    6.22    0.00    0.00    0.00   14.93
11:51:27 AM  all   76.31    0.00    4.49    0.00    0.00    3.49    0.00    0.00    0.00   15.71
11:51:28 AM  all   74.31    0.00    5.24    0.00    0.00    3.74    0.00    0.00    0.00   16.71
11:51:29 AM  all   72.17    0.00    4.68    0.00    0.00    4.93    0.00    0.00    0.00   18.23
11:51:30 AM  all   74.87    0.00    4.52    0.00    0.00    3.02    0.00    0.00    0.00   17.59
11:51:31 AM  all   71.71    0.00    5.71    0.00    0.00    3.97    0.00    0.00    0.00   18.61
11:51:32 AM  all   72.64    0.00    4.98    0.00    0.00    4.73    0.00    0.00    0.00   17.66
11:51:33 AM  all   73.86    0.00    4.82    0.00    0.00    4.06    0.00    0.00    0.00   17.26
11:51:34 AM  all   72.68    0.00    6.02    0.00    0.00    4.51    0.00    0.00    0.00   16.79
11:51:35 AM  all   76.44    0.00    5.01    0.00    0.00    4.26    0.00    0.00    0.00   14.29
11:51:36 AM  all   77.17    0.00    6.20    0.00    0.00    4.96    0.00    0.00    0.00   11.66
11:51:37 AM  all   79.26    0.00    5.68    0.00    0.00    4.44    0.00    0.00    0.00   10.62
11:51:38 AM  all   77.55    0.00    6.38    0.00    0.00    4.59    0.00    0.00    0.00   11.48
11:51:39 AM  all   75.39    0.00    4.92    0.00    0.00    2.59    0.00    0.00    0.00   17.10
11:51:40 AM  all   74.50    0.00    4.00    0.00    0.00    3.50    0.00    0.00    0.00   18.00
11:51:41 AM  all   74.74    0.00    4.08    0.00    0.00    3.06    0.00    0.00    0.00   18.11
11:51:42 AM  all   75.52    0.00    3.61    0.00    0.00    5.41    0.00    0.00    0.00   15.46
11:51:43 AM  all   79.55    0.00    4.80    0.00    0.00    4.04    0.00    0.00    0.00   11.62
11:51:44 AM  all   77.89    0.00    5.78    0.00    0.00    4.52    0.00    0.00    0.00   11.81
11:51:45 AM  all   72.21    0.00    6.20    0.00    0.00    4.96    0.00    0.00    0.00   16.63
11:51:46 AM  all   71.89    0.00    3.48    0.00    0.00    3.73    0.00    0.00    0.00   20.90
11:51:47 AM  all   72.52    0.00    4.07    0.00    0.00    4.58    0.00    0.00    0.00   18.83
11:51:48 AM  all   75.50    0.00    5.25    0.00    0.00    3.25    0.00    0.00    0.00   16.00
11:51:49 AM  all   76.40    0.00    4.31    0.00    0.00    4.06    0.00    0.00    0.00   15.23
11:51:50 AM  all   73.54    0.00    6.87    0.00    0.00    3.56    0.00    0.00    0.00   16.03
11:51:51 AM  all   75.38    0.00    6.03    0.00    0.00    4.27    0.00    0.00    0.00   14.32
11:51:52 AM  all   78.17    0.00    6.09    0.00    0.00    4.57    0.00    0.00    0.00   11.17
11:51:53 AM  all   81.03    0.00    4.10    0.00    0.00    3.33    0.00    0.00    0.00   11.54
11:51:54 AM  all   73.82    0.00    5.99    0.00    0.00    3.49    0.00    0.00    0.00   16.71
11:51:55 AM  all   73.18    0.00    4.26    0.00    0.00    5.01    0.00    0.00    0.00   17.54
11:51:56 AM  all   72.43    0.00    3.76    0.00    0.00    3.76    0.00    0.00    0.00   20.05
11:51:57 AM  all   70.13    0.00    5.32    0.00    0.00    4.30    0.00    0.00    0.00   20.25
11:51:58 AM  all   71.54    0.00    4.03    0.00    0.00    5.04    0.00    0.00    0.00   19.40
11:51:59 AM  all   71.91    0.00    4.38    0.00    0.00    4.64    0.00    0.00    0.00   19.07
11:52:00 AM  all   74.68    0.00    6.08    0.00    0.00    3.04    0.00    0.00    0.00   16.20
11:52:01 AM  all   78.93    0.00    5.08    0.00    0.00    2.79    0.00    0.00    0.00   13.20
11:52:02 AM  all   79.60    0.00    5.47    0.00    0.00    4.73    0.00    0.00    0.00   10.20
11:52:03 AM  all   79.70    0.00    5.26    0.00    0.00    5.51    0.00    0.00    0.00    9.52
11:52:04 AM  all   77.47    0.00    5.57    0.00    0.00    5.57    0.00    0.00    0.00   11.39
11:52:05 AM  all   77.04    0.00    4.59    0.00    0.00    5.36    0.00    0.00    0.00   13.01
11:52:06 AM  all   75.82    0.00    5.54    0.00    0.00    4.28    0.00    0.00    0.00   14.36
11:52:07 AM  all   73.10    0.00    6.09    0.00    0.00    4.57    0.00    0.00    0.00   16.24
11:52:08 AM  all   73.46    0.00    4.42    0.00    0.00    3.93    0.00    0.00    0.00   18.18
11:52:09 AM  all   75.70    0.00    5.06    0.00    0.00    4.05    0.00    0.00    0.00   15.19
11:52:10 AM  all   76.18    0.00    4.96    0.00    0.00    2.98    0.00    0.00    0.00   15.88
11:52:11 AM  all   71.36    0.00    4.52    0.00    0.00    4.27    0.00    0.00    0.00   19.85
11:52:12 AM  all   73.71    0.00    5.41    0.00    0.00    3.35    0.00    0.00    0.00   17.53
11:52:13 AM  all   76.01    0.00    5.81    0.00    0.00    5.05    0.00    0.00    0.00   13.13
11:52:14 AM  all   73.68    0.00    6.02    0.00    0.00    4.01    0.00    0.00    0.00   16.29
11:52:15 AM  all   73.52    0.00    4.63    0.00    0.00    5.14    0.00    0.00    0.00   16.71
11:52:16 AM  all   78.11    0.00    5.22    0.00    0.00    4.48    0.00    0.00    0.00   12.19
11:52:17 AM  all   78.47    0.00    6.19    0.00    0.00    4.70    0.00    0.00    0.00   10.64
11:52:18 AM  all   82.44    0.00    3.82    0.00    0.00    3.31    0.00    0.00    0.00   10.43
11:52:19 AM  all   77.47    0.00    4.56    0.00    0.00    4.81    0.00    0.00    0.00   13.16
11:52:20 AM  all   73.67    0.00    5.06    0.00    0.00    6.08    0.00    0.00    0.00   15.19
11:52:21 AM  all   75.77    0.00    5.87    0.00    0.00    3.32    0.00    0.00    0.00   15.05
11:52:22 AM  all   75.57    0.00    4.79    0.00    0.00    5.29    0.00    0.00    0.00   14.36
11:52:23 AM  all   68.00    0.00    4.50    0.00    0.00    9.00    0.00    0.00    0.00   18.50
11:52:24 AM  all   72.57    0.00    2.99    0.00    0.00    4.99    0.00    0.00    0.00   19.45
11:52:25 AM  all   74.06    0.00    5.29    0.00    0.00    4.03    0.00    0.00    0.00   16.62
11:52:26 AM  all   77.08    0.00    5.54    0.00    0.00    4.28    0.00    0.00    0.00   13.10
11:52:27 AM  all   80.15    0.00    3.82    0.00    0.00    3.82    0.00    0.00    0.00   12.21
11:52:28 AM  all   74.75    0.00    5.30    0.00    0.00    4.29    0.00    0.00    0.00   15.66
11:52:29 AM  all   74.69    0.00    5.26    0.00    0.00    5.01    0.00    0.00    0.00   15.04
11:52:30 AM  all   76.96    0.00    5.32    0.00    0.00    3.80    0.00    0.00    0.00   13.92
11:52:31 AM  all   78.30    0.00    4.74    0.00    0.00    4.24    0.00    0.00    0.00   12.72
11:52:32 AM  all   82.58    0.00    4.55    0.00    0.00    4.55    0.00    0.00    0.00    8.33
11:52:33 AM  all   80.92    0.00    5.34    0.00    0.00    4.83    0.00    0.00    0.00    8.91
11:52:34 AM  all   80.10    0.00    5.61    0.00    0.00    4.08    0.00    0.00    0.00   10.20
11:52:35 AM  all   74.19    0.00    4.71    0.00    0.00    4.22    0.00    0.00    0.00   16.87
11:52:36 AM  all   75.38    0.00    5.33    0.00    0.00    2.28    0.00    0.00    0.00   17.01
11:52:37 AM  all   74.49    0.00    3.03    0.00    0.00    4.29    0.00    0.00    0.00   18.18
11:52:38 AM  all   72.89    0.00    4.86    0.00    0.00    4.09    0.00    0.00    0.00   18.16
11:52:39 AM  all   77.86    0.00    3.05    0.00    0.00    3.56    0.00    0.00    0.00   15.52
11:52:40 AM  all   72.86    0.00    5.03    0.00    0.00    5.53    0.00    0.00    0.00   16.58
11:52:41 AM  all   75.89    0.00    3.55    0.00    0.00    3.30    0.00    0.00    0.00   17.26
11:52:42 AM  all   72.59    0.00    6.35    0.00    0.00    4.31    0.00    0.00    0.00   16.75
11:52:43 AM  all   75.37    0.00    4.23    0.00    0.00    2.74    0.00    0.00    0.00   17.66
11:52:44 AM  all   76.43    0.00    5.96    0.00    0.00    3.23    0.00    0.00    0.00   14.39
11:52:45 AM  all   82.25    0.00    3.00    0.00    0.00    4.50    0.00    0.00    0.00   10.25
11:52:46 AM  all   78.89    0.00    6.78    0.00    0.00    4.27    0.00    0.00    0.00   10.05
11:52:47 AM  all   78.41    0.00    5.71    0.00    0.00    5.21    0.00    0.00    0.00   10.67
11:52:48 AM  all   74.94    0.00    6.02    0.00    0.00    4.01    0.00    0.00    0.00   15.04
11:52:49 AM  all   72.61    0.00    5.53    0.00    0.00    3.77    0.00    0.00    0.00   18.09
11:52:50 AM  all   71.43    0.00    4.76    0.00    0.00    4.26    0.00    0.00    0.00   19.55
11:52:51 AM  all   72.08    0.00    4.06    0.00    0.00    3.55    0.00    0.00    0.00   20.30
11:52:52 AM  all   72.98    0.00    5.81    0.00    0.00    3.79    0.00    0.00    0.00   17.42
11:52:53 AM  all   76.12    0.00    4.48    0.00    0.00    4.23    0.00    0.00    0.00   15.17
11:52:54 AM  all   73.25    0.00    5.75    0.00    0.00    5.25    0.00    0.00    0.00   15.75
11:52:55 AM  all   71.96    0.00    6.95    0.00    0.00    3.97    0.00    0.00    0.00   17.12
11:52:56 AM  all   73.89    0.00    3.45    0.00    0.00    3.94    0.00    0.00    0.00   18.72
11:52:57 AM  all   75.43    0.00    4.96    0.00    0.00    4.47    0.00    0.00    0.00   15.14
11:52:58 AM  all   77.44    0.00    4.76    0.00    0.00    3.76    0.00    0.00    0.00   14.04
11:52:59 AM  all   72.70    0.00    6.45    0.00    0.00    4.22    0.00    0.00    0.00   16.63
11:53:00 AM  all   70.68    0.00    6.27    0.00    0.00    5.01    0.00    0.00    0.00   18.05
11:53:01 AM  all   78.50    0.00    4.00    0.00    0.00    4.75    0.00    0.00    0.00   12.75
11:53:02 AM  all   77.72    0.00    4.70    0.00    0.00    4.46    0.00    0.00    0.00   13.12
11:53:03 AM  all   73.48    0.00    5.05    0.00    0.00    4.04    0.00    0.00    0.00   17.42
11:53:04 AM  all   75.63    0.00    4.77    0.00    0.00    3.77    0.00    0.00    0.00   15.83
11:53:05 AM  all   74.62    0.00    6.03    0.00    0.00    4.02    0.00    0.00    0.00   15.33
11:53:06 AM  all   75.90    0.00    4.87    0.00    0.00    4.10    0.00    0.00    0.00   15.13
11:53:07 AM  all   82.04    0.00    5.49    0.00    0.00    3.74    0.00    0.00    0.00    8.73
11:53:08 AM  all   79.04    0.00    4.29    0.00    0.00    4.04    0.00    0.00    0.00   12.63
11:53:09 AM  all   72.52    0.00    4.70    0.00    0.00    4.21    0.00    0.00    0.00   18.56
11:53:10 AM  all   76.01    0.00    5.30    0.00    0.00    4.04    0.00    0.00    0.00   14.65
11:53:11 AM  all   77.36    0.00    4.98    0.00    0.00    3.48    0.00    0.00    0.00   14.18
11:53:12 AM  all   77.28    0.00    4.94    0.00    0.00    4.44    0.00    0.00    0.00   13.33
11:53:13 AM  all   75.75    0.00    5.00    0.00    0.00    5.00    0.00    0.00    0.00   14.25
11:53:14 AM  all   73.16    0.00    5.32    0.00    0.00    4.56    0.00    0.00    0.00   16.96
11:53:15 AM  all   77.00    0.00    3.25    0.00    0.00    3.75    0.00    0.00    0.00   16.00
11:53:16 AM  all   75.06    0.00    4.24    0.00    0.00    3.99    0.00    0.00    0.00   16.71
11:53:17 AM  all   72.68    0.00    4.76    0.00    0.00    4.01    0.00    0.00    0.00   18.55
11:53:18 AM  all   72.86    0.00    4.77    0.00    0.00    5.03    0.00    0.00    0.00   17.34
11:53:19 AM  all   73.42    0.00    4.30    0.00    0.00    3.54    0.00    0.00    0.00   18.73
11:53:20 AM  all   73.92    0.00    4.30    0.00    0.00    4.05    0.00    0.00    0.00   17.72
11:53:21 AM  all   74.31    0.00    4.53    0.00    0.00    3.53    0.00    0.00    0.00   17.63
11:53:22 AM  all   78.61    0.00    4.98    0.00    0.00    4.48    0.00    0.00    0.00   11.94
11:53:23 AM  all   80.90    0.00    4.77    0.00    0.00    4.27    0.00    0.00    0.00   10.05
11:53:24 AM  all   76.86    0.00    5.66    0.00    0.00    3.60    0.00    0.00    0.00   13.88
11:53:25 AM  all   74.43    0.00    3.80    0.00    0.00    4.05    0.00    0.00    0.00   17.72
11:53:26 AM  all   72.01    0.00    5.60    0.00    0.00    4.33    0.00    0.00    0.00   18.07
11:53:27 AM  all   74.63    0.00    4.48    0.00    0.00    4.48    0.00    0.00    0.00   16.42
11:53:28 AM  all   75.25    0.00    4.55    0.00    0.00    4.80    0.00    0.00    0.00   15.40
11:53:29 AM  all   74.20    0.00    4.42    0.00    0.00    3.93    0.00    0.00    0.00   17.44
11:53:30 AM  all   67.25    0.00    5.54    0.00    0.00    3.78    0.00    0.00    0.00   23.43
11:53:31 AM  all   62.63    0.00    5.05    0.00    0.00    4.80    0.00    0.00    0.00   27.53
11:53:32 AM  all   65.49    0.00    3.78    0.00    0.00    3.02    0.00    0.00    0.00   27.71
11:53:33 AM  all   58.59    0.00    2.60    0.00    0.00    3.39    0.00    0.00    0.00   35.42
11:53:34 AM  all   52.37    0.00    3.99    0.00    0.00    3.49    0.00    0.00    0.00   40.15
11:53:35 AM  all   46.51    0.00    3.62    0.00    0.00    2.58    0.00    0.00    0.00   47.29
11:53:36 AM  all   39.69    0.00    3.35    0.00    0.00    2.58    0.00    0.00    0.00   54.38
11:53:37 AM  all   28.29    0.00    1.49    0.00    0.00    1.99    0.00    0.00    0.00   68.24
11:53:38 AM  all   18.94    0.00    1.26    0.00    0.00    0.25    0.00    0.00    0.00   79.55
11:53:39 AM  all   14.85    0.00    1.49    0.00    0.00    0.99    0.00    0.00    0.00   82.67
11:53:40 AM  all    7.75    0.00    0.75    0.00    0.00    0.75    0.00    0.00    0.00   90.75
11:53:41 AM  all    4.77    0.00    0.00    0.00    0.00    0.25    0.00    0.00    0.00   94.97
11:53:42 AM  all    4.02    0.00    0.00    0.00    0.00    0.00    0.00    0.00    0.00   95.98
11:53:43 AM  all    2.28    0.00    0.00    0.00    0.00    0.00    0.00    0.00    0.00   97.72
11:53:44 AM  all    1.25    0.00    0.50    0.00    0.00    0.00    0.00    0.00    0.00   98.25
11:53:45 AM  all   24.18    0.00    1.51    0.00    0.00    3.78    0.00    0.00    0.00   70.53
11:53:46 AM  all   75.87    0.00    7.46    0.00    0.00   13.18    0.00    0.00    0.00    3.48
11:53:47 AM  all   77.75    0.00    6.65    0.00    0.00   12.79    0.00    0.00    0.00    2.81
11:53:48 AM  all   75.19    0.00    8.27    0.00    0.00   13.28    0.00    0.00    0.00    3.26
11:53:49 AM  all   77.58    0.00    7.56    0.00    0.00   12.59    0.00    0.00    0.00    2.27
11:53:50 AM  all   80.75    0.00    6.25    0.00    0.00   12.50    0.00    0.00    0.00    0.50
11:53:51 AM  all   80.05    0.00    6.98    0.00    0.00   12.22    0.00    0.00    0.00    0.75
11:53:52 AM  all   79.75    0.00    7.25    0.00    0.00   12.00    0.00    0.00    0.00    1.00
11:53:53 AM  all   79.95    0.00    5.51    0.00    0.00   14.04    0.00    0.00    0.00    0.50
11:53:54 AM  all   80.30    0.00    7.23    0.00    0.00   11.47    0.00    0.00    0.00    1.00
11:53:55 AM  all   79.20    0.00    8.27    0.00    0.00   12.53    0.00    0.00    0.00    0.00
11:53:56 AM  all   79.00    0.00    8.00    0.00    0.00   13.00    0.00    0.00    0.00    0.00
11:53:57 AM  all   78.25    0.00    6.75    0.00    0.00   14.75    0.00    0.00    0.00    0.25
11:53:58 AM  all   78.39    0.00    7.04    0.00    0.00   14.07    0.00    0.00    0.00    0.50
11:53:59 AM  all   79.30    0.00    7.48    0.00    0.00   12.47    0.00    0.00    0.00    0.75
11:54:00 AM  all   79.00    0.00    8.00    0.00    0.00   12.50    0.00    0.00    0.00    0.50
11:54:01 AM  all   79.40    0.00    6.03    0.00    0.00   13.32    0.00    0.00    0.00    1.26
11:54:02 AM  all   78.34    0.00    6.55    0.00    0.00   13.35    0.00    0.00    0.00    1.76
11:54:03 AM  all   79.65    0.00    6.28    0.00    0.00   13.32    0.00    0.00    0.00    0.75
11:54:04 AM  all   78.30    0.00    8.23    0.00    0.00   13.22    0.00    0.00    0.00    0.25
11:54:05 AM  all   78.25    0.00    7.25    0.00    0.00   13.75    0.00    0.00    0.00    0.75
11:54:06 AM  all   77.94    0.00    8.27    0.00    0.00   13.28    0.00    0.00    0.00    0.50
11:54:07 AM  all   81.91    0.00    6.03    0.00    0.00   12.06    0.00    0.00    0.00    0.00
11:54:08 AM  all   77.44    0.00    7.02    0.00    0.00   15.04    0.00    0.00    0.00    0.50
11:54:09 AM  all   79.10    0.00    7.96    0.00    0.00   12.69    0.00    0.00    0.00    0.25
11:54:10 AM  all   78.39    0.00    7.29    0.00    0.00   13.82    0.00    0.00    0.00    0.50
11:54:11 AM  all   79.25    0.00    7.25    0.00    0.00   12.75    0.00    0.00    0.00    0.75
11:54:12 AM  all   79.45    0.00    7.02    0.00    0.00   13.03    0.00    0.00    0.00    0.50
11:54:13 AM  all   80.20    0.00    6.52    0.00    0.00   12.78    0.00    0.00    0.00    0.50
11:54:14 AM  all   80.05    0.00    7.73    0.00    0.00   11.97    0.00    0.00    0.00    0.25
11:54:15 AM  all   79.80    0.00    6.48    0.00    0.00   12.97    0.00    0.00    0.00    0.75
11:54:16 AM  all   79.09    0.00    7.05    0.00    0.00   13.10    0.00    0.00    0.00    0.76
11:54:17 AM  all   77.64    0.00    7.79    0.00    0.00   14.07    0.00    0.00    0.00    0.50
11:54:18 AM  all   70.25    0.00    5.25    0.00    0.00   24.25    0.00    0.00    0.00    0.25
11:54:19 AM  all   74.25    0.00    5.75    0.00    0.00   19.50    0.00    0.00    0.00    0.50
11:54:20 AM  all   79.15    0.00    6.78    0.00    0.00   13.57    0.00    0.00    0.00    0.50
11:54:21 AM  all   81.50    0.00    6.75    0.00    0.00   11.50    0.00    0.00    0.00    0.25
11:54:22 AM  all   79.00    0.00    6.50    0.00    0.00   14.25    0.00    0.00    0.00    0.25
11:54:23 AM  all   79.65    0.00    6.45    0.00    0.00   13.15    0.00    0.00    0.00    0.74
11:54:24 AM  all   81.41    0.00    6.53    0.00    0.00   11.31    0.00    0.00    0.00    0.75
11:54:25 AM  all   78.75    0.00    6.75    0.00    0.00   13.75    0.00    0.00    0.00    0.75
11:54:26 AM  all   78.39    0.00    7.54    0.00    0.00   13.57    0.00    0.00    0.00    0.50
11:54:27 AM  all   78.55    0.00    7.73    0.00    0.00   13.47    0.00    0.00    0.00    0.25
11:54:28 AM  all   78.79    0.00    7.32    0.00    0.00   12.88    0.00    0.00    0.00    1.01
11:54:29 AM  all   81.84    0.00    6.47    0.00    0.00   11.69    0.00    0.00    0.00    0.00
11:54:30 AM  all   81.00    0.00    7.25    0.00    0.00   11.50    0.00    0.00    0.00    0.25
11:54:31 AM  all   79.45    0.00    6.27    0.00    0.00   14.04    0.00    0.00    0.00    0.25
11:54:32 AM  all   80.70    0.00    5.51    0.00    0.00   13.53    0.00    0.00    0.00    0.25
11:54:33 AM  all   79.25    0.00    7.25    0.00    0.00   13.00    0.00    0.00    0.00    0.50
11:54:34 AM  all   78.59    0.00    6.30    0.00    0.00   14.36    0.00    0.00    0.00    0.76
11:54:35 AM  all   78.80    0.00    7.23    0.00    0.00   13.22    0.00    0.00    0.00    0.75
11:54:36 AM  all   81.00    0.00    5.75    0.00    0.00   13.00    0.00    0.00    0.00    0.25
11:54:37 AM  all   79.10    0.00    7.21    0.00    0.00   12.94    0.00    0.00    0.00    0.75
11:54:38 AM  all   81.50    0.00    5.75    0.00    0.00   12.25    0.00    0.00    0.00    0.50
11:54:39 AM  all   79.50    0.00    6.50    0.00    0.00   14.00    0.00    0.00    0.00    0.00
11:54:40 AM  all   80.60    0.00    6.55    0.00    0.00   12.85    0.00    0.00    0.00    0.00
11:54:41 AM  all   77.36    0.00    6.97    0.00    0.00   15.17    0.00    0.00    0.00    0.50
11:54:42 AM  all   78.95    0.00    6.52    0.00    0.00   14.04    0.00    0.00    0.00    0.50
11:54:43 AM  all   79.75    0.00    7.00    0.00    0.00   12.75    0.00    0.00    0.00    0.50
11:54:44 AM  all   80.25    0.00    7.00    0.00    0.00   12.50    0.00    0.00    0.00    0.25
11:54:45 AM  all   79.40    0.00    6.70    0.00    0.00   12.66    0.00    0.00    0.00    1.24
11:54:46 AM  all   80.30    0.00    6.98    0.00    0.00   12.47    0.00    0.00    0.00    0.25
11:54:47 AM  all   79.40    0.00    7.29    0.00    0.00   13.32    0.00    0.00    0.00    0.00
11:54:48 AM  all   79.45    0.00    7.27    0.00    0.00   13.03    0.00    0.00    0.00    0.25
11:54:49 AM  all   81.25    0.00    6.75    0.00    0.00   11.75    0.00    0.00    0.00    0.25
11:54:50 AM  all   81.20    0.00    6.77    0.00    0.00   12.03    0.00    0.00    0.00    0.00
11:54:51 AM  all   76.81    0.00    7.48    0.00    0.00   15.46    0.00    0.00    0.00    0.25
11:54:52 AM  all   79.55    0.00    6.98    0.00    0.00   12.97    0.00    0.00    0.00    0.50
11:54:53 AM  all   78.14    0.00    7.79    0.00    0.00   14.07    0.00    0.00    0.00    0.00
11:54:54 AM  all   78.05    0.00    8.23    0.00    0.00   13.47    0.00    0.00    0.00    0.25
11:54:55 AM  all   79.90    0.00    8.19    0.00    0.00   11.41    0.00    0.00    0.00    0.50
11:54:56 AM  all   83.12    0.00    5.79    0.00    0.00   10.83    0.00    0.00    0.00    0.25
11:54:57 AM  all   77.92    0.00    5.21    0.00    0.00   16.38    0.00    0.00    0.00    0.50
11:54:58 AM  all   77.58    0.00    7.30    0.00    0.00   14.86    0.00    0.00    0.00    0.25
11:54:59 AM  all   80.05    0.00    6.73    0.00    0.00   12.72    0.00    0.00    0.00    0.50
11:55:00 AM  all   82.07    0.00    7.32    0.00    0.00   10.35    0.00    0.00    0.00    0.25
11:55:01 AM  all   80.55    0.00    5.99    0.00    0.00   12.47    0.00    0.00    0.00    1.00
11:55:02 AM  all   78.61    0.00    6.72    0.00    0.00   13.68    0.00    0.00    0.00    1.00
11:55:03 AM  all   79.30    0.00    6.98    0.00    0.00   12.97    0.00    0.00    0.00    0.75
11:55:04 AM  all   80.81    0.00    7.32    0.00    0.00   11.87    0.00    0.00    0.00    0.00
11:55:05 AM  all   78.05    0.00    8.48    0.00    0.00   12.97    0.00    0.00    0.00    0.50
11:55:06 AM  all   80.10    0.00    7.21    0.00    0.00   12.19    0.00    0.00    0.00    0.50
11:55:07 AM  all   79.30    0.00    5.49    0.00    0.00   14.96    0.00    0.00    0.00    0.25
11:55:08 AM  all   79.95    0.00    6.52    0.00    0.00   13.53    0.00    0.00    0.00    0.00
11:55:09 AM  all   80.25    0.00    5.50    0.00    0.00   14.25    0.00    0.00    0.00    0.00
11:55:10 AM  all   81.45    0.00    6.77    0.00    0.00   11.53    0.00    0.00    0.00    0.25
11:55:11 AM  all   77.44    0.00    6.02    0.00    0.00   15.54    0.00    0.00    0.00    1.00
11:55:12 AM  all   80.60    0.00    5.97    0.00    0.00   13.18    0.00    0.00    0.00    0.25
11:55:13 AM  all   79.25    0.00    6.50    0.00    0.00   13.75    0.00    0.00    0.00    0.50
11:55:14 AM  all   81.75    0.00    6.50    0.00    0.00   11.75    0.00    0.00    0.00    0.00
11:55:15 AM  all   79.95    0.00    6.77    0.00    0.00   13.28    0.00    0.00    0.00    0.00
11:55:16 AM  all   80.20    0.00    7.02    0.00    0.00   12.78    0.00    0.00    0.00    0.00
11:55:17 AM  all   79.45    0.00    6.77    0.00    0.00   13.53    0.00    0.00    0.00    0.25
11:55:18 AM  all   80.30    0.00    6.48    0.00    0.00   12.97    0.00    0.00    0.00    0.25
11:55:19 AM  all   80.70    0.00    7.02    0.00    0.00   12.03    0.00    0.00    0.00    0.25
11:55:20 AM  all   77.50    0.00    7.00    0.00    0.00   15.25    0.00    0.00    0.00    0.25
11:55:21 AM  all   81.00    0.00    6.25    0.00    0.00   12.25    0.00    0.00    0.00    0.50
11:55:22 AM  all   79.00    0.00    7.25    0.00    0.00   13.75    0.00    0.00    0.00    0.00
11:55:23 AM  all   80.20    0.00    7.02    0.00    0.00   12.53    0.00    0.00    0.00    0.25
11:55:24 AM  all   80.85    0.00    6.72    0.00    0.00   12.19    0.00    0.00    0.00    0.25
11:55:25 AM  all   79.00    0.00    6.50    0.00    0.00   14.25    0.00    0.00    0.00    0.25
11:55:26 AM  all   80.00    0.00    7.00    0.00    0.00   12.75    0.00    0.00    0.00    0.25
11:55:27 AM  all   80.90    0.00    6.53    0.00    0.00   12.31    0.00    0.00    0.00    0.25
11:55:28 AM  all   77.17    0.00    8.68    0.00    0.00   13.40    0.00    0.00    0.00    0.74
11:55:29 AM  all   79.20    0.00    5.76    0.00    0.00   14.29    0.00    0.00    0.00    0.75
11:55:30 AM  all   81.34    0.00    5.97    0.00    0.00   12.19    0.00    0.00    0.00    0.50
11:55:31 AM  all   80.90    0.00    6.28    0.00    0.00   12.06    0.00    0.00    0.00    0.75
11:55:32 AM  all   79.85    0.00    8.21    0.00    0.00   11.69    0.00    0.00    0.00    0.25
11:55:33 AM  all   80.15    0.00    7.04    0.00    0.00   12.81    0.00    0.00    0.00    0.00
11:55:34 AM  all   79.55    0.00    7.48    0.00    0.00   12.72    0.00    0.00    0.00    0.25
11:55:35 AM  all   78.89    0.00    7.29    0.00    0.00   13.57    0.00    0.00    0.00    0.25
11:55:36 AM  all   77.36    0.00    7.96    0.00    0.00   14.68    0.00    0.00    0.00    0.00
11:55:37 AM  all   80.45    0.00    6.02    0.00    0.00   13.03    0.00    0.00    0.00    0.50
11:55:38 AM  all   81.11    0.00    5.04    0.00    0.00   13.10    0.00    0.00    0.00    0.76
11:55:39 AM  all   79.70    0.00    7.27    0.00    0.00   12.28    0.00    0.00    0.00    0.75
11:55:40 AM  all   79.95    0.00    7.02    0.00    0.00   12.28    0.00    0.00    0.00    0.75
11:55:41 AM  all   79.70    0.00    7.27    0.00    0.00   12.78    0.00    0.00    0.00    0.25
11:55:42 AM  all   79.35    0.00    7.30    0.00    0.00   13.10    0.00    0.00    0.00    0.25
11:55:43 AM  all   79.26    0.00    6.67    0.00    0.00   13.83    0.00    0.00    0.00    0.25
11:55:44 AM  all   81.16    0.00    6.53    0.00    0.00   12.06    0.00    0.00    0.00    0.25
11:55:45 AM  all   78.89    0.00    6.03    0.00    0.00   15.08    0.00    0.00    0.00    0.00
11:55:46 AM  all   77.75    0.00    8.50    0.00    0.00   13.50    0.00    0.00    0.00    0.25
11:55:47 AM  all   80.00    0.00    6.75    0.00    0.00   12.50    0.00    0.00    0.00    0.75
11:55:48 AM  all   78.00    0.00    8.75    0.00    0.00   12.75    0.00    0.00    0.00    0.50
11:55:49 AM  all   80.20    0.00    7.02    0.00    0.00   12.03    0.00    0.00    0.00    0.75
11:55:50 AM  all   80.10    0.00    7.46    0.00    0.00   12.19    0.00    0.00    0.00    0.25
11:55:51 AM  all   79.70    0.00    7.02    0.00    0.00   13.03    0.00    0.00    0.00    0.25
11:55:52 AM  all   79.20    0.00    8.02    0.00    0.00   12.78    0.00    0.00    0.00    0.00
11:55:53 AM  all   80.40    0.00    7.79    0.00    0.00   11.56    0.00    0.00    0.00    0.25
11:55:54 AM  all   81.30    0.00    5.49    0.00    0.00   12.72    0.00    0.00    0.00    0.50
11:55:55 AM  all   76.56    0.00    8.23    0.00    0.00   13.97    0.00    0.00    0.00    1.25
11:55:56 AM  all   79.09    0.00    6.05    0.00    0.00   13.60    0.00    0.00    0.00    1.26
11:55:57 AM  all   78.95    0.00    7.52    0.00    0.00   13.28    0.00    0.00    0.00    0.25
11:55:58 AM  all   78.50    0.00    6.25    0.00    0.00   14.25    0.00    0.00    0.00    1.00
11:55:59 AM  all   80.10    0.00    5.79    0.00    0.00   14.11    0.00    0.00    0.00    0.00
11:56:00 AM  all   78.91    0.00    7.20    0.00    0.00   13.40    0.00    0.00    0.00    0.50
11:56:01 AM  all   80.75    0.00    7.50    0.00    0.00   11.50    0.00    0.00    0.00    0.25
11:56:02 AM  all   80.45    0.00    6.77    0.00    0.00   12.28    0.00    0.00    0.00    0.50
11:56:03 AM  all   80.30    0.00    5.99    0.00    0.00   13.22    0.00    0.00    0.00    0.50
11:56:04 AM  all   79.20    0.00    6.02    0.00    0.00   14.04    0.00    0.00    0.00    0.75
11:56:05 AM  all   79.70    0.00    4.26    0.00    0.00   15.54    0.00    0.00    0.00    0.50
11:56:06 AM  all   81.45    0.00    6.02    0.00    0.00   12.03    0.00    0.00    0.00    0.50
11:56:07 AM  all   78.86    0.00    7.46    0.00    0.00   12.94    0.00    0.00    0.00    0.75
11:56:08 AM  all   80.20    0.00    6.52    0.00    0.00   13.03    0.00    0.00    0.00    0.25
11:56:09 AM  all   81.66    0.00    5.78    0.00    0.00   12.06    0.00    0.00    0.00    0.50
11:56:10 AM  all   80.05    0.00    6.98    0.00    0.00   12.47    0.00    0.00    0.00    0.50
11:56:11 AM  all   77.61    0.00    6.22    0.00    0.00   15.42    0.00    0.00    0.00    0.75
11:56:12 AM  all   77.50    0.00    7.50    0.00    0.00   14.50    0.00    0.00    0.00    0.50
11:56:13 AM  all   65.16    0.00    8.27    0.00    0.00   26.32    0.00    0.00    0.00    0.25
11:56:14 AM  all   70.53    0.00    7.81    0.00    0.00   20.91    0.00    0.00    0.00    0.76
11:56:15 AM  all   77.69    0.00    6.52    0.00    0.00   15.29    0.00    0.00    0.00    0.50
11:56:16 AM  all   81.39    0.00    6.95    0.00    0.00   10.92    0.00    0.00    0.00    0.74
11:56:17 AM  all   80.90    0.00    8.04    0.00    0.00   10.55    0.00    0.00    0.00    0.50
11:56:18 AM  all   79.90    0.00    6.53    0.00    0.00   13.07    0.00    0.00    0.00    0.50
11:56:19 AM  all   77.06    0.00    7.48    0.00    0.00   14.96    0.00    0.00    0.00    0.50
11:56:20 AM  all   81.50    0.00    6.50    0.00    0.00   11.75    0.00    0.00    0.00    0.25
11:56:21 AM  all   81.41    0.00    6.28    0.00    0.00   11.81    0.00    0.00    0.00    0.50
11:56:22 AM  all   78.75    0.00    7.25    0.00    0.00   13.50    0.00    0.00    0.00    0.50
11:56:23 AM  all   79.90    0.00    5.96    0.00    0.00   13.40    0.00    0.00    0.00    0.74
11:56:24 AM  all   81.06    0.00    6.82    0.00    0.00   11.62    0.00    0.00    0.00    0.51
11:56:25 AM  all   79.80    0.00    7.48    0.00    0.00   11.97    0.00    0.00    0.00    0.75
11:56:26 AM  all   80.56    0.00    6.57    0.00    0.00   12.88    0.00    0.00    0.00    0.00
11:56:27 AM  all   80.60    0.00    6.97    0.00    0.00   11.44    0.00    0.00    0.00    1.00
11:56:28 AM  all   82.37    0.00    6.30    0.00    0.00   11.08    0.00    0.00    0.00    0.25
11:56:29 AM  all   78.36    0.00    8.21    0.00    0.00   12.94    0.00    0.00    0.00    0.50
11:56:30 AM  all   78.14    0.00    7.04    0.00    0.00   14.07    0.00    0.00    0.00    0.75
11:56:31 AM  all   80.05    0.00    7.23    0.00    0.00   12.22    0.00    0.00    0.00    0.50
11:56:32 AM  all   81.45    0.00    6.27    0.00    0.00   11.53    0.00    0.00    0.00    0.75
11:56:33 AM  all   78.80    0.00    6.73    0.00    0.00   13.47    0.00    0.00    0.00    1.00
11:56:34 AM  all   76.57    0.00    8.06    0.00    0.00   14.11    0.00    0.00    0.00    1.26
11:56:35 AM  all   79.10    0.00    7.46    0.00    0.00   12.44    0.00    0.00    0.00    1.00
11:56:36 AM  all   79.70    0.00    6.02    0.00    0.00   13.28    0.00    0.00    0.00    1.00
11:56:37 AM  all   80.70    0.00    6.27    0.00    0.00   12.28    0.00    0.00    0.00    0.75
11:56:38 AM  all   80.25    0.00    7.75    0.00    0.00   11.25    0.00    0.00    0.00    0.75
11:56:39 AM  all   77.44    0.00    9.52    0.00    0.00   12.28    0.00    0.00    0.00    0.75
11:56:40 AM  all   80.30    0.00    6.98    0.00    0.00   12.72    0.00    0.00    0.00    0.00
11:56:41 AM  all   81.36    0.00    6.80    0.00    0.00   11.08    0.00    0.00    0.00    0.76
11:56:42 AM  all   75.38    0.00    8.54    0.00    0.00   15.33    0.00    0.00    0.00    0.75
11:56:43 AM  all   78.05    0.00    7.98    0.00    0.00   12.47    0.00    0.00    0.00    1.50
11:56:44 AM  all   81.66    0.00    6.28    0.00    0.00   11.56    0.00    0.00    0.00    0.50
11:56:45 AM  all   77.11    0.00    7.96    0.00    0.00   13.68    0.00    0.00    0.00    1.24
11:56:46 AM  all   79.45    0.00    5.51    0.00    0.00   13.03    0.00    0.00    0.00    2.01
11:56:47 AM  all   79.85    0.00    7.05    0.00    0.00   11.84    0.00    0.00    0.00    1.26
11:56:48 AM  all   79.40    0.00    7.29    0.00    0.00   12.81    0.00    0.00    0.00    0.50
11:56:49 AM  all   78.89    0.00    6.78    0.00    0.00   13.57    0.00    0.00    0.00    0.75
11:56:50 AM  all   79.04    0.00    7.58    0.00    0.00   12.88    0.00    0.00    0.00    0.51
11:56:51 AM  all   80.65    0.00    6.20    0.00    0.00   12.41    0.00    0.00    0.00    0.74
11:56:52 AM  all   80.20    0.00    7.02    0.00    0.00   12.03    0.00    0.00    0.00    0.75
11:56:53 AM  all   76.75    0.00    6.75    0.00    0.00   15.50    0.00    0.00    0.00    1.00
11:56:54 AM  all   80.15    0.00    6.78    0.00    0.00   12.31    0.00    0.00    0.00    0.75
11:56:55 AM  all   78.89    0.00    6.78    0.00    0.00   13.57    0.00    0.00    0.00    0.75
11:56:56 AM  all   79.60    0.00    5.97    0.00    0.00   12.44    0.00    0.00    0.00    1.99
11:56:57 AM  all   77.69    0.00    8.02    0.00    0.00   13.53    0.00    0.00    0.00    0.75
11:56:58 AM  all   77.81    0.00    5.99    0.00    0.00   14.21    0.00    0.00    0.00    2.00
11:56:59 AM  all   79.45    0.00    7.52    0.00    0.00   11.53    0.00    0.00    0.00    1.50
11:57:00 AM  all   79.50    0.00    7.25    0.00    0.00   11.50    0.00    0.00    0.00    1.75
11:57:01 AM  all   80.10    0.00    5.54    0.00    0.00   12.34    0.00    0.00    0.00    2.02
11:57:02 AM  all   80.45    0.00    6.93    0.00    0.00   11.63    0.00    0.00    0.00    0.99
11:57:03 AM  all   80.25    0.00    6.00    0.00    0.00   13.00    0.00    0.00    0.00    0.75
11:57:04 AM  all   81.05    0.00    6.23    0.00    0.00   12.22    0.00    0.00    0.00    0.50
11:57:05 AM  all   76.69    0.00    8.77    0.00    0.00   13.78    0.00    0.00    0.00    0.75
11:57:06 AM  all   78.45    0.00    6.77    0.00    0.00   13.28    0.00    0.00    0.00    1.50
11:57:07 AM  all   79.50    0.00    7.50    0.00    0.00   12.00    0.00    0.00    0.00    1.00
11:57:08 AM  all   78.64    0.00    7.79    0.00    0.00   12.56    0.00    0.00    0.00    1.01
11:57:09 AM  all   79.29    0.00    8.59    0.00    0.00   11.62    0.00    0.00    0.00    0.51
11:57:10 AM  all   80.80    0.00    5.74    0.00    0.00   12.97    0.00    0.00    0.00    0.50
11:57:11 AM  all   78.70    0.00    6.02    0.00    0.00   14.04    0.00    0.00    0.00    1.25
11:57:12 AM  all   78.64    0.00    6.78    0.00    0.00   14.07    0.00    0.00    0.00    0.50
11:57:13 AM  all   81.59    0.00    6.47    0.00    0.00   11.19    0.00    0.00    0.00    0.75
11:57:14 AM  all   79.50    0.00    6.50    0.00    0.00   13.75    0.00    0.00    0.00    0.25
11:57:15 AM  all   80.45    0.00    5.76    0.00    0.00   12.28    0.00    0.00    0.00    1.50
11:57:16 AM  all   80.86    0.00    5.54    0.00    0.00   12.85    0.00    0.00    0.00    0.76
11:57:17 AM  all   78.80    0.00    7.98    0.00    0.00   12.47    0.00    0.00    0.00    0.75
11:57:18 AM  all   82.25    0.00    6.25    0.00    0.00   11.00    0.00    0.00    0.00    0.50
11:57:19 AM  all   80.05    0.00    7.23    0.00    0.00   11.97    0.00    0.00    0.00    0.75
11:57:20 AM  all   80.35    0.00    6.80    0.00    0.00   12.34    0.00    0.00    0.00    0.50
11:57:21 AM  all   79.50    0.00    6.75    0.00    0.00   13.00    0.00    0.00    0.00    0.75
11:57:22 AM  all   79.80    0.00    7.32    0.00    0.00   12.88    0.00    0.00    0.00    0.00
11:57:23 AM  all   80.55    0.00    7.73    0.00    0.00   10.72    0.00    0.00    0.00    1.00
11:57:24 AM  all   80.40    0.00    6.28    0.00    0.00   12.31    0.00    0.00    0.00    1.01
11:57:25 AM  all   80.20    0.00    7.27    0.00    0.00   11.53    0.00    0.00    0.00    1.00
11:57:26 AM  all   67.92    0.00    7.02    0.00    0.00   12.28    0.00    0.00    0.00   12.78
11:57:27 AM  all   47.51    0.00    7.35    0.00    0.00    9.45    0.00    0.00    0.00   35.70
11:57:28 AM  all   16.50    0.00    2.50    0.00    0.00    3.75    0.00    0.00    0.00   77.25
11:57:29 AM  all    3.72    0.00    0.50    0.00    0.00    1.24    0.00    0.00    0.00   94.54
11:57:30 AM  all    1.26    0.00    0.00    0.00    0.00    0.00    0.00    0.00    0.00   98.74
11:57:31 AM  all    0.00    0.00    0.00    0.00    0.00    0.00    0.00    0.00    0.00  100.00
11:57:32 AM  all    0.25    0.00    0.00    0.00    0.00    0.00    0.00    0.00    0.00   99.75
11:57:33 AM  all    0.00    0.00    0.00    0.00    0.00    0.00    0.00    0.00    0.00  100.00
11:57:34 AM  all    0.00    0.00    0.00    0.00    0.00    0.00    0.00    0.00    0.00  100.00
11:57:35 AM  all    0.00    0.00    0.00    0.00    0.00    0.00    0.00    0.00    0.00  100.00
11:57:36 AM  all    0.00    0.00    0.25    0.00    0.00    0.00    0.00    0.00    0.00   99.75
11:57:37 AM  all    0.00    0.00    0.00    0.00    0.00    0.00    0.00    0.00    0.00  100.00
11:57:38 AM  all    0.00    0.00    0.25    0.00    0.00    0.00    0.00    0.00    0.00   99.75
11:57:39 AM  all    0.00    0.00    0.00    0.00    0.00    0.00    0.00    0.00    0.00  100.00
