Linux 6.8.0-1063-gcp (csb-bench-host-gcp) 	08/04/26 	_x86_64_	(4 CPU)

03:14:58     CPU    %usr   %nice    %sys %iowait    %irq   %soft  %steal  %guest  %gnice   %idle
03:14:59     all    2.20    0.00   52.07    0.00    0.00    6.89    0.00    0.00    0.00   38.84
03:15:00     all    1.95    0.00   54.04    0.00    0.00    5.57    0.00    0.00    0.00   38.44
03:15:01     all    1.95    0.00   50.42    0.56    0.00    6.96    0.00    0.00    0.00   40.11
03:15:02     all    2.76    0.00   52.49    0.00    0.00    6.63    0.00    0.00    0.00   38.12
03:15:03     all    2.18    0.00   53.68    0.00    0.00    6.27    0.00    0.00    0.00   37.87
03:15:04     all    1.41    0.00   52.68    0.00    0.00    6.20    0.00    0.00    0.00   39.72
03:15:05     all    2.22    0.00   53.06    0.00    0.00    5.56    0.00    0.00    0.00   39.17
03:15:06     all    2.23    0.00   50.84    0.00    0.00    7.26    0.00    0.00    0.00   39.66
03:15:07     all    1.64    0.00   52.88    0.00    0.00    6.30    0.00    0.00    0.00   39.18
03:15:08     all    2.22    0.00   51.94    0.00    0.00    6.39    0.00    0.00    0.00   39.44
03:15:09     all    1.68    0.00   53.22    0.00    0.00    5.88    0.00    0.00    0.00   39.22
03:15:10     all    1.71    0.00   51.85    0.00    0.00    6.27    0.00    0.00    0.00   40.17
03:15:11     all    2.17    0.00   53.39    0.00    0.00    6.23    0.00    0.00    0.00   38.21
03:15:12     all    1.67    0.00   51.67    0.00    0.00    7.50    0.00    0.00    0.00   39.17
03:15:13     all    2.22    0.00   54.02    0.00    0.00    5.54    0.28    0.00    0.00   37.95
03:15:14     all    1.42    0.00   51.27    0.00    0.00    7.37    0.00    0.00    0.00   39.94
03:15:15     all    1.94    0.00   54.02    0.00    0.00    6.65    0.00    0.00    0.00   37.40
03:15:16     all    1.92    0.00   54.40    0.00    0.00    6.59    0.00    0.00    0.00   37.09
03:15:17     all    2.23    0.00   52.51    0.00    0.00    6.70    0.00    0.00    0.00   38.55
03:15:18     all    1.69    0.00   52.96    0.00    0.00    6.20    0.00    0.00    0.00   39.15
03:15:19     all    1.33    0.00   26.93    0.00    0.00    4.27    0.00    0.00    0.00   67.47
03:15:20     all    0.52    0.00   13.02    0.00    0.00    1.82    0.00    0.00    0.00   84.64
03:15:21     all    0.26    0.00   13.51    0.00    0.00    2.34    0.00    0.00    0.00   83.90
03:15:22     all    0.52    0.00   13.92    0.26    0.00    1.55    0.00    0.00    0.00   83.76
03:15:23     all    0.79    0.00   12.83    0.00    0.00    1.57    0.00    0.00    0.00   84.82
03:15:24     all    0.26    0.00   13.62    0.00    0.00    2.57    0.00    0.00    0.00   83.55
03:15:25     all    1.03    0.00   13.40    0.26    0.00    1.55    0.00    0.00    0.00   83.76
03:15:26     all    0.00    0.00   12.99    0.00    0.00    2.08    0.26    0.00    0.00   84.68
03:15:27     all    0.26    0.00   12.57    0.00    0.00    2.36    0.00    0.00    0.00   84.82
03:15:28     all    0.78    0.00   13.54    0.00    0.00    1.82    0.00    0.00    0.00   83.85
03:15:29     all    0.52    0.00   13.61    0.00    0.00    1.83    0.00    0.00    0.00   84.03
03:15:30     all    0.78    0.00   13.47    0.00    0.00    1.81    0.00    0.00    0.00   83.94
03:15:31     all    0.79    0.00   12.86    0.00    0.00    1.57    0.00    0.00    0.00   84.78
03:15:32     all    0.26    0.00   13.80    0.00    0.00    1.82    0.00    0.00    0.00   84.11
03:15:33     all    0.78    0.00   14.25    0.00    0.00    1.55    0.00    0.00    0.00   83.42
03:15:34     all    0.52    0.00   12.69    0.00    0.00    2.59    0.00    0.00    0.00   84.20
03:15:35     all    0.26    0.00   14.77    0.00    0.00    1.30    0.00    0.00    0.00   83.68
03:15:36     all    1.02    0.00   14.76    0.00    0.00    1.53    0.00    0.00    0.00   82.70
03:15:37     all    0.00    0.00    8.29    0.00    0.00    1.04    0.00    0.00    0.00   90.67
03:15:38     all    0.51    0.00   11.83    0.00    0.00    2.06    0.00    0.00    0.00   85.60
03:15:39     all    1.03    0.00   12.89    0.00    0.00    2.06    0.00    0.00    0.00   84.02
03:15:40     all    0.26    0.00   12.89    0.00    0.00    1.84    0.26    0.00    0.00   84.74
03:15:41     all    0.51    0.00   14.65    0.00    0.00    1.80    0.00    0.00    0.00   83.03
03:15:42     all    0.52    0.00   14.29    0.00    0.00    2.08    0.00    0.00    0.00   83.12
03:15:43     all    1.02    0.00   14.07    0.00    0.00    1.79    0.00    0.00    0.00   83.12
03:15:44     all    0.26    0.00   12.60    0.00    0.00    1.84    0.00    0.00    0.00   85.30
03:15:45     all    0.52    0.00   13.73    0.00    0.00    2.07    0.00    0.00    0.00   83.68
03:15:46     all    0.78    0.00   12.73    0.00    0.00    2.34    0.00    0.00    0.00   84.16
03:15:47     all    0.77    0.00   13.88    0.00    0.00    1.54    0.00    0.00    0.00   83.80
03:15:48     all    0.52    0.00   14.29    0.00    0.00    1.56    0.00    0.00    0.00   83.64
03:15:49     all    0.51    0.00   14.14    0.00    0.00    2.31    0.00    0.00    0.00   83.03
03:15:50     all    0.26    0.00   12.57    0.00    0.00    2.09    0.00    0.00    0.00   85.08
03:15:51     all    1.04    0.00   12.27    0.00    0.00    1.83    0.00    0.00    0.00   84.86
03:15:52     all    0.00    0.00   14.62    0.00    0.00    1.79    0.26    0.00    0.00   83.33
03:15:53     all    1.03    0.00   13.88    0.00    0.00    1.54    0.26    0.00    0.00   83.29
03:15:54     all    0.00    0.00   14.51    0.00    0.00    1.81    0.00    0.00    0.00   83.68
03:15:55     all    0.51    0.00   13.59    0.00    0.00    2.31    0.00    0.00    0.00   83.59
03:15:56     all    0.78    0.00   13.25    0.00    0.00    2.08    0.26    0.00    0.00   83.64
03:15:57     all    0.78    0.00   13.51    0.00    0.00    1.82    0.00    0.00    0.00   83.90
03:15:58     all    0.77    0.00   13.40    0.00    0.00    2.32    0.00    0.00    0.00   83.51
03:15:59     all    0.00    0.00   13.42    0.00    0.00    1.58    0.00    0.00    0.00   85.00
03:16:00     all    0.77    0.00   13.92    0.00    0.00    1.80    0.00    0.00    0.00   83.51
03:16:01     all    0.78    0.00   13.44    0.00    0.00    1.81    0.00    0.00    0.00   83.98
03:16:02     all    0.26    0.00   13.70    0.00    0.00    1.81    0.00    0.00    0.00   84.24
03:16:03     all    0.52    0.00   12.30    0.00    0.00    2.09    0.00    0.00    0.00   85.08
03:16:04     all    0.52    0.00   13.73    0.00    0.00    1.81    0.00    0.00    0.00   83.94
03:16:05     all    0.78    0.00   12.47    0.00    0.00    2.08    0.00    0.00    0.00   84.68
03:16:06     all    1.03    0.00   13.59    0.00    0.00    1.54    0.00    0.00    0.00   83.85
03:16:07     all    0.52    0.00   12.47    0.00    0.00    1.82    0.00    0.00    0.00   85.19
03:16:08     all    0.26    0.00   13.54    0.00    0.00    1.56    0.00    0.00    0.00   84.64
03:16:09     all    0.51    0.00   13.08    0.00    0.00    2.05    0.00    0.00    0.00   84.36
03:16:10     all    0.52    0.00   12.66    0.00    0.00    2.07    0.00    0.00    0.00   84.75
03:16:11     all    0.51    0.00   14.10    0.00    0.00    1.54    0.00    0.00    0.00   83.85
03:16:12     all    0.52    0.00   13.18    0.00    0.00    1.29    0.26    0.00    0.00   84.75
03:16:13     all    0.52    0.00   13.14    0.00    0.00    1.55    0.00    0.00    0.00   84.79
03:16:14     all    0.52    0.00   12.92    0.00    0.00    1.55    0.00    0.00    0.00   85.01
03:16:15     all    0.26    0.00   12.50    0.00    0.00    1.56    0.00    0.00    0.00   85.68
03:16:16     all    1.02    0.00   14.21    0.00    0.00    1.52    0.00    0.00    0.00   83.25
03:16:17     all    0.52    0.00   12.69    0.00    0.00    1.30    0.00    0.00    0.00   85.49
03:16:18     all    1.03    0.00   12.66    0.00    0.00    1.81    0.00    0.00    0.00   84.50
03:16:19     all    0.52    0.00   13.66    0.00    0.00    1.55    0.00    0.00    0.00   84.28
03:16:20     all    0.26    0.00   12.92    0.00    0.00    2.07    0.00    0.00    0.00   84.75
03:16:21     all    0.52    0.00   12.95    0.00    0.00    1.55    0.00    0.00    0.00   84.97
03:16:22     all    0.52    0.00   12.47    0.00    0.00    1.82    0.00    0.00    0.00   85.19
03:16:23     all    0.51    0.00   13.59    0.00    0.00    2.05    0.00    0.00    0.00   83.85
03:16:24     all    0.52    0.00   11.92    0.00    0.00    2.07    0.00    0.00    0.00   85.49
03:16:25     all    0.52    0.00   12.57    0.00    0.00    1.57    0.00    0.00    0.00   85.34
03:16:26     all    0.26    0.00   12.01    0.00    0.00    1.57    0.00    0.00    0.00   86.16
03:16:27     all    0.26    0.00   11.84    0.00    0.00    1.58    0.00    0.00    0.00   86.32
03:16:28     all    0.77    0.00   12.37    0.00    0.00    1.80    0.00    0.00    0.00   85.05
03:16:29     all    0.26    0.00   11.64    0.00    0.00    1.32    0.00    0.00    0.00   86.77
03:16:30     all    0.52    0.00   11.72    0.00    0.00    2.34    0.00    0.00    0.00   85.42
03:16:31     all    0.26    0.00   12.47    0.00    0.00    1.82    0.00    0.00    0.00   85.45
03:16:32     all    0.77    0.00   12.89    0.00    0.00    1.55    0.00    0.00    0.00   84.79
03:16:33     all    0.51    0.00   12.85    0.00    0.00    1.80    0.26    0.00    0.00   84.58
03:16:34     all    0.26    0.00   12.66    0.00    0.00    1.81    0.00    0.00    0.00   85.27
03:16:35     all    0.52    0.00   11.92    0.00    0.00    1.81    0.00    0.00    0.00   85.75
03:16:36     all    0.52    0.00   12.73    0.00    0.00    1.56    0.00    0.00    0.00   85.19
03:16:37     all    0.77    0.00   13.55    0.00    0.00    2.05    0.00    0.00    0.00   83.63
03:16:38     all    0.51    0.00   13.88    0.00    0.00    1.80    0.00    0.00    0.00   83.80
03:16:39     all    0.52    0.00   14.43    0.00    0.00    2.06    0.00    0.00    0.00   82.99
03:16:40     all    0.52    0.00   13.95    0.00    0.00    1.81    0.26    0.00    0.00   83.46
03:16:41     all    0.52    0.00   13.51    0.00    0.00    1.82    0.26    0.00    0.00   83.90
03:16:42     all    0.52    0.00   14.51    0.00    0.00    1.55    0.00    0.00    0.00   83.42
03:16:43     all    0.52    0.00   14.51    0.00    0.00    1.55    0.00    0.00    0.00   83.42
03:16:44     all    0.77    0.00   13.62    0.00    0.00    2.31    0.00    0.00    0.00   83.29
03:16:45     all    0.52    0.00   14.47    0.00    0.00    1.81    0.00    0.00    0.00   83.20
03:16:46     all    1.04    0.00   13.28    0.00    0.00    1.82    0.00    0.00    0.00   83.85
03:16:47     all    0.26    0.00   13.77    0.00    0.00    1.82    0.00    0.00    0.00   84.16
03:16:48     all    0.52    0.00   14.43    0.00    0.00    2.06    0.00    0.00    0.00   82.99
03:16:49     all    0.52    0.00   13.47    0.00    0.00    1.81    0.00    0.00    0.00   84.20
03:16:50     all    0.26    0.00   13.02    0.00    0.00    2.34    0.00    0.00    0.00   84.38
03:16:51     all    0.78    0.00   13.51    0.00    0.00    1.56    0.26    0.00    0.00   83.90
03:16:52     all    0.00    0.00   13.12    0.00    0.00    1.57    0.00    0.00    0.00   85.30
03:16:53     all    0.77    0.00   13.37    0.00    0.00    2.31    0.00    0.00    0.00   83.55
03:16:54     all    0.26    0.00   13.80    0.00    0.00    1.82    0.00    0.00    0.00   84.11
03:16:55     all    0.52    0.00   13.54    0.00    0.00    1.82    0.00    0.00    0.00   84.11
03:16:56     all    0.26    0.00   13.35    0.00    0.00    1.83    0.00    0.00    0.00   84.55
03:16:57     all    0.78    0.00   13.28    0.00    0.00    1.82    0.00    0.00    0.00   84.11
03:16:58     all    0.00    0.00   14.95    0.00    0.00    1.80    0.00    0.00    0.00   83.25
03:16:59     all    1.01    0.00   14.86    0.00    0.00    2.52    0.00    0.00    0.00   81.61
03:17:00     all    0.79    0.00   12.89    0.00    0.00    1.84    0.00    0.00    0.00   84.47
03:17:01     all    0.26    0.00   13.87    0.26    0.00    1.83    0.00    0.00    0.00   83.77
03:17:02     all    0.78    0.00   14.32    0.00    0.00    1.56    0.00    0.00    0.00   83.33
03:17:03     all    0.52    0.00   13.77    0.00    0.00    2.08    0.00    0.00    0.00   83.64
03:17:04     all    0.52    0.00   14.14    0.00    0.00    1.83    0.00    0.00    0.00   83.51
03:17:05     all    0.78    0.00   13.47    0.00    0.00    2.33    0.00    0.00    0.00   83.42
03:17:06     all    0.51    0.00   14.14    0.00    0.00    1.80    0.00    0.00    0.00   83.55
03:17:07     all    0.52    0.00   12.44    0.00    0.00    1.81    0.26    0.00    0.00   84.97
03:17:08     all    0.52    0.00   13.73    0.00    0.00    1.81    0.26    0.00    0.00   83.68
03:17:09     all    0.77    0.00   13.62    0.00    0.00    2.06    0.00    0.00    0.00   83.55
03:17:10     all    0.52    0.00   12.76    0.00    0.00    2.08    0.00    0.00    0.00   84.64
03:17:11     all    0.78    0.00   13.80    0.00    0.00    2.08    0.00    0.00    0.00   83.33
03:17:12     all    0.00    0.00   14.91    0.00    0.00    1.80    0.00    0.00    0.00   83.29
03:17:13     all    0.52    0.00   13.18    0.00    0.00    1.81    0.00    0.00    0.00   84.50
03:17:14     all    0.78    0.00   13.70    0.00    0.00    1.81    0.00    0.00    0.00   83.72
03:17:15     all    0.26    0.00   13.25    0.00    0.00    2.08    0.00    0.00    0.00   84.42
03:17:16     all    0.26    0.00   12.99    0.00    0.00    2.08    0.00    0.00    0.00   84.68
03:17:17     all    0.77    0.00   13.92    0.00    0.00    2.06    0.00    0.00    0.00   83.25
03:17:18     all    0.52    0.00   12.86    0.00    0.00    2.10    0.00    0.00    0.00   84.51
03:17:19     all    0.77    0.00   14.54    0.00    0.00    1.79    0.51    0.00    0.00   82.40
03:17:20     all    0.51    0.00   14.25    0.00    0.00    2.54    0.00    0.00    0.00   82.70
03:17:21     all    0.77    0.00   14.95    0.00    0.00    1.80    0.00    0.00    0.00   82.47
03:17:22     all    0.52    0.00   13.58    0.00    0.00    1.83    0.00    0.00    0.00   84.07
03:17:23     all    0.51    0.00   13.85    0.00    0.00    2.31    0.00    0.00    0.00   83.33
03:17:24     all    0.77    0.00   13.88    0.00    0.00    2.31    0.00    0.00    0.00   83.03
03:17:25     all    1.02    0.00   14.47    0.00    0.00    2.03    0.00    0.00    0.00   82.49
03:17:26     all    0.79    0.00   12.89    0.00    0.00    1.32    0.00    0.00    0.00   85.00
03:17:27     all    0.52    0.00   12.79    0.00    0.00    1.83    0.00    0.00    0.00   84.86
03:17:28     all    0.26    0.00   13.28    0.00    0.00    1.82    0.00    0.00    0.00   84.64
03:17:29     all    0.26    0.00   13.37    0.00    0.00    2.06    0.26    0.00    0.00   84.06
03:17:30     all    0.53    0.00   10.64    0.00    0.00    1.86    0.00    0.00    0.00   86.97
03:17:31     all    0.77    0.00   13.33    0.00    0.00    2.05    0.00    0.00    0.00   83.85
03:17:32     all    0.52    0.00   12.73    0.00    0.00    1.82    0.00    0.00    0.00   84.94
03:17:33     all    0.52    0.00   12.95    0.00    0.00    1.81    0.00    0.00    0.00   84.72
03:17:34     all    0.78    0.00   12.47    0.00    0.00    1.82    0.00    0.00    0.00   84.94
03:17:35     all    0.76    0.00   13.23    0.00    0.00    2.54    0.00    0.00    0.00   83.46
03:17:36     all    0.52    0.00   13.21    0.00    0.00    1.55    0.00    0.00    0.00   84.72
03:17:37     all    0.26    0.00   12.83    0.00    0.00    1.31    0.00    0.00    0.00   85.60
03:17:38     all    0.26    0.00   13.92    0.00    0.00    1.55    0.00    0.00    0.00   84.28
03:17:39     all    0.52    0.00   12.95    0.00    0.00    1.81    0.00    0.00    0.00   84.72
03:17:40     all    0.52    0.00   12.47    0.00    0.00    2.08    0.00    0.00    0.00   84.94
03:17:41     all    0.77    0.00   13.04    0.26    0.00    1.79    0.00    0.00    0.00   84.14
03:17:42     all    0.78    0.00   12.73    0.00    0.00    1.56    0.00    0.00    0.00   84.94
03:17:43     all    0.52    0.00   12.53    0.00    0.00    1.31    0.00    0.00    0.00   85.64
03:17:44     all    0.78    0.00   13.77    0.00    0.00    1.56    0.00    0.00    0.00   83.90
03:17:45     all    0.26    0.00   11.87    0.00    0.00    1.58    0.00    0.00    0.00   86.28
03:17:46     all    0.77    0.00   12.60    0.00    0.00    2.06    0.00    0.00    0.00   84.58
03:17:47     all    0.52    0.00   13.66    0.00    0.00    1.55    0.00    0.00    0.00   84.28
03:17:48     all    0.79    0.00   11.84    0.00    0.00    1.58    0.00    0.00    0.00   85.79
03:17:49     all    0.26    0.00   13.59    0.00    0.00    2.05    0.26    0.00    0.00   83.85
03:17:50     all    1.04    0.00   12.18    0.00    0.00    1.55    0.00    0.00    0.00   85.23
03:17:51     all    0.26    0.00   13.21    0.00    0.00    1.55    0.00    0.00    0.00   84.97
03:17:52     all    0.26    0.00   12.69    0.00    0.00    2.07    0.00    0.00    0.00   84.97
03:17:53     all    1.03    0.00   13.88    0.00    0.00    1.54    0.00    0.00    0.00   83.55
03:17:54     all    0.78    0.00   13.21    0.00    0.00    2.07    0.00    0.00    0.00   83.94
03:17:55     all    0.26    0.00   14.03    0.00    0.00    1.30    0.00    0.00    0.00   84.42
03:17:56     all    0.52    0.00   13.51    0.00    0.00    1.56    0.00    0.00    0.00   84.42
03:17:57     all    0.52    0.00   13.02    0.00    0.00    1.82    0.00    0.00    0.00   84.64
03:17:58     all    0.51    0.00   14.36    0.00    0.00    1.79    0.00    0.00    0.00   83.33
03:17:59     all    0.26    0.00   13.05    0.00    0.00    2.09    0.26    0.00    0.00   84.33
03:18:00     all    0.77    0.00   13.37    0.00    0.00    1.80    0.00    0.00    0.00   84.06
03:18:01     all    0.78    0.00   12.24    0.00    0.00    1.82    0.00    0.00    0.00   85.16
03:18:02     all    0.00    0.00   12.76    0.00    0.00    1.56    0.00    0.00    0.00   85.68
03:18:03     all    1.03    0.00   12.66    0.00    0.00    1.81    0.00    0.00    0.00   84.50
03:18:04     all    0.51    0.00   12.60    0.00    0.00    2.06    0.00    0.00    0.00   84.83
03:18:05     all    0.78    0.00   12.21    0.00    0.00    2.08    0.00    0.00    0.00   84.94
03:18:06     all    0.26    0.00   12.95    0.00    0.00    2.07    0.00    0.00    0.00   84.72
03:18:07     all    0.78    0.00   11.72    0.00    0.00    1.56    0.00    0.00    0.00   85.94
03:18:08     all    0.52    0.00   12.50    0.00    0.00    1.82    0.00    0.00    0.00   85.16
03:18:09     all    0.52    0.00   13.18    0.26    0.00    1.55    0.00    0.00    0.00   84.50
03:18:10     all    0.52    0.00   12.69    0.00    0.00    2.33    0.00    0.00    0.00   84.46
03:18:11     all    0.26    0.00   12.95    0.00    0.00    1.55    0.52    0.00    0.00   84.72
03:18:12     all    0.78    0.00   12.99    0.00    0.00    1.30    0.00    0.00    0.00   84.94
03:18:13     all    0.26    0.00   11.81    0.00    0.00    1.57    0.00    0.00    0.00   86.35
03:18:14     all    0.78    0.00   12.44    0.00    0.00    1.81    0.00    0.00    0.00   84.97
03:18:15     all    0.26    0.00   13.44    0.00    0.00    1.81    0.00    0.00    0.00   84.50
03:18:16     all    0.78    0.00   12.40    0.00    0.00    1.81    0.00    0.00    0.00   85.01
03:18:17     all    1.03    0.00   13.11    0.00    0.00    1.54    0.00    0.00    0.00   84.32
03:18:18     all    0.26    0.00   14.10    0.00    0.00    2.09    0.00    0.00    0.00   83.55
03:18:19     all    0.77    0.00   13.62    0.00    0.00    1.54    0.00    0.00    0.00   84.06
03:18:20     all    1.03    0.00   13.44    0.00    0.00    2.07    0.00    0.00    0.00   83.46
03:18:21     all    0.26    0.00   13.54    0.00    0.00    1.82    0.00    0.00    0.00   84.38
03:18:22     all    0.52    0.00   12.99    0.00    0.00    2.08    0.00    0.00    0.00   84.42
03:18:23     all    0.76    0.00   14.50    0.00    0.00    1.78    0.00    0.00    0.00   82.95
03:18:24     all    0.26    0.00   13.28    0.00    0.00    2.08    0.00    0.00    0.00   84.38
03:18:25     all    0.77    0.00   13.85    0.00    0.00    1.79    0.00    0.00    0.00   83.59
03:18:26     all    0.26    0.00   12.73    0.00    0.00    1.82    0.00    0.00    0.00   85.19
03:18:27     all    0.78    0.00   12.50    0.00    0.00    1.56    0.00    0.00    0.00   85.16
03:18:28     all    0.52    0.00   11.29    0.00    0.00    1.57    0.26    0.00    0.00   86.35
03:18:29     all    0.52    0.00   12.44    0.00    0.00    2.59    0.00    0.00    0.00   84.46
03:18:30     all    0.52    0.00   13.40    0.00    0.00    1.55    0.00    0.00    0.00   84.54
03:18:31     all    0.78    0.00   12.47    0.00    0.00    1.30    0.00    0.00    0.00   85.45
03:18:32     all    0.52    0.00   13.44    0.00    0.00    2.07    0.00    0.00    0.00   83.98
03:18:33     all    0.51    0.00   13.33    0.00    0.00    2.05    0.26    0.00    0.00   83.85
03:18:34     all    0.51    0.00   14.36    0.00    0.00    1.03    0.00    0.00    0.00   84.10
03:18:35     all    0.52    0.00   12.21    0.00    0.00    2.08    0.00    0.00    0.00   85.19
03:18:36     all    0.52    0.00   12.76    0.00    0.00    1.82    0.00    0.00    0.00   84.90
03:18:37     all    0.52    0.00   12.95    0.00    0.00    1.81    0.00    0.00    0.00   84.72
03:18:38     all    0.52    0.00   11.29    0.00    0.00    1.84    0.00    0.00    0.00   86.35
03:18:39     all    1.04    0.00   13.47    0.00    0.00    1.30    0.00    0.00    0.00   84.20
03:18:40     all    0.77    0.00   13.37    0.00    0.00    2.06    0.00    0.00    0.00   83.80
03:18:41     all    0.52    0.00   12.95    0.00    0.00    2.07    0.00    0.00    0.00   84.46
03:18:42     all    0.78    0.00   13.02    0.00    0.00    1.30    0.00    0.00    0.00   84.90
03:18:43     all    0.52    0.00   12.27    0.00    0.00    1.57    0.00    0.00    0.00   85.64
03:18:44     all    0.52    0.00   12.24    0.00    0.00    2.34    0.00    0.00    0.00   84.90
03:18:45     all    0.77    0.00   14.07    0.00    0.00    1.53    0.00    0.00    0.00   83.63
03:18:46     all    0.51    0.00   13.11    0.00    0.00    1.80    0.00    0.00    0.00   84.58
03:18:47     all    0.77    0.00   13.11    0.00    0.00    1.80    0.00    0.00    0.00   84.32
03:18:48     all    0.52    0.00   11.95    0.00    0.00    1.82    0.00    0.00    0.00   85.71
03:18:49     all    0.79    0.00   12.34    0.00    0.00    2.10    0.26    0.00    0.00   84.51
03:18:50     all    0.26    0.00   12.27    0.00    0.00    2.09    0.00    0.00    0.00   85.38
03:18:51     all    0.77    0.00   14.62    0.00    0.00    1.54    0.00    0.00    0.00   83.08
03:18:52     all    0.26    0.00   12.34    0.00    0.00    1.57    0.00    0.00    0.00   85.83
03:18:53     all    0.78    0.00   12.76    0.00    0.00    1.56    0.00    0.00    0.00   84.90
03:18:54     all    0.26    0.00   13.44    0.00    0.00    1.81    0.00    0.00    0.00   84.50
03:18:55     all    0.52    0.00   12.24    0.00    0.00    1.30    0.00    0.00    0.00   85.94
03:18:56     all    0.26    0.00   13.66    0.00    0.00    1.80    0.00    0.00    0.00   84.28
03:18:57     all    0.78    0.00   11.72    0.00    0.00    1.56    0.26    0.00    0.00   85.68
03:18:58     all    0.26    0.00   13.37    0.00    0.00    2.06    0.00    0.00    0.00   84.32
03:18:59     all    0.78    0.00   12.99    0.00    0.00    1.56    0.00    0.00    0.00   84.68
03:19:00     all    0.52    0.00   13.21    0.00    0.00    2.07    0.00    0.00    0.00   84.20
03:19:01     all    0.78    0.00   13.05    0.00    0.00    1.31    0.00    0.00    0.00   84.86
03:19:02     all    0.52    0.00   12.57    0.00    0.00    1.57    0.00    0.00    0.00   85.34
03:19:03     all    1.03    0.00   13.08    0.00    0.00    2.05    0.00    0.00    0.00   83.85
03:19:04     all    0.00    0.00   13.95    0.00    0.00    1.81    0.00    0.00    0.00   84.24
03:19:05     all    0.78    0.00   12.50    0.00    0.00    1.82    0.00    0.00    0.00   84.90
03:19:06     all    0.52    0.00   13.25    0.00    0.00    1.82    0.00    0.00    0.00   84.42
03:19:07     all    0.52    0.00   13.40    0.00    0.00    1.55    0.26    0.00    0.00   84.28
03:19:08     all    0.52    0.00   11.81    0.00    0.00    1.57    0.00    0.00    0.00   86.09
03:19:09     all    0.52    0.00   13.25    0.00    0.00    1.56    0.00    0.00    0.00   84.68
03:19:10     all    0.52    0.00   12.89    0.00    0.00    2.06    0.00    0.00    0.00   84.54
03:19:11     all    0.26    0.00   12.82    0.00    0.00    2.31    0.00    0.00    0.00   84.62
03:19:12     all    1.04    0.00   11.75    0.00    0.00    1.57    0.00    0.00    0.00   85.64
03:19:13     all    0.00    0.00   13.92    0.00    0.00    1.55    0.00    0.00    0.00   84.54
03:19:14     all    0.52    0.00   12.40    0.00    0.00    1.81    0.26    0.00    0.00   85.01
03:19:15     all    0.77    0.00   12.79    0.00    0.00    2.56    0.00    0.00    0.00   83.89
03:19:16     all    0.52    0.00   13.18    0.00    0.00    1.81    0.00    0.00    0.00   84.50
03:19:17     all    0.78    0.00   12.69    0.00    0.00    1.55    0.00    0.00    0.00   84.97
03:19:18     all    0.26    0.00   12.01    0.00    0.00    1.57    0.00    0.00    0.00   86.16
03:19:19     all    0.52    0.00   12.92    0.00    0.00    2.07    0.00    0.00    0.00   84.50
03:19:20     all    0.78    0.00   12.79    0.00    0.00    1.31    0.00    0.00    0.00   85.12
03:19:21     all    0.26    0.00   12.63    0.00    0.00    1.84    0.00    0.00    0.00   85.26
03:19:22     all    0.52    0.00   13.18    0.00    0.00    1.81    0.00    0.00    0.00   84.50
03:19:23     all    0.77    0.00   13.92    0.00    0.00    1.55    0.00    0.00    0.00   83.76
03:19:24     all    1.61    0.00   32.53    0.00    0.00    3.76    0.00    0.00    0.00   62.10
03:19:25     all    2.19    0.00   53.83    0.00    0.00    6.01    0.00    0.00    0.00   37.98
03:19:26     all    2.75    0.00   53.99    0.00    0.00    5.51    0.00    0.00    0.00   37.74
03:19:27     all    2.43    0.00   53.37    0.00    0.00    6.20    0.00    0.00    0.00   38.01
03:19:28     all    2.72    0.00   52.72    0.00    0.00    5.98    0.00    0.00    0.00   38.59
03:19:29     all    2.73    0.00   53.83    0.00    0.00    5.74    0.00    0.00    0.00   37.70
03:19:30     all    2.23    0.00   52.79    0.00    0.00    6.42    0.00    0.00    0.00   38.55
03:19:31     all    1.93    0.00   52.49    0.00    0.00    6.63    0.00    0.00    0.00   38.95
03:19:32     all    2.22    0.00   51.94    0.28    0.00    6.67    0.00    0.00    0.00   38.89
03:19:33     all    2.19    0.00   53.15    0.00    0.00    5.75    0.00    0.00    0.00   38.90
03:19:34     all    1.70    0.00   52.56    0.00    0.00    6.25    0.00    0.00    0.00   39.49
03:19:35     all    2.81    0.00   51.40    0.00    0.00    6.18    0.00    0.00    0.00   39.61
03:19:36     all    2.50    0.00   51.39    0.00    0.00    6.39    0.00    0.00    0.00   39.72
03:19:37     all    1.39    0.00   53.61    0.00    0.00    5.83    0.00    0.00    0.00   39.17
03:19:38     all    3.06    0.00   52.22    0.00    0.00    6.11    0.00    0.00    0.00   38.61
03:19:39     all    1.68    0.00   52.94    0.00    0.00    6.16    0.00    0.00    0.00   39.22
03:19:40     all    1.93    0.00   53.04    0.00    0.00    6.35    0.00    0.00    0.00   38.67
03:19:41     all    2.22    0.00   52.35    0.00    0.00    6.37    0.00    0.00    0.00   39.06
03:19:42     all    2.18    0.00   53.13    0.00    0.00    6.81    0.00    0.00    0.00   37.87
03:19:43     all    2.99    0.00   53.26    0.00    0.00    5.71    0.00    0.00    0.00   38.04
03:19:44     all    1.92    0.00   54.40    0.00    0.00    5.77    0.27    0.00    0.00   37.64
03:19:45     all    2.51    0.00   53.63    0.00    0.00    5.31    0.00    0.00    0.00   38.55
03:19:46     all    2.19    0.00   53.70    0.00    0.00    6.30    0.00    0.00    0.00   37.81
03:19:47     all    1.94    0.00   52.63    0.00    0.00    6.37    0.00    0.00    0.00   39.06
03:19:48     all    2.21    0.00   52.21    0.00    0.00    6.35    0.00    0.00    0.00   39.23
03:19:49     all    2.17    0.00   52.72    0.00    0.00    6.52    0.00    0.00    0.00   38.59
03:19:50     all    2.49    0.00   52.76    0.00    0.00    6.08    0.00    0.00    0.00   38.67
03:19:51     all    2.19    0.00   53.01    0.00    0.00    6.56    0.00    0.00    0.00   38.25
03:19:52     all    1.91    0.00   53.41    0.00    0.00    6.54    0.00    0.00    0.00   38.15
03:19:53     all    2.20    0.00   53.57    0.00    0.00    5.77    0.00    0.00    0.00   38.46
03:19:54     all    2.47    0.00   53.30    0.00    0.00    5.77    0.00    0.00    0.00   38.46
03:19:55     all    2.22    0.00   51.67    0.00    0.00    6.11    0.00    0.00    0.00   40.00
03:19:56     all    1.67    0.00   52.78    0.00    0.00    6.39    0.00    0.00    0.00   39.17
03:19:57     all    3.08    0.00   52.38    0.56    0.00    5.04    0.00    0.00    0.00   38.94
03:19:58     all    2.20    0.00   52.62    0.00    0.00    6.34    0.00    0.00    0.00   38.84
03:19:59     all    2.25    0.00   51.69    0.00    0.00    6.74    0.00    0.00    0.00   39.33
03:20:00     all    2.20    0.00   52.07    0.00    0.00    6.06    0.00    0.00    0.00   39.67
03:20:01     all    1.97    0.00   51.27    0.00    0.00    6.20    0.00    0.00    0.00   40.56
03:20:02     all    2.18    0.00   47.68    0.00    0.00    6.54    0.00    0.00    0.00   43.60
03:20:03     all    0.00    0.00    4.91    0.00    0.00    1.55    0.00    0.00    0.00   93.54
03:20:04     all    0.51    0.00    6.87    0.00    0.00    1.27    0.00    0.00    0.00   91.35
03:20:05     all    0.26    0.00    5.41    0.00    0.00    1.03    0.00    0.00    0.00   93.30
03:20:06     all    0.26    0.00    5.70    0.00    0.00    1.04    0.00    0.00    0.00   93.01
03:20:07     all    0.00    0.00    5.84    0.00    0.00    1.78    0.25    0.00    0.00   92.13
03:20:08     all    0.77    0.00    5.13    0.00    0.00    1.28    0.00    0.00    0.00   92.82
03:20:09     all    0.51    0.00    6.38    0.00    0.00    1.02    0.00    0.00    0.00   92.09
03:20:10     all    0.00    0.00    6.84    0.00    0.00    1.52    0.00    0.00    0.00   91.65
03:20:11     all    0.77    0.00    5.13    0.00    0.00    1.28    0.00    0.00    0.00   92.82
03:20:12     all    0.25    0.00    6.87    0.00    0.00    1.02    0.25    0.00    0.00   91.60
03:20:13     all    0.26    0.00    5.38    0.00    0.00    1.28    0.00    0.00    0.00   93.08
03:20:14     all    0.26    0.00    6.41    0.00    0.00    0.77    0.00    0.00    0.00   92.56
03:20:15     all    0.51    0.00    4.63    0.00    0.00    2.06    0.00    0.00    0.00   92.80
03:20:16     all    0.52    0.00    5.43    0.00    0.00    1.03    0.00    0.00    0.00   93.02
03:20:17     all    0.26    0.00    6.46    0.26    0.00    0.78    0.00    0.00    0.00   92.25
03:20:18     all    0.75    0.00    7.00    0.00    0.00    1.75    0.00    0.00    0.00   90.50
03:20:19     all    0.26    0.00    5.91    0.00    0.00    1.29    0.00    0.00    0.00   92.54
03:20:20     all    0.26    0.00    5.66    0.00    0.00    1.29    0.00    0.00    0.00   92.80
03:20:21     all    0.26    0.00    5.18    0.00    0.00    0.78    0.26    0.00    0.00   93.52
03:20:22     all    0.51    0.00    6.85    0.00    0.00    1.27    0.00    0.00    0.00   91.37
03:20:23     all    0.77    0.00    5.64    0.00    0.00    1.28    0.00    0.00    0.00   92.31
03:20:24     all    0.26    0.00    6.12    0.00    0.00    1.53    0.00    0.00    0.00   92.09
03:20:25     all    0.51    0.00    6.62    0.00    0.00    1.27    0.00    0.00    0.00   91.60
03:20:26     all    0.26    0.00    5.91    0.00    0.00    1.54    0.00    0.00    0.00   92.29
03:20:27     all    0.51    0.00    6.63    0.00    0.00    1.28    0.00    0.00    0.00   91.58
03:20:28     all    0.25    0.00    6.36    0.00    0.00    1.53    0.00    0.00    0.00   91.86
03:20:29     all    0.52    0.00    5.44    0.00    0.00    0.78    0.00    0.00    0.00   93.26
03:20:30     all    0.26    0.00    5.43    0.00    0.00    1.29    0.00    0.00    0.00   93.02
03:20:31     all    0.26    0.00    6.12    0.00    0.00    1.53    0.00    0.00    0.00   92.09
03:20:32     all    0.77    0.00    5.91    0.00    0.00    1.03    0.00    0.00    0.00   92.29
03:20:33     all    0.26    0.00    5.66    0.26    0.00    1.54    0.26    0.00    0.00   92.03
03:20:34     all    0.26    0.00    5.63    0.00    0.00    1.53    0.00    0.00    0.00   92.58
03:20:35     all    0.51    0.00    8.08    0.00    0.00    0.76    0.00    0.00    0.00   90.66
03:20:36     all    0.52    0.00    5.18    0.00    0.00    1.04    0.00    0.00    0.00   93.26
03:20:37     all    0.51    0.00    6.68    0.00    0.00    0.77    0.00    0.00    0.00   92.03
03:20:38     all    0.51    0.00    6.36    0.00    0.00    1.78    0.00    0.00    0.00   91.35
03:20:39     all    0.51    0.00    5.61    0.00    0.00    1.28    0.00    0.00    0.00   92.60
03:20:40     all    0.00    0.00    5.64    0.00    0.00    1.54    0.00    0.00    0.00   92.82
03:20:41     all    0.50    0.00    7.05    0.00    0.00    1.26    0.00    0.00    0.00   91.18
03:20:42     all    0.52    0.00    5.15    0.00    0.00    1.29    0.00    0.00    0.00   93.04
03:20:43     all    0.77    0.00    5.87    0.00    0.00    1.28    0.00    0.00    0.00   92.09
03:20:44     all    0.00    0.00    5.43    0.00    0.00    1.03    0.00    0.00    0.00   93.54
03:20:45     all    0.26    0.00    5.40    0.00    0.00    1.03    0.00    0.00    0.00   93.32
03:20:46     all    0.25    0.00    4.58    0.00    0.00    1.27    0.00    0.00    0.00   93.89
03:20:47     all    0.51    0.00    5.61    0.00    0.00    1.53    0.26    0.00    0.00   92.09
03:20:48     all    0.26    0.00    5.64    0.00    0.00    0.77    0.00    0.00    0.00   93.33
03:20:49     all    0.51    0.00    5.63    0.00    0.00    1.28    0.00    0.00    0.00   92.58
03:20:50     all    0.26    0.00    6.12    0.00    0.00    1.53    0.00    0.00    0.00   92.09
03:20:51     all    0.52    0.00    4.94    0.00    0.00    1.04    0.00    0.00    0.00   93.51
03:20:52     all    0.00    0.00    6.09    0.00    0.00    1.78    0.25    0.00    0.00   91.88
03:20:53     all    0.76    0.00    6.60    0.00    0.00    0.76    0.25    0.00    0.00   91.62
03:20:54     all    0.00    0.00    6.91    0.00    0.00    0.77    0.00    0.00    0.00   92.33
03:20:55     all    0.51    0.00    6.62    0.00    0.00    1.27    0.00    0.00    0.00   91.60
03:20:56     all    0.51    0.00    5.85    0.00    0.00    1.53    0.00    0.00    0.00   92.11
03:20:57     all    0.00    0.00    5.41    0.00    0.00    1.55    0.00    0.00    0.00   93.04
03:20:58     all    0.51    0.00    6.15    0.00    0.00    1.03    0.00    0.00    0.00   92.31
03:20:59     all    0.25    0.00    7.09    0.00    0.00    1.27    0.00    0.00    0.00   91.39
03:21:00     all    0.00    0.00    5.18    0.00    0.00    1.30    0.00    0.00    0.00   93.52
03:21:01     all    0.77    0.00    5.64    0.00    0.00    1.03    0.26    0.00    0.00   92.31
03:21:02     all    0.51    0.00    6.15    0.00    0.00    1.28    0.00    0.00    0.00   92.05
03:21:03     all    0.00    0.00    7.12    0.00    0.00    1.02    0.00    0.00    0.00   91.86
03:21:04     all    0.77    0.00    6.14    0.00    0.00    1.28    0.00    0.00    0.00   91.82
03:21:05     all    0.51    0.00    6.12    0.00    0.00    1.53    0.00    0.00    0.00   91.84
03:21:06     all    0.00    0.00    6.38    0.00    0.00    1.53    0.00    0.00    0.00   92.09
03:21:07     all    0.76    0.00    6.62    0.00    0.00    1.27    0.00    0.00    0.00   91.35
03:21:08     all    0.00    0.00    6.41    0.00    0.00    1.54    0.00    0.00    0.00   92.05
03:21:09     all    0.00    0.00    5.70    0.00    0.00    1.30    0.00    0.00    0.00   93.01
03:21:10     all    0.76    0.00    6.85    0.00    0.00    0.76    0.00    0.00    0.00   91.62
03:21:11     all    0.00    0.00    5.44    0.00    0.00    1.30    0.00    0.00    0.00   93.26
03:21:12     all    0.51    0.00    6.38    0.00    0.00    1.53    0.00    0.00    0.00   91.58
03:21:13     all    0.52    0.00    5.41    0.26    0.00    1.29    0.00    0.00    0.00   92.53
03:21:14     all    0.00    0.00    5.21    0.00    0.00    1.04    0.00    0.00    0.00   93.75
03:21:15     all    0.76    0.00    6.30    0.00    0.00    1.76    0.25    0.00    0.00   90.93
03:21:16     all    0.26    0.00    6.63    0.00    0.00    1.02    0.00    0.00    0.00   92.09
03:21:17     all    0.51    0.00    5.63    0.00    0.00    1.28    0.00    0.00    0.00   92.58
03:21:18     all    0.00    0.00    6.11    0.00    0.00    1.53    0.00    0.00    0.00   92.37
03:21:19     all    0.76    0.00    6.60    0.00    0.00    1.02    0.00    0.00    0.00   91.62
03:21:20     all    0.00    0.00    6.12    0.00    0.00    1.28    0.00    0.00    0.00   92.60
03:21:21     all    0.77    0.00    5.40    0.00    0.00    1.29    0.00    0.00    0.00   92.54
03:21:22     all    0.00    0.00    5.68    0.00    0.00    1.03    0.00    0.00    0.00   93.28
03:21:23     all    0.51    0.00    6.58    0.00    0.00    1.52    0.00    0.00    0.00   91.39
03:21:24     all    0.51    0.00    6.12    0.00    0.00    1.02    0.00    0.00    0.00   92.35
03:21:25     all    0.26    0.00    5.44    0.00    0.00    0.78    0.00    0.00    0.00   93.52
03:21:26     all    0.00    0.00    5.38    0.00    0.00    2.05    0.00    0.00    0.00   92.56
03:21:27     all    0.51    0.00    5.90    0.00    0.00    0.77    0.00    0.00    0.00   92.82
03:21:28     all    0.25    0.00    6.62    0.00    0.00    1.02    0.00    0.00    0.00   92.11
03:21:29     all    0.26    0.00    6.38    0.00    0.00    1.28    0.00    0.00    0.00   92.09
03:21:30     all    0.26    0.00    5.90    0.00    0.00    1.03    0.51    0.00    0.00   92.31
03:21:31     all    0.25    0.00    6.60    0.00    0.00    1.52    0.00    0.00    0.00   91.62
03:21:32     all    0.76    0.00    5.60    0.00    0.00    1.27    0.00    0.00    0.00   92.37
03:21:33     all    0.00    0.00    4.96    0.00    0.00    1.04    0.00    0.00    0.00   93.99
03:21:34     all    0.26    0.00    5.40    0.00    0.00    1.54    0.00    0.00    0.00   92.80
03:21:35     all    0.51    0.00    5.61    0.00    0.00    1.28    0.26    0.00    0.00   92.35
03:21:36     all    0.26    0.00    6.63    0.00    0.00    1.28    0.00    0.00    0.00   91.84
03:21:37     all    0.25    0.00    7.11    0.00    0.00    1.02    0.00    0.00    0.00   91.62
03:21:38     all    0.26    0.00    5.90    0.00    0.00    1.28    0.00    0.00    0.00   92.56
03:21:39     all    0.51    0.00    5.87    0.00    0.00    1.53    0.00    0.00    0.00   92.09
03:21:40     all    0.51    0.00    5.87    0.26    0.00    1.28    0.00    0.00    0.00   92.09
03:21:41     all    0.26    0.00    6.17    0.00    0.00    1.03    0.00    0.00    0.00   92.54
03:21:42     all    0.26    0.00    5.93    0.00    0.00    0.77    0.00    0.00    0.00   93.04
03:21:43     all    0.51    0.00    6.38    0.00    0.00    1.28    0.00    0.00    0.00   91.84
03:21:44     all    0.51    0.00    6.14    0.00    0.00    1.28    0.00    0.00    0.00   92.07
03:21:45     all    0.00    0.00    5.88    0.00    0.00    1.53    0.00    0.00    0.00   92.58
03:21:46     all    0.51    0.00    6.63    0.00    0.00    1.28    0.00    0.00    0.00   91.58
03:21:47     all    0.26    0.00    6.15    0.00    0.00    1.54    0.00    0.00    0.00   92.05
03:21:48     all    0.51    0.00    6.15    0.00    0.00    1.03    0.26    0.00    0.00   92.05
03:21:49     all    0.00    0.00    6.87    0.00    0.00    1.53    0.00    0.00    0.00   91.60
03:21:50     all    0.51    0.00    5.38    0.00    0.00    1.28    0.00    0.00    0.00   92.82
03:21:51     all    0.00    0.00    5.40    0.00    0.00    1.29    0.00    0.00    0.00   93.32
03:21:52     all    0.51    0.00    6.15    0.00    0.00    1.03    0.00    0.00    0.00   92.31
03:21:53     all    0.52    0.00    4.65    0.00    0.00    1.29    0.00    0.00    0.00   93.54
03:21:54     all    0.26    0.00    5.64    0.00    0.00    1.28    0.00    0.00    0.00   92.82
03:21:55     all    0.26    0.00    5.18    0.00    0.00    1.04    0.00    0.00    0.00   93.52
03:21:56     all    0.76    0.00    6.08    0.00    0.00    1.77    0.00    0.00    0.00   91.39
03:21:57     all    0.25    0.00    4.04    0.00    0.00    1.26    0.00    0.00    0.00   94.44
03:21:58     all    0.00    0.00    5.40    0.00    0.00    1.03    0.00    0.00    0.00   93.57
03:21:59     all    0.51    0.00    5.64    0.00    0.00    1.28    0.00    0.00    0.00   92.56
03:22:00     all    0.52    0.00    5.41    0.00    0.00    0.77    0.00    0.00    0.00   93.30
03:22:01     all    0.26    0.00    6.38    0.00    0.00    1.28    0.00    0.00    0.00   92.09
03:22:02     all    0.00    0.00    5.91    0.00    0.00    1.29    0.00    0.00    0.00   92.80
03:22:03     all    0.77    0.00    5.12    0.00    0.00    1.28    0.00    0.00    0.00   92.84
03:22:04     all    0.26    0.00    6.15    0.00    0.00    1.28    0.00    0.00    0.00   92.31
03:22:05     all    0.76    0.00    6.80    0.00    0.00    1.51    0.25    0.00    0.00   90.68
03:22:06     all    0.00    0.00    6.87    0.00    0.00    1.02    0.00    0.00    0.00   92.11
03:22:07     all    0.51    0.00    6.31    0.00    0.00    2.02    0.00    0.00    0.00   91.16
03:22:08     all    0.26    0.00    6.15    0.00    0.00    0.77    0.00    0.00    0.00   92.82
03:22:09     all    0.76    0.00    6.36    0.00    0.00    1.27    0.00    0.00    0.00   91.60
03:22:10     all    0.00    0.00    6.15    0.26    0.00    1.28    0.00    0.00    0.00   92.31
03:22:11     all    0.76    0.00    6.09    0.00    0.00    1.02    0.25    0.00    0.00   91.88
03:22:12     all    0.26    0.00    5.91    0.00    0.00    1.29    0.00    0.00    0.00   92.54
03:22:13     all    0.52    0.00    5.15    0.00    0.00    1.29    0.00    0.00    0.00   93.04
03:22:14     all    0.00    0.00    6.17    0.00    0.00    1.29    0.00    0.00    0.00   92.54
03:22:15     all    0.25    0.00    7.12    0.00    0.00    0.76    0.00    0.00    0.00   91.86
03:22:16     all    0.77    0.00    5.64    0.00    0.00    1.28    0.00    0.00    0.00   92.31
03:22:17     all    0.51    0.00    4.88    0.00    0.00    1.54    0.26    0.00    0.00   92.80
03:22:18     all    0.26    0.00    5.88    0.00    0.00    1.53    0.00    0.00    0.00   92.33
03:22:19     all    0.00    0.00    5.66    0.00    0.00    1.54    0.00    0.00    0.00   92.80
03:22:20     all    1.01    0.00    6.80    0.00    0.00    1.51    0.00    0.00    0.00   90.68
03:22:21     all    0.00    0.00    5.70    0.00    0.00    1.30    0.00    0.00    0.00   93.01
03:22:22     all    0.25    0.00    7.07    0.00    0.00    1.52    0.25    0.00    0.00   90.91
03:22:23     all    0.51    0.00    6.39    0.00    0.00    1.02    0.00    0.00    0.00   92.07
03:22:24     all    0.26    0.00    6.65    0.00    0.00    1.02    0.00    0.00    0.00   92.07
03:22:25     all    0.00    0.00    6.39    0.00    0.00    1.28    0.00    0.00    0.00   92.33
03:22:26     all    0.51    0.00    6.08    0.00    0.00    1.77    0.00    0.00    0.00   91.65
03:22:27     all    0.26    0.00    5.66    0.00    0.00    1.03    0.00    0.00    0.00   93.06
03:22:28     all    0.26    0.00    4.62    0.00    0.00    1.79    0.00    0.00    0.00   93.33
03:22:29     all    0.52    0.00    4.68    0.00    0.00    1.04    0.00    0.00    0.00   93.77
03:22:30     all    0.26    0.00    5.87    0.00    0.00    1.53    0.00    0.00    0.00   92.35
03:22:31     all    0.00    0.00    5.90    0.00    0.00    1.54    0.00    0.00    0.00   92.56
03:22:32     all    0.76    0.00    5.84    0.00    0.00    1.27    0.00    0.00    0.00   92.13
03:22:33     all    0.00    0.00    6.14    0.00    0.00    1.53    0.00    0.00    0.00   92.33
03:22:34     all    0.26    0.00    5.88    0.00    0.00    1.02    0.00    0.00    0.00   92.84
03:22:35     all    0.51    0.00    5.14    0.00    0.00    1.29    0.00    0.00    0.00   93.06
03:22:36     all    0.26    0.00    5.88    0.00    0.00    1.02    0.26    0.00    0.00   92.58
03:22:37     all    0.26    0.00    5.40    0.00    0.00    1.29    0.00    0.00    0.00   93.06
03:22:38     all    0.76    0.00    6.11    0.00    0.00    0.76    0.00    0.00    0.00   92.37
03:22:39     all    0.51    0.00    5.88    0.00    0.00    1.02    0.00    0.00    0.00   92.58
03:22:40     all    0.52    0.00    5.19    0.00    0.00    1.04    0.00    0.00    0.00   93.25
03:22:41     all    0.25    0.00    6.31    0.00    0.00    1.77    0.00    0.00    0.00   91.67
03:22:42     all    0.00    0.00    5.70    0.00    0.00    0.52    0.00    0.00    0.00   93.78
03:22:43     all    0.51    0.00    7.07    0.00    0.00    1.52    0.00    0.00    0.00   90.91
03:22:44     all    0.51    0.00    6.12    0.00    0.00    1.02    0.00    0.00    0.00   92.35
03:22:45     all    0.00    0.00    6.19    0.26    0.00    0.77    0.00    0.00    0.00   92.78
03:22:46     all    0.26    0.00    6.38    0.00    0.00    1.28    0.00    0.00    0.00   92.09
03:22:47     all    0.51    0.00    5.82    0.00    0.00    1.52    0.25    0.00    0.00   91.90
03:22:48     all    0.26    0.00    5.90    0.00    0.00    1.03    0.26    0.00    0.00   92.56
03:22:49     all    0.26    0.00    5.64    0.00    0.00    1.54    0.00    0.00    0.00   92.56
03:22:50     all    0.00    0.00    6.38    0.00    0.00    1.28    0.00    0.00    0.00   92.35
03:22:51     all    0.25    0.00    6.11    0.00    0.00    1.78    0.00    0.00    0.00   91.86
03:22:52     all    0.51    0.00    5.40    0.00    0.00    1.29    0.00    0.00    0.00   92.80
03:22:53     all    0.50    0.00    6.55    0.00    0.00    1.76    0.00    0.00    0.00   91.18
03:22:54     all    0.51    0.00    6.36    0.00    0.00    1.27    0.00    0.00    0.00   91.86
03:22:55     all    0.26    0.00    5.70    0.00    0.00    0.78    0.00    0.00    0.00   93.26
03:22:56     all    0.51    0.00    6.84    0.00    0.00    1.27    0.00    0.00    0.00   91.39
03:22:57     all    0.26    0.00    6.39    0.00    0.00    1.28    0.26    0.00    0.00   91.82
03:22:58     all    0.25    0.00    6.60    0.00    0.00    1.27    0.00    0.00    0.00   91.88
03:22:59     all    0.51    0.00    5.40    0.00    0.00    1.54    0.00    0.00    0.00   92.54
03:23:00     all    0.26    0.00    6.65    0.00    0.00    1.28    0.00    0.00    0.00   91.82
03:23:01     all    0.26    0.00    5.37    0.00    0.00    1.79    0.00    0.00    0.00   92.58
03:23:02     all    0.51    0.00    5.64    0.00    0.00    1.03    0.00    0.00    0.00   92.82
03:23:03     all    0.00    0.00    6.20    0.00    0.00    0.78    0.00    0.00    0.00   93.02
03:23:04     all    0.51    0.00    6.08    0.00    0.00    1.27    0.25    0.00    0.00   91.90
03:23:05     all    0.26    0.00    4.90    0.00    0.00    1.80    0.00    0.00    0.00   93.04
03:23:06     all    0.51    0.00    6.08    0.00    0.00    1.27    0.00    0.00    0.00   92.15
03:23:07     all    0.26    0.00    5.93    0.00    0.00    0.77    0.00    0.00    0.00   93.04
03:23:08     all    0.51    0.00    5.64    0.00    0.00    1.03    0.00    0.00    0.00   92.82
03:23:09     all    0.51    0.00    6.58    0.00    0.00    1.01    0.00    0.00    0.00   91.90
03:23:10     all    0.26    0.00    5.18    0.00    0.00    1.04    0.00    0.00    0.00   93.52
03:23:11     all    0.26    0.00    5.43    0.00    0.00    1.03    0.00    0.00    0.00   93.28
03:23:12     all    0.26    0.00    5.88    0.00    0.00    1.02    0.00    0.00    0.00   92.84
03:23:13     all    0.77    0.00    5.36    0.00    0.00    1.53    0.00    0.00    0.00   92.35
03:23:14     all    0.00    0.00    5.91    0.00    0.00    1.29    0.00    0.00    0.00   92.80
03:23:15     all    0.00    0.00    5.66    0.00    0.00    1.29    0.00    0.00    0.00   93.06
03:23:16     all    0.51    0.00    6.58    0.00    0.00    1.27    0.00    0.00    0.00   91.65
03:23:17     all    0.51    0.00    5.87    0.00    0.00    1.79    0.00    0.00    0.00   91.84
03:23:18     all    0.00    0.00    4.94    0.00    0.00    1.04    0.00    0.00    0.00   94.03
03:23:19     all    0.00    0.00    5.43    0.00    0.00    1.03    0.00    0.00    0.00   93.54
03:23:20     all    0.76    0.00    6.33    0.00    0.00    1.27    0.00    0.00    0.00   91.65
03:23:21     all    0.51    0.00    5.63    0.00    0.00    1.53    0.00    0.00    0.00   92.33
03:23:22     all    0.26    0.00    5.91    0.00    0.00    1.03    0.00    0.00    0.00   92.80
03:23:23     all    0.51    0.00    6.12    0.26    0.00    1.28    0.00    0.00    0.00   91.84
03:23:24     all    0.51    0.00    5.63    0.00    0.00    1.02    0.26    0.00    0.00   92.58
03:23:25     all    0.00    0.00    6.39    0.00    0.00    1.28    0.00    0.00    0.00   92.33
03:23:26     all    0.25    0.00    6.60    0.00    0.00    1.52    0.00    0.00    0.00   91.62
03:23:27     all    0.51    0.00    5.14    0.00    0.00    1.29    0.00    0.00    0.00   93.06
03:23:28     all    0.51    0.00    6.08    0.00    0.00    1.52    0.25    0.00    0.00   91.65
03:23:29     all    0.00    0.00    5.67    0.00    0.00    1.29    0.00    0.00    0.00   93.04
03:23:30     all    0.26    0.00    6.14    0.00    0.00    1.02    0.00    0.00    0.00   92.58
03:23:31     all    0.26    0.00    6.14    0.00    0.00    1.53    0.00    0.00    0.00   92.07
03:23:32     all    0.51    0.00    6.14    0.00    0.00    0.77    0.00    0.00    0.00   92.58
03:23:33     all    0.77    0.00    5.61    0.00    0.00    1.79    0.00    0.00    0.00   91.84
03:23:34     all    0.00    0.00    5.67    0.00    0.00    1.29    0.00    0.00    0.00   93.04
03:23:35     all    0.26    0.00    5.90    0.00    0.00    1.54    0.00    0.00    0.00   92.31
03:23:36     all    0.51    0.00    6.60    0.00    0.00    1.52    0.00    0.00    0.00   91.37
03:23:37     all    0.26    0.00    6.14    0.00    0.00    0.77    0.00    0.00    0.00   92.84
03:23:38     all    0.00    0.00    5.63    0.00    0.00    1.53    0.00    0.00    0.00   92.84
03:23:39     all    0.00    0.00    6.39    0.00    0.00    1.02    0.26    0.00    0.00   92.33
03:23:40     all    0.51    0.00    5.09    0.00    0.00    1.27    0.25    0.00    0.00   92.88
03:23:41     all    0.26    0.00    5.90    0.00    0.00    1.28    0.00    0.00    0.00   92.56
03:23:42     all    0.26    0.00    5.40    0.00    0.00    1.54    0.00    0.00    0.00   92.80
03:23:43     all    0.26    0.00    4.91    0.00    0.00    1.29    0.00    0.00    0.00   93.54
03:23:44     all    0.26    0.00    5.15    0.00    0.00    1.03    0.00    0.00    0.00   93.56
03:23:45     all    0.51    0.00    5.40    0.00    0.00    1.03    0.00    0.00    0.00   93.06
03:23:46     all    0.26    0.00    4.90    0.00    0.00    1.29    0.00    0.00    0.00   93.56
03:23:47     all    0.26    0.00    5.88    0.00    0.00    1.02    0.00    0.00    0.00   92.84
03:23:48     all    0.26    0.00    4.92    0.00    0.00    1.04    0.00    0.00    0.00   93.78
03:23:49     all    0.26    0.00    6.12    0.00    0.00    1.53    0.00    0.00    0.00   92.09
03:23:50     all    0.51    0.00    5.63    0.00    0.00    1.28    0.00    0.00    0.00   92.58
03:23:51     all    0.51    0.00    4.88    0.00    0.00    1.54    0.00    0.00    0.00   93.06
03:23:52     all    0.26    0.00    4.69    0.00    0.00    1.04    0.00    0.00    0.00   94.01
03:23:53     all    0.76    0.00    6.11    0.00    0.00    1.02    0.00    0.00    0.00   92.11
03:23:54     all    0.26    0.00    5.13    0.00    0.00    1.79    0.00    0.00    0.00   92.82
03:23:55     all    0.00    0.00    5.19    0.00    0.00    1.30    0.00    0.00    0.00   93.51
03:23:56     all    0.51    0.00    5.60    0.00    0.00    1.27    0.25    0.00    0.00   92.37
03:23:57     all    0.26    0.00    4.92    0.00    0.00    1.30    0.00    0.00    0.00   93.52
03:23:58     all    0.51    0.00    5.12    0.00    0.00    1.79    0.00    0.00    0.00   92.58
03:23:59     all    0.26    0.00    6.15    0.00    0.00    1.03    0.00    0.00    0.00   92.56
03:24:00     all    0.26    0.00    4.66    0.00    0.00    1.55    0.00    0.00    0.00   93.52
03:24:01     all    0.76    0.00    6.82    0.00    0.00    1.26    0.00    0.00    0.00   91.16
03:24:02     all    0.51    0.00    6.62    0.00    0.00    1.53    0.00    0.00    0.00   91.35
03:24:03     all    0.26    0.00    5.93    0.00    0.00    1.03    0.00    0.00    0.00   92.78
03:24:04     all    0.51    0.00    6.84    0.00    0.00    1.52    0.00    0.00    0.00   91.14
03:24:05     all    0.00    0.00    6.15    0.00    0.00    1.28    0.00    0.00    0.00   92.56
03:24:06     all    0.00    0.00    6.44    0.00    0.00    0.77    0.00    0.00    0.00   92.78
03:24:07     all    1.01    0.00    6.33    0.00    0.00    1.27    0.00    0.00    0.00   91.39
03:24:08     all    0.00    0.00    6.92    0.00    0.00    0.77    0.00    0.00    0.00   92.31
03:24:09     all    0.52    0.00    5.17    0.00    0.00    1.29    0.00    0.00    0.00   93.02
03:24:10     all    0.26    0.00    5.38    0.00    0.00    1.28    0.51    0.00    0.00   92.56
03:24:11     all    0.25    0.00    7.79    0.00    0.00    1.51    0.00    0.00    0.00   90.45
03:24:12     all    0.77    0.00    5.64    0.00    0.00    1.28    0.00    0.00    0.00   92.31
03:24:13     all    0.00    0.00    5.18    0.00    0.00    1.55    0.00    0.00    0.00   93.26
03:24:14     all    0.76    0.00    7.05    0.00    0.00    1.01    0.00    0.00    0.00   91.18
03:24:15     all    0.51    0.00    5.85    0.25    0.00    1.53    0.00    0.00    0.00   91.86
03:24:16     all    0.00    0.00    6.89    0.00    0.00    1.02    0.00    0.00    0.00   92.09
03:24:17     all    0.00    0.00    6.17    0.00    0.00    1.03    0.00    0.00    0.00   92.80
03:24:18     all    0.51    0.00    6.11    0.00    0.00    1.27    0.00    0.00    0.00   92.11
03:24:19     all    0.26    0.00    5.38    0.00    0.00    1.28    0.00    0.00    0.00   93.08
03:24:20     all    0.51    0.00    5.90    0.00    0.00    0.77    0.00    0.00    0.00   92.82
03:24:21     all    0.25    0.00    6.62    0.00    0.00    1.53    0.00    0.00    0.00   91.60
03:24:22     all    0.77    0.00    4.64    0.00    0.00    0.77    0.26    0.00    0.00   93.56
03:24:23     all    0.00    0.00    6.14    0.00    0.00    1.28    0.00    0.00    0.00   92.58
03:24:24     all    0.51    0.00    6.58    0.00    0.00    1.27    0.00    0.00    0.00   91.65
03:24:25     all    0.00    0.00    5.67    0.26    0.00    1.29    0.00    0.00    0.00   92.78
03:24:26     all    1.01    0.00    6.30    0.00    0.00    1.51    0.00    0.00    0.00   91.18
03:24:27     all    0.26    0.00    6.67    2.05    0.00    1.28    0.00    0.00    0.00   89.74
03:24:28     all    0.76    0.00    6.82    0.00    0.00    1.26    0.00    0.00    0.00   91.16
03:24:29     all    0.26    0.00    6.14    0.00    0.00    0.77    0.26    0.00    0.00   92.58
03:24:30     all    0.00    0.00    5.67    0.00    0.00    1.29    0.00    0.00    0.00   93.04
03:24:31     all    0.76    0.00    6.35    0.00    0.00    1.52    0.00    0.00    0.00   91.37
03:24:32     all    0.00    0.00    6.14    0.00    0.00    1.28    0.00    0.00    0.00   92.58
03:24:33     all    0.51    0.00    5.87    0.00    0.00    1.28    0.00    0.00    0.00   92.35
03:24:34     all    0.26    0.00    5.44    0.00    0.00    0.78    0.00    0.00    0.00   93.52
03:24:35     all    0.51    0.00    5.90    0.00    0.00    1.03    0.00    0.00    0.00   92.56
03:24:36     all    0.00    0.00    5.88    0.00    0.00    1.53    0.00    0.00    0.00   92.58
03:24:37     all    0.76    0.00    6.85    0.00    0.00    1.02    0.00    0.00    0.00   91.37
03:24:38     all    0.00    0.00    5.17    0.00    0.00    1.29    0.00    0.00    0.00   93.54
03:24:39     all    0.76    0.00    6.11    0.00    0.00    1.27    0.00    0.00    0.00   91.86
03:24:40     all    0.25    0.00    6.87    0.00    0.00    1.27    0.00    0.00    0.00   91.60
03:24:41     all    0.51    0.00    5.88    0.00    0.00    1.53    0.00    0.00    0.00   92.07
03:24:42     all    0.26    0.00    5.64    0.00    0.00    1.54    0.00    0.00    0.00   92.56
03:24:43     all    0.26    0.00    6.68    0.00    0.00    0.77    0.00    0.00    0.00   92.29
03:24:44     all    0.26    0.00    6.39    0.00    0.00    1.53    0.00    0.00    0.00   91.82
03:24:45     all    0.51    0.00    5.14    0.00    0.00    1.54    0.00    0.00    0.00   92.80
03:24:46     all    0.26    0.00    6.15    0.00    0.00    1.54    0.26    0.00    0.00   91.79
03:24:47     all    0.51    0.00    6.36    0.00    0.00    1.02    0.25    0.00    0.00   91.86
03:24:48     all    0.26    0.00    5.90    0.00    0.00    1.54    0.00    0.00    0.00   92.31
03:24:49     all    0.26    0.00    5.91    0.00    0.00    1.03    0.00    0.00    0.00   92.80
03:24:50     all    0.50    0.00    6.52    0.25    0.00    1.75    0.00    0.00    0.00   90.98
03:24:51     all    0.52    0.00    4.91    0.00    0.00    1.03    0.00    0.00    0.00   93.54
03:24:52     all    0.51    0.00    6.11    0.00    0.00    1.53    0.00    0.00    0.00   91.86
03:24:53     all    0.00    0.00    6.85    0.00    0.00    1.27    0.00    0.00    0.00   91.88
03:24:54     all    0.00    0.00    5.68    0.00    0.00    1.03    0.00    0.00    0.00   93.28
03:24:55     all    0.77    0.00    4.63    0.00    0.00    1.03    0.00    0.00    0.00   93.57
03:24:56     all    0.26    0.00    4.60    0.00    0.00    1.02    0.00    0.00    0.00   94.12
03:24:57     all    0.26    0.00    5.15    0.00    0.00    1.55    0.00    0.00    0.00   93.04
03:24:58     all    0.26    0.00    5.40    0.00    0.00    1.54    0.00    0.00    0.00   92.80
03:24:59     all    0.26    0.00    5.14    0.00    0.00    1.03    0.00    0.00    0.00   93.57
03:25:00     all    0.26    0.00    5.38    0.00    0.00    1.79    0.26    0.00    0.00   92.31
03:25:01     all    0.77    0.00    5.61    0.00    0.00    1.53    0.00    0.00    0.00   92.09
03:25:02     all    0.26    0.00    5.66    0.00    0.00    1.03    0.00    0.00    0.00   93.06
03:25:03     all    0.52    0.00    5.68    0.00    0.00    0.78    0.00    0.00    0.00   93.02
03:25:04     all    0.25    0.00    6.58    0.00    0.00    1.52    0.25    0.00    0.00   91.39
03:25:05     all    0.51    0.00    6.12    0.00    0.00    1.53    0.00    0.00    0.00   91.84
03:25:06     all    0.76    0.00    6.11    0.00    0.00    1.27    0.00    0.00    0.00   91.86
03:25:07     all    0.26    0.00    6.65    0.00    0.00    0.77    0.00    0.00    0.00   92.33
03:25:08     all    0.51    0.00    5.58    0.25    0.00    1.52    0.00    0.00    0.00   92.13
03:25:09     all    0.00    0.00    5.93    0.00    0.00    1.03    0.00    0.00    0.00   93.04
03:25:10     all    0.51    0.00    6.11    0.00    0.00    1.27    0.00    0.00    0.00   92.11
03:25:11     all    0.51    0.00    6.14    0.00    0.00    1.53    0.00    0.00    0.00   91.82
03:25:12     all    0.26    0.00    5.64    0.26    0.00    1.28    0.00    0.00    0.00   92.56
03:25:13     all    0.51    0.00    6.14    0.00    0.00    1.02    0.00    0.00    0.00   92.33
03:25:14     all    0.26    0.00    6.15    0.00    0.00    1.28    0.00    0.00    0.00   92.31
03:25:15     all    0.26    0.00    6.15    0.00    0.00    1.28    0.00    0.00    0.00   92.31
03:25:16     all    0.25    0.00    7.30    0.00    0.00    1.51    0.00    0.00    0.00   90.93
03:25:17     all    0.51    0.00    5.66    0.00    0.00    1.54    0.00    0.00    0.00   92.29
03:25:18     all    0.26    0.00    4.90    0.00    0.00    2.06    0.00    0.00    0.00   92.78
03:25:19     all    0.25    0.00    7.38    0.00    0.00    0.76    0.25    0.00    0.00   91.35
03:25:20     all    0.50    0.00    7.29    0.00    0.00    1.51    0.00    0.00    0.00   90.70
03:25:21     all    0.00    0.00    5.93    0.00    0.00    1.29    0.26    0.00    0.00   92.53
03:25:22     all    0.77    0.00    5.66    0.00    0.00    1.03    0.00    0.00    0.00   92.54
03:25:23     all    0.26    0.00    6.17    0.00    0.00    1.29    0.00    0.00    0.00   92.29
03:25:24     all    0.51    0.00    5.85    0.00    0.00    1.78    0.00    0.00    0.00   91.86
03:25:25     all    0.26    0.00    5.18    0.00    0.00    1.04    0.00    0.00    0.00   93.52
03:25:26     all    0.26    0.00    5.66    0.00    0.00    1.03    0.00    0.00    0.00   93.06
03:25:27     all    0.00    0.00    5.66    0.00    0.00    1.03    0.00    0.00    0.00   93.32
03:25:28     all    0.26    0.00    5.17    0.00    0.00    1.03    0.00    0.00    0.00   93.54
03:25:29     all    0.51    0.00    5.88    0.00    0.00    1.02    0.00    0.00    0.00   92.58
03:25:30     all    0.51    0.00    5.85    0.00    0.00    1.53    0.00    0.00    0.00   92.11
03:25:31     all    0.26    0.00    5.40    0.00    0.00    1.29    0.00    0.00    0.00   93.06
03:25:32     all    0.00    0.00    5.43    0.00    0.00    1.29    0.00    0.00    0.00   93.28
03:25:33     all    0.77    0.00    5.14    0.00    0.00    1.29    0.00    0.00    0.00   92.80
03:25:34     all    0.25    0.00    6.11    0.00    0.00    1.27    0.00    0.00    0.00   92.37
03:25:35     all    0.51    0.00    5.88    0.00    0.00    1.28    0.00    0.00    0.00   92.33
03:25:36     all    0.26    0.00    5.38    0.00    0.00    1.03    0.26    0.00    0.00   93.08
03:25:37     all    0.00    0.00    5.66    0.00    0.00    1.54    0.00    0.00    0.00   92.80
03:25:38     all    0.75    0.00    7.02    0.00    0.00    1.50    0.25    0.00    0.00   90.48
03:25:39     all    0.26    0.00    6.38    0.00    0.00    1.02    0.00    0.00    0.00   92.35
03:25:40     all    0.26    0.00    4.92    0.00    0.00    1.04    0.00    0.00    0.00   93.78
03:25:41     all    0.25    0.00    7.09    0.00    0.00    1.01    0.00    0.00    0.00   91.65
03:25:42     all    0.51    0.00    5.90    0.00    0.00    1.03    0.00    0.00    0.00   92.56
03:25:43     all    0.26    0.00    5.15    0.00    0.00    1.55    0.00    0.00    0.00   93.04
03:25:44     all    0.26    0.00    5.38    0.00    0.00    1.54    0.00    0.00    0.00   92.82
03:25:45     all    0.26    0.00    6.15    0.00    0.00    1.28    0.00    0.00    0.00   92.31
03:25:46     all    0.26    0.00    6.19    0.00    0.00    1.03    0.00    0.00    0.00   92.53
03:25:47     all    0.77    0.00    5.63    0.00    0.00    2.05    0.26    0.00    0.00   91.30
03:25:48     all    0.26    0.00    6.19    0.00    0.00    1.03    0.00    0.00    0.00   92.53
03:25:49     all    0.26    0.00    5.38    0.00    0.00    1.54    0.26    0.00    0.00   92.56
03:25:50     all    0.25    0.00    7.29    0.25    0.00    1.26    0.00    0.00    0.00   90.95
03:25:51     all    0.76    0.00    6.58    0.00    0.00    1.27    0.00    0.00    0.00   91.39
03:25:52     all    0.00    0.00    5.68    0.00    0.00    1.55    0.00    0.00    0.00   92.76
03:25:53     all    0.00    0.00    6.17    0.00    0.00    1.03    0.00    0.00    0.00   92.80
03:25:54     all    1.02    0.00    6.62    0.00    0.00    1.02    0.00    0.00    0.00   91.35
03:25:55     all    0.00    0.00    6.15    0.00    0.00    1.54    0.00    0.00    0.00   92.31
03:25:56     all    0.51    0.00    6.35    0.00    0.00    1.78    0.00    0.00    0.00   91.37
03:25:57     all    0.51    0.00    7.32    0.00    0.00    1.52    0.00    0.00    0.00   90.66
03:25:58     all    0.26    0.00    6.12    0.00    0.00    1.53    0.26    0.00    0.00   91.84
03:25:59     all    0.51    0.00    6.36    0.00    0.00    1.78    0.00    0.00    0.00   91.35
03:26:00     all    0.50    0.00   71.68    0.00    0.00    7.02    0.00    0.00    0.00   20.80
03:26:01     all    0.00    0.00    0.00    0.00    0.00    0.00    0.00    0.00    0.00  100.00
03:26:02     all    0.00    0.00    0.00    0.00    0.00    0.00    0.00    0.00    0.00  100.00
03:26:03     all    0.00    0.00    0.00    0.00    0.00    0.00    0.00    0.00    0.00  100.00
03:26:04     all    0.00    0.00    0.00    0.00    0.00    0.00    0.00    0.00    0.00  100.00
03:26:05     all    0.00    0.00    0.00    0.00    0.00    0.00    0.00    0.00    0.00  100.00
03:26:06     all    0.00    0.00    0.00    0.00    0.00    0.00    0.00    0.00    0.00  100.00
03:26:07     all    0.00    0.00    0.00    0.00    0.00    0.00    0.00    0.00    0.00  100.00
03:26:08     all    0.00    0.00    0.00    0.00    0.00    0.00    0.00    0.00    0.00  100.00
03:26:09     all    0.00    0.00    0.25    0.00    0.00    0.00    0.00    0.00    0.00   99.75
