Linux 6.8.0-1064-azure (csb-bench-host-azure) 	08/19/26 	_x86_64_	(4 CPU)

17:49:47     CPU    %usr   %nice    %sys %iowait    %irq   %soft  %steal  %guest  %gnice   %idle
17:49:48     all   73.32    0.00   12.47    0.00    0.00    8.73    0.00    0.00    0.00    5.49
17:49:49     all   78.30    0.00   11.72    0.00    0.00    9.98    0.00    0.00    0.00    0.00
17:49:50     all   45.48    0.00   45.98    0.00    0.00    8.54    0.00    0.00    0.00    0.00
17:49:51     all   10.94    0.00    2.34    0.00    0.00    3.91    0.00    0.00    0.00   82.81
17:49:52     all    6.23    0.00    2.60    0.00    0.00    2.60    0.00    0.00    0.00   88.57
17:49:53     all    5.44    0.00    2.33    0.00    0.00    3.11    0.00    0.00    0.00   89.12
17:49:54     all    6.28    0.00    2.09    0.00    0.00    3.40    0.00    0.00    0.00   88.22
17:49:55     all    5.47    0.00    2.34    0.00    0.00    2.86    0.00    0.00    0.00   89.32
17:49:56     all    5.76    0.00    2.36    0.00    0.00    3.40    0.00    0.00    0.00   88.48
17:49:57     all    5.18    0.00    3.11    0.00    0.00    3.11    0.00    0.00    0.00   88.60
17:49:58     all    5.47    0.00    2.08    0.00    0.00    3.12    0.00    0.00    0.00   89.32
17:49:59     all    5.68    0.00    2.58    0.00    0.00    2.84    0.00    0.00    0.00   88.89
17:50:00     all    5.53    0.00    2.11    0.26    0.00    2.63    0.00    0.00    0.00   89.47
17:50:01     all    5.97    0.00    2.86    0.52    0.00    3.12    0.00    0.00    0.00   87.53
17:50:02     all    6.68    0.00    2.57    0.00    0.00    2.83    0.00    0.00    0.00   87.92
17:50:03     all    5.19    0.00    1.82    0.00    0.00    2.34    0.00    0.00    0.00   90.65
17:50:04     all    5.45    0.00    2.08    0.00    0.00    2.86    0.00    0.00    0.00   89.61
17:50:05     all    4.95    0.00    2.86    0.00    0.00    2.86    0.00    0.00    0.00   89.32
17:50:06     all    6.99    0.00    1.55    0.00    0.00    2.85    0.00    0.00    0.00   88.60
17:50:07     all    4.18    0.00    2.61    0.00    0.00    2.87    0.00    0.00    0.00   90.34
17:50:08     all    5.96    0.00    2.59    0.00    0.00    3.11    0.00    0.00    0.00   88.34
17:50:09     all    5.70    0.00    2.33    0.00    0.00    3.11    0.00    0.00    0.00   88.86
17:50:10     all    5.31    0.00    1.86    0.00    0.00    1.59    0.00    0.00    0.00   91.25
17:50:11     all    5.96    0.00    2.59    0.00    0.00    2.59    0.00    0.00    0.00   88.86
17:50:12     all    5.17    0.00    2.33    0.00    0.00    2.84    0.00    0.00    0.00   89.66
17:50:13     all    5.96    0.00    2.59    0.26    0.00    3.11    0.00    0.00    0.00   88.08
17:50:14     all    5.74    0.00    2.35    0.00    0.00    2.35    0.00    0.00    0.00   89.56
17:50:15     all    4.94    0.00    2.08    0.00    0.00    2.08    0.00    0.00    0.00   90.91
17:50:16     all    5.41    0.00    2.58    0.00    0.00    2.84    0.00    0.00    0.00   89.18
17:50:17     all    5.71    0.00    2.08    0.00    0.00    2.34    0.00    0.00    0.00   89.87
17:50:18     all    4.94    0.00    2.34    0.26    0.00    2.86    0.00    0.00    0.00   89.61
17:50:19     all    5.40    0.00    1.80    0.00    0.00    3.08    0.00    0.00    0.00   89.72
17:50:20     all    5.19    0.00    2.60    0.00    0.00    2.34    0.00    0.00    0.00   89.87
17:50:21     all    6.75    0.00    2.34    0.00    0.00    2.60    0.00    0.00    0.00   88.31
17:50:22     all    4.88    0.00    2.83    0.00    0.00    2.31    0.00    0.00    0.00   89.97
17:50:23     all    5.48    0.00    2.35    0.26    0.00    2.35    0.00    0.00    0.00   89.56
17:50:24     all    4.96    0.00    2.35    0.00    0.00    2.09    0.00    0.00    0.00   90.60
17:50:25     all    5.47    0.00    2.60    0.00    0.00    2.60    0.00    0.00    0.00   89.32
17:50:26     all    5.24    0.00    1.83    0.00    0.00    1.83    0.00    0.00    0.00   91.10
17:50:27     all    6.46    0.00    2.58    0.00    0.00    2.33    0.00    0.00    0.00   88.63
17:50:28     all    5.17    0.00    2.33    0.00    0.00    2.58    0.00    0.00    0.00   89.92
17:50:29     all    5.93    0.00    2.58    0.00    0.00    3.09    0.00    0.00    0.00   88.40
17:50:30     all    4.95    0.00    2.08    0.00    0.00    1.82    0.00    0.00    0.00   91.15
17:50:31     all    5.88    0.00    2.05    0.00    0.00    3.32    0.00    0.00    0.00   88.75
17:50:32     all    6.02    0.00    1.83    0.00    0.00    2.36    0.00    0.00    0.00   89.79
17:50:33     all    5.21    0.00    2.86    0.26    0.00    2.34    0.00    0.00    0.00   89.32
17:50:34     all    5.73    0.00    2.08    0.00    0.00    2.34    0.00    0.00    0.00   89.84
17:50:35     all    4.91    0.00    2.33    0.00    0.00    2.84    0.00    0.00    0.00   89.92
17:50:36     all    5.66    0.00    3.08    0.00    0.00    2.31    0.00    0.00    0.00   88.95
17:50:37     all    5.79    0.00    1.84    0.00    0.00    2.11    0.00    0.00    0.00   90.26
17:50:38     all    5.71    0.00    2.34    0.00    0.00    2.86    0.00    0.00    0.00   89.09
17:50:39     all    5.19    0.00    3.12    0.00    0.00    2.86    0.00    0.00    0.00   88.83
17:50:40     all    6.23    0.00    2.60    0.00    0.00    2.86    0.00    0.00    0.00   88.31
17:50:41     all    5.76    0.00    2.62    0.00    0.00    2.36    0.00    0.00    0.00   89.27
17:50:42     all    4.92    0.00    1.81    0.00    0.00    2.59    0.00    0.00    0.00   90.67
17:50:43     all    5.67    0.00    3.09    0.52    0.00    2.84    0.00    0.00    0.00   87.89
17:50:44     all    4.96    0.00    2.61    0.00    0.00    2.35    0.00    0.00    0.00   90.08
17:50:45     all    5.77    0.00    2.10    0.00    0.00    2.62    0.00    0.00    0.00   89.50
17:50:46     all    5.94    0.00    2.84    0.00    0.00    2.33    0.00    0.00    0.00   88.89
17:50:47     all    5.74    0.00    1.83    0.00    0.00    2.61    0.00    0.00    0.00   89.82
17:50:48     all    5.47    0.00    2.34    0.00    0.00    2.60    0.00    0.00    0.00   89.58
17:50:49     all    5.99    0.00    2.08    0.00    0.00    2.60    0.00    0.00    0.00   89.32
17:50:50     all    5.22    0.00    2.09    0.00    0.00    2.09    0.00    0.00    0.00   90.60
17:50:51     all    5.71    0.00    2.34    0.00    0.00    2.86    0.00    0.00    0.00   89.09
17:50:52     all    5.93    0.00    2.58    0.00    0.00    3.09    0.00    0.00    0.00   88.40
17:50:53     all    5.45    0.00    2.34    0.26    0.00    2.60    0.00    0.00    0.00   89.35
17:50:54     all    4.94    0.00    2.08    0.00    0.00    2.60    0.00    0.00    0.00   90.39
17:50:55     all    6.19    0.00    2.06    0.00    0.00    2.58    0.00    0.00    0.00   89.18
17:50:56     all    5.48    0.00    2.09    0.00    0.00    1.83    0.00    0.00    0.00   90.60
17:50:57     all    5.94    0.00    2.33    0.00    0.00    2.33    0.00    0.00    0.00   89.41
17:50:58     all    5.45    0.00    2.08    0.00    0.00    2.08    0.00    0.00    0.00   90.39
17:50:59     all    5.45    0.00    2.60    0.00    0.00    2.34    0.00    0.00    0.00   89.61
17:51:00     all    5.93    0.00    1.80    0.00    0.00    2.58    0.00    0.00    0.00   89.69
17:51:01     all    5.14    0.00    2.57    0.00    0.00    2.57    0.00    0.00    0.00   89.72
17:51:02     all    5.21    0.00    2.08    0.00    0.00    2.86    0.00    0.00    0.00   89.84
17:51:03     all    6.43    0.00    2.06    0.26    0.00    2.57    0.00    0.00    0.00   88.69
17:51:04     all    5.45    0.00    2.08    0.00    0.00    2.34    0.00    0.00    0.00   90.13
17:51:05     all    5.21    0.00    2.08    0.00    0.00    2.08    0.00    0.00    0.00   90.62
17:51:06     all    6.20    0.00    2.58    0.00    0.00    2.07    0.00    0.00    0.00   89.15
17:51:07     all    5.45    0.00    2.08    0.00    0.00    2.60    0.00    0.00    0.00   89.87
17:51:08     all    5.14    0.00    2.31    0.00    0.00    2.31    0.00    0.00    0.00   90.23
17:51:09     all    6.46    0.00    1.81    0.00    0.00    2.07    0.00    0.00    0.00   89.66
17:51:10     all    5.93    0.00    2.32    0.00    0.00    3.09    0.00    0.00    0.00   88.66
17:51:11     all    5.19    0.00    2.60    0.00    0.00    2.08    0.00    0.00    0.00   90.13
17:51:12     all    5.19    0.00    2.34    0.00    0.00    2.34    0.00    0.00    0.00   90.13
17:51:13     all    5.43    0.00    2.33    0.00    0.00    2.33    0.00    0.00    0.00   89.92
17:51:14     all    5.68    0.00    2.07    0.00    0.00    3.36    0.00    0.00    0.00   88.89
17:51:15     all    5.74    0.00    1.83    0.00    0.00    2.09    0.00    0.00    0.00   90.34
17:51:16     all    4.87    0.00    2.56    0.00    0.00    3.33    0.00    0.00    0.00   89.23
17:51:17     all    5.73    0.00    2.08    0.00    0.00    2.08    0.00    0.00    0.00   90.10
17:51:18     all    5.67    0.00    2.32    0.00    0.00    3.35    0.00    0.00    0.00   88.66
17:51:19     all    5.21    0.00    2.08    0.52    0.00    2.34    0.00    0.00    0.00   89.84
17:51:20     all    5.91    0.00    2.06    0.00    0.00    2.83    0.00    0.00    0.00   89.20
17:51:21     all    5.47    0.00    2.34    0.00    0.00    2.86    0.00    0.00    0.00   89.32
17:51:22     all    5.70    0.00    2.85    0.00    0.00    2.33    0.00    0.00    0.00   89.12
17:51:23     all    5.22    0.00    1.83    0.00    0.00    2.35    0.00    0.00    0.00   90.60
17:51:24     all    5.68    0.00    2.58    0.26    0.00    2.58    0.00    0.00    0.00   88.89
17:51:25     all    5.73    0.00    2.86    0.00    0.00    2.08    0.00    0.00    0.00   89.32
17:51:26     all    5.93    0.00    2.06    0.00    0.00    2.32    0.00    0.00    0.00   89.69
17:51:27     all    5.43    0.00    2.58    0.26    0.00    2.33    0.00    0.00    0.00   89.41
17:51:28     all    5.74    0.00    2.35    0.00    0.00    2.35    0.00    0.00    0.00   89.56
17:51:29     all    5.99    0.00    2.08    0.00    0.00    3.12    0.00    0.00    0.00   88.80
17:51:30     all    5.53    0.00    1.84    0.00    0.00    2.11    0.00    0.00    0.00   90.53
17:51:31     all    5.48    0.00    2.35    0.00    0.00    2.87    0.00    0.00    0.00   89.30
17:51:32     all    5.66    0.00    2.31    0.00    0.00    2.57    0.00    0.00    0.00   89.46
17:51:33     all    5.73    0.00    1.82    0.00    0.00    3.12    0.00    0.00    0.00   89.32
17:51:34     all    6.46    0.00    2.33    0.00    0.00    2.58    0.00    0.00    0.00   88.63
17:51:35     all    4.42    0.00    2.86    0.00    0.00    2.34    0.00    0.00    0.00   90.39
17:51:36     all    5.41    0.00    2.32    0.00    0.00    2.58    0.00    0.00    0.00   89.69
17:51:37     all    5.70    0.00    2.59    0.00    0.00    2.59    0.00    0.00    0.00   89.12
17:51:38     all    5.67    0.00    2.32    0.00    0.00    2.58    0.00    0.00    0.00   89.43
17:51:39     all    5.64    0.00    2.82    0.26    0.00    3.59    0.00    0.00    0.00   87.69
17:51:40     all    5.48    0.00    2.35    0.00    0.00    2.61    0.00    0.00    0.00   89.56
17:51:41     all    6.22    0.00    2.59    0.00    0.00    2.59    0.00    0.00    0.00   88.60
17:51:42     all    5.53    0.00    1.84    0.00    0.00    1.84    0.00    0.00    0.00   90.79
17:51:43     all    5.68    0.00    2.07    0.00    0.00    2.58    0.00    0.00    0.00   89.66
17:51:44     all    6.02    0.00    2.36    0.00    0.00    2.36    0.00    0.00    0.00   89.27
17:51:45     all    5.70    0.00    2.85    0.00    0.00    2.59    0.00    0.00    0.00   88.86
17:51:46     all    5.26    0.00    2.11    0.00    0.00    2.11    0.00    0.00    0.00   90.53
17:51:47     all    5.45    0.00    2.34    0.00    0.00    2.86    0.00    0.00    0.00   89.35
17:51:48     all    6.30    0.00    2.10    0.00    0.00    1.84    0.00    0.00    0.00   89.76
17:51:49     all    5.45    0.00    2.34    0.52    0.00    2.86    0.00    0.00    0.00   88.83
17:51:50     all    5.73    0.00    2.08    0.00    0.00    2.34    0.00    0.00    0.00   89.84
17:51:51     all    5.97    0.00    2.08    0.00    0.00    1.82    0.00    0.00    0.00   90.13
17:51:52     all    5.67    0.00    2.32    0.00    0.00    2.58    0.00    0.00    0.00   89.43
17:51:53     all    5.48    0.00    2.09    0.00    0.00    1.83    0.00    0.00    0.00   90.60
17:51:54     all    5.74    0.00    2.09    0.26    0.00    1.83    0.00    0.00    0.00   90.08
17:51:55     all    5.47    0.00    2.34    0.00    0.00    2.86    0.00    0.00    0.00   89.32
17:51:56     all    6.22    0.00    2.85    0.00    0.00    2.33    0.00    0.00    0.00   88.60
17:51:57     all    5.01    0.00    2.37    0.00    0.00    2.11    0.00    0.00    0.00   90.50
17:51:58     all    5.22    0.00    2.35    0.00    0.00    2.35    0.00    0.00    0.00   90.08
17:51:59     all    5.74    0.00    2.61    0.00    0.00    2.87    0.00    0.00    0.00   88.77
17:52:00     all    5.97    0.00    2.34    0.00    0.00    2.08    0.00    0.00    0.00   89.61
17:52:01     all    5.40    0.00    2.57    0.00    0.00    2.57    0.00    0.00    0.00   89.46
17:52:02     all    4.99    0.00    1.84    0.00    0.00    2.89    0.00    0.00    0.00   90.29
17:52:03     all    5.63    0.00    2.56    0.00    0.00    2.81    0.00    0.00    0.00   89.00
17:52:04     all    5.73    0.00    2.08    0.52    0.00    2.60    0.00    0.00    0.00   89.06
17:52:05     all    5.45    0.00    2.34    0.00    0.00    2.08    0.00    0.00    0.00   90.13
17:52:06     all    5.47    0.00    2.34    0.00    0.00    2.60    0.00    0.00    0.00   89.58
17:52:07     all    6.41    0.00    2.31    0.00    0.00    3.08    0.00    0.00    0.00   88.21
17:52:08     all    5.94    0.00    2.33    0.00    0.00    2.58    0.00    0.00    0.00   89.15
17:52:09     all    4.96    0.00    1.83    0.00    0.00    3.13    0.00    0.00    0.00   90.08
17:52:10     all    5.44    0.00    2.85    0.00    0.00    2.59    0.00    0.00    0.00   89.12
17:52:11     all    5.73    0.00    1.82    0.00    0.00    2.34    0.00    0.00    0.00   90.10
17:52:12     all    4.91    0.00    2.84    0.00    0.00    2.07    0.00    0.00    0.00   90.18
17:52:13     all    5.70    0.00    2.59    0.00    0.00    2.85    0.00    0.00    0.00   88.86
17:52:14     all    6.01    0.00    1.83    0.26    0.00    1.57    0.00    0.00    0.00   90.34
17:52:15     all    5.91    0.00    1.80    0.00    0.00    3.34    0.00    0.00    0.00   88.95
17:52:16     all    4.95    0.00    2.34    0.00    0.00    2.60    0.00    0.00    0.00   90.10
17:52:17     all    5.97    0.00    2.34    0.00    0.00    2.34    0.00    0.00    0.00   89.35
17:52:18     all    4.96    0.00    2.61    0.00    0.00    2.35    0.00    0.00    0.00   90.08
17:52:19     all    6.04    0.00    1.84    0.00    0.00    2.62    0.00    0.00    0.00   89.50
17:52:20     all    5.91    0.00    3.08    0.00    0.00    2.31    0.00    0.00    0.00   88.69
17:52:21     all    5.22    0.00    2.35    0.00    0.00    2.61    0.00    0.00    0.00   89.82
17:52:22     all    5.21    0.00    2.60    0.00    0.00    2.86    0.00    0.00    0.00   89.32
17:52:23     all    6.74    0.00    2.59    0.52    0.00    3.11    0.00    0.00    0.00   87.05
17:52:24     all    5.44    0.00    2.85    0.26    0.00    2.59    0.00    0.00    0.00   88.86
17:52:25     all    7.01    0.00    2.34    0.00    0.00    3.12    0.00    0.00    0.00   87.53
17:52:26     all    6.20    0.00    2.33    0.00    0.00    3.36    0.00    0.00    0.00   88.11
17:52:27     all    7.01    0.00    2.34    0.26    0.00    2.08    0.00    0.00    0.00   88.31
17:52:28     all    6.75    0.00    2.60    0.26    0.00    2.34    0.00    0.00    0.00   88.05
17:52:29     all    6.53    0.00    2.35    0.00    0.00    3.13    0.00    0.00    0.00   87.99
17:52:30     all    6.75    0.00    2.08    0.00    0.00    2.86    0.00    0.00    0.00   88.31
17:52:31     all    7.22    0.00    2.06    0.00    0.00    3.09    0.00    0.00    0.00   87.63
17:52:32     all    6.77    0.00    2.34    0.00    0.00    2.86    0.00    0.00    0.00   88.02
17:52:33     all    6.96    0.00    2.32    0.26    0.00    2.84    0.00    0.00    0.00   87.63
17:52:34     all    6.23    0.00    2.34    0.00    0.00    2.86    0.00    0.00    0.00   88.57
17:52:35     all    6.72    0.00    2.84    0.00    0.00    3.10    0.00    0.00    0.00   87.34
17:52:36     all    6.22    0.00    2.33    0.26    0.00    2.85    0.00    0.00    0.00   88.34
17:52:37     all    6.96    0.00    2.58    0.00    0.00    3.87    0.00    0.00    0.00   86.60
17:52:38     all    6.98    0.00    2.58    0.26    0.00    2.84    0.00    0.00    0.00   87.34
17:52:39     all    7.16    0.00    3.07    0.51    0.00    3.58    0.00    0.00    0.00   85.68
17:52:40     all    6.25    0.00    2.86    0.00    0.00    2.60    0.00    0.00    0.00   88.28
17:52:41     all    6.99    0.00    2.33    0.00    0.00    2.85    0.00    0.00    0.00   87.82
17:52:42     all    7.22    0.00    2.06    0.00    0.00    2.58    0.00    0.00    0.00   88.14
17:52:43     all    6.48    0.00    2.33    0.00    0.00    2.85    0.00    0.00    0.00   88.34
17:52:44     all    7.22    0.00    2.32    0.00    0.00    2.84    0.00    0.00    0.00   87.63
17:52:45     all    7.27    0.00    2.08    0.00    0.00    2.60    0.00    0.00    0.00   88.05
17:52:46     all    6.96    0.00    2.58    0.00    0.00    2.58    0.00    0.00    0.00   87.89
17:52:47     all    6.77    0.00    2.08    0.00    0.00    2.60    0.00    0.00    0.00   88.54
17:52:48     all    6.68    0.00    2.83    0.00    0.00    2.83    0.00    0.00    0.00   87.66
17:52:49     all    7.81    0.00    2.08    0.26    0.00    2.60    0.00    0.00    0.00   87.24
17:52:50     all    5.68    0.00    2.33    0.00    0.00    2.84    0.00    0.00    0.00   89.15
17:52:51     all    5.76    0.00    2.09    0.00    0.00    1.57    0.00    0.00    0.00   90.58
17:52:52     all    6.62    0.00    2.80    0.00    0.00    3.56    0.00    0.00    0.00   87.02
17:52:53     all    4.94    0.00    2.34    0.00    0.00    2.34    0.00    0.00    0.00   90.39
17:52:54     all    5.48    0.00    2.61    0.00    0.00    2.61    0.00    0.00    0.00   89.30
17:52:55     all    4.91    0.00    2.33    0.00    0.00    2.84    0.00    0.00    0.00   89.92
17:52:56     all    6.02    0.00    2.09    0.00    0.00    1.83    0.00    0.00    0.00   90.05
17:52:57     all    5.96    0.00    2.33    0.00    0.00    2.33    0.00    0.00    0.00   89.38
17:52:58     all    5.44    0.00    2.59    0.00    0.00    2.85    0.00    0.00    0.00   89.12
17:52:59     all    6.01    0.00    2.35    0.00    0.00    2.35    0.00    0.00    0.00   89.30
17:53:00     all    5.71    0.00    1.82    0.52    0.00    3.12    0.00    0.00    0.00   88.83
17:53:01     all    5.18    0.00    2.59    0.00    0.00    2.33    0.00    0.00    0.00   89.90
17:53:02     all    5.99    0.00    2.08    0.00    0.00    1.82    0.00    0.00    0.00   90.10
17:53:03     all    5.90    0.00    2.56    0.00    0.00    3.08    0.00    0.00    0.00   88.46
17:53:04     all    4.69    0.00    2.60    0.00    0.00    2.60    0.00    0.00    0.00   90.10
17:53:05     all    5.25    0.00    1.84    0.00    0.00    1.57    0.00    0.00    0.00   91.34
17:53:06     all    5.93    0.00    2.58    0.00    0.00    2.84    0.00    0.00    0.00   88.66
17:53:07     all    4.68    0.00    2.86    0.00    0.00    1.82    0.00    0.00    0.00   90.65
17:53:08     all    5.67    0.00    2.06    0.00    0.00    3.35    0.00    0.00    0.00   88.92
17:53:09     all    5.48    0.00    2.87    0.00    0.00    2.35    0.00    0.00    0.00   89.30
17:53:10     all    5.71    0.00    2.08    0.00    0.00    2.34    0.00    0.00    0.00   89.87
17:53:11     all    4.92    0.00    2.33    0.00    0.00    3.11    0.00    0.00    0.00   89.64
17:53:12     all    5.93    0.00    2.32    0.00    0.00    3.09    0.00    0.00    0.00   88.66
17:53:13     all    5.47    0.00    2.34    0.00    0.00    2.08    0.00    0.00    0.00   90.10
17:53:14     all    5.50    0.00    1.83    0.00    0.00    2.36    0.00    0.00    0.00   90.31
17:53:15     all    5.17    0.00    2.84    0.78    0.00    2.33    0.00    0.00    0.00   88.89
17:53:16     all    5.48    0.00    2.09    0.00    0.00    2.61    0.00    0.00    0.00   89.82
17:53:17     all    5.73    0.00    2.08    0.00    0.00    3.12    0.00    0.00    0.00   89.06
17:53:18     all    4.70    0.00    2.61    0.00    0.00    2.09    0.00    0.00    0.00   90.60
17:53:19     all    6.38    0.00    2.30    0.00    0.00    3.06    0.00    0.00    0.00   88.27
17:53:20     all    5.40    0.00    2.57    0.26    0.00    2.31    0.00    0.00    0.00   89.46
17:53:21     all    5.45    0.00    2.08    0.00    0.00    1.82    0.00    0.00    0.00   90.65
17:53:22     all    4.92    0.00    2.07    0.00    0.00    1.81    0.00    0.00    0.00   91.19
17:53:23     all    5.64    0.00    2.31    0.00    0.00    2.31    0.00    0.00    0.00   89.74
17:53:24     all    4.91    0.00    2.33    0.00    0.00    2.07    0.00    0.00    0.00   90.70
17:53:25     all    5.70    0.00    2.07    0.00    0.00    1.55    0.00    0.00    0.00   90.67
17:53:26     all    5.41    0.00    2.58    0.26    0.00    1.80    0.00    0.00    0.00   89.95
17:53:27     all    5.93    0.00    2.32    0.00    0.00    1.80    0.00    0.00    0.00   89.95
17:53:28     all    4.64    0.00    2.32    0.00    0.00    1.80    0.00    0.00    0.00   91.24
17:53:29     all    5.17    0.00    2.33    0.00    0.00    2.07    0.00    0.00    0.00   90.44
17:53:30     all    5.68    0.00    2.07    0.00    0.00    1.81    0.00    0.00    0.00   90.44
17:53:31     all    6.22    0.00    1.55    0.00    0.00    1.81    0.00    0.00    0.00   90.41
17:53:32     all    5.21    0.00    1.82    0.00    0.00    1.82    0.00    0.00    0.00   91.15
17:53:33     all    5.93    0.00    2.32    0.00    0.00    1.55    0.00    0.00    0.00   90.21
17:53:34     all    4.69    0.00    2.08    0.00    0.00    1.56    0.00    0.00    0.00   91.67
17:53:35     all    5.41    0.00    2.32    0.00    0.00    1.80    0.00    0.00    0.00   90.46
17:53:36     all    5.13    0.00    2.05    0.00    0.00    2.82    0.00    0.00    0.00   90.00
17:53:37     all    4.66    0.00    2.85    0.26    0.00    2.07    0.00    0.00    0.00   90.16
17:53:38     all    5.44    0.00    1.81    0.00    0.00    1.81    0.00    0.00    0.00   90.93
17:53:39     all    5.66    0.00    2.83    0.00    0.00    2.57    0.00    0.00    0.00   88.95
17:53:40     all    5.13    0.00    2.56    0.00    0.00    1.79    0.00    0.00    0.00   90.51
17:53:41     all    5.18    0.00    2.33    0.00    0.00    1.55    0.00    0.00    0.00   90.93
17:53:42     all    5.19    0.00    1.82    0.00    0.00    1.56    0.00    0.00    0.00   91.43
17:53:43     all    5.40    0.00    2.83    0.26    0.00    2.57    0.00    0.00    0.00   88.95
17:53:44     all    4.92    0.00    2.33    0.00    0.00    1.55    0.00    0.00    0.00   91.19
17:53:45     all    5.43    0.00    2.07    0.00    0.00    2.33    0.00    0.00    0.00   90.18
17:53:46     all    5.94    0.00    2.07    0.00    0.00    1.55    0.00    0.00    0.00   90.44
17:53:47     all    5.70    0.00    2.07    0.00    0.00    1.81    0.00    0.00    0.00   90.41
17:53:48     all    4.39    0.00    2.33    0.00    0.00    1.81    0.00    0.00    0.00   91.47
17:53:49     all    6.46    0.00    2.33    0.00    0.00    1.55    0.00    0.00    0.00   89.66
17:53:50     all    5.44    0.00    2.07    0.00    0.00    1.55    0.00    0.00    0.00   90.93
17:53:51     all    5.94    0.00    2.33    0.00    0.00    1.81    0.00    0.00    0.00   89.92
17:53:52     all    5.18    0.00    2.33    0.00    0.00    1.30    0.00    0.00    0.00   91.19
17:53:53     all    5.45    0.00    2.08    0.00    0.00    1.56    0.00    0.00    0.00   90.91
17:53:54     all    4.90    0.00    2.32    0.26    0.00    1.80    0.00    0.00    0.00   90.72
17:53:55     all    5.45    0.00    1.82    0.00    0.00    1.56    0.00    0.00    0.00   91.17
17:53:56     all    5.66    0.00    2.57    0.00    0.00    2.06    0.00    0.00    0.00   89.72
17:53:57     all    4.91    0.00    2.84    0.00    0.00    1.29    0.00    0.00    0.00   90.96
17:53:58     all    4.91    0.00    2.07    0.00    0.00    1.55    0.00    0.00    0.00   91.47
17:53:59     all    5.37    0.00    2.81    0.00    0.00    2.30    0.00    0.00    0.00   89.51
17:54:00     all    5.14    0.00    2.06    0.00    0.00    2.31    0.00    0.00    0.00   90.49
17:54:01     all    5.70    0.00    2.07    0.00    0.00    1.55    0.00    0.00    0.00   90.67
17:54:02     all    5.68    0.00    2.58    0.00    0.00    2.07    0.00    0.00    0.00   89.66
17:54:03     all    5.37    0.00    2.05    0.00    0.00    2.30    0.00    0.00    0.00   90.28
17:54:04     all    5.38    0.00    2.05    0.26    0.00    2.05    0.00    0.00    0.00   90.26
17:54:05     all    5.68    0.00    2.07    0.00    0.00    1.81    0.00    0.00    0.00   90.44
17:54:06     all    4.68    0.00    2.86    0.00    0.00    1.30    0.00    0.00    0.00   91.17
17:54:07     all    5.68    0.00    1.81    0.00    0.00    1.81    0.00    0.00    0.00   90.70
17:54:08     all    4.68    0.00    2.60    0.00    0.00    1.30    0.00    0.00    0.00   91.43
17:54:09     all    6.70    0.00    2.32    0.00    0.00    1.29    0.00    0.00    0.00   89.69
17:54:10     all    4.91    0.00    2.58    0.26    0.00    2.07    0.00    0.00    0.00   90.18
17:54:11     all    5.36    0.00    2.30    0.00    0.00    2.04    0.00    0.00    0.00   90.31
17:54:12     all    5.15    0.00    2.32    0.00    0.00    2.32    0.00    0.00    0.00   90.21
17:54:13     all    6.01    0.00    1.83    0.00    0.00    1.04    0.00    0.00    0.00   91.12
17:54:14     all    5.60    0.00    2.54    0.00    0.00    2.54    0.00    0.00    0.00   89.31
17:54:15     all    5.45    0.00    2.08    0.00    0.00    1.30    0.00    0.00    0.00   91.17
17:54:16     all    5.91    0.00    2.31    0.00    0.00    1.29    0.00    0.00    0.00   90.49
17:54:17     all    4.68    0.00    2.34    0.00    0.00    1.56    0.00    0.00    0.00   91.43
17:54:18     all    5.91    0.00    2.06    0.00    0.00    2.06    0.00    0.00    0.00   89.97
17:54:19     all    5.15    0.00    2.58    0.00    0.00    1.80    0.00    0.00    0.00   90.46
17:54:20     all    5.17    0.00    1.81    0.00    0.00    1.55    0.00    0.00    0.00   91.47
17:54:21     all    5.88    0.00    1.79    0.00    0.00    1.79    0.00    0.00    0.00   90.54
17:54:22     all    5.14    0.00    2.06    0.77    0.00    1.54    0.00    0.00    0.00   90.49
17:54:23     all    4.92    0.00    1.81    0.00    0.00    1.30    0.00    0.00    0.00   91.97
17:54:24     all    5.38    0.00    2.31    0.00    0.00    1.79    0.00    0.00    0.00   90.51
17:54:25     all    5.63    0.00    2.56    0.00    0.00    1.79    0.00    0.00    0.00   90.03
17:54:26     all    5.40    0.00    2.31    0.00    0.00    1.54    0.00    0.00    0.00   90.75
17:54:27     all    5.15    0.00    1.80    0.26    0.00    2.06    0.00    0.00    0.00   90.72
17:54:28     all    5.14    0.00    2.06    0.00    0.00    1.54    0.00    0.00    0.00   91.26
17:54:29     all    5.63    0.00    2.56    0.00    0.00    1.53    0.00    0.00    0.00   90.28
17:54:30     all    4.90    0.00    1.80    0.00    0.00    1.55    0.00    0.00    0.00   91.75
17:54:31     all    5.18    0.00    2.07    0.00    0.00    1.55    0.00    0.00    0.00   91.19
17:54:32     all    5.40    0.00    2.57    0.00    0.00    1.54    0.00    0.00    0.00   90.49
17:54:33     all    5.64    0.00    2.05    0.00    0.00    1.54    0.00    0.00    0.00   90.77
17:54:34     all    5.17    0.00    2.33    0.00    0.00    1.29    0.00    0.00    0.00   91.21
17:54:35     all    5.38    0.00    2.05    0.00    0.00    1.79    0.00    0.00    0.00   90.77
17:54:36     all    5.63    0.00    2.05    0.00    0.00    2.05    0.00    0.00    0.00   90.28
17:54:37     all    4.92    0.00    1.81    0.00    0.00    1.55    0.00    0.00    0.00   91.71
17:54:38     all    5.38    0.00    2.56    0.00    0.00    1.28    0.00    0.00    0.00   90.77
17:54:39     all    5.37    0.00    3.32    0.00    0.00    2.05    0.00    0.00    0.00   89.26
17:54:40     all    5.14    0.00    2.06    0.00    0.00    2.31    0.00    0.00    0.00   90.49
17:54:41     all    5.12    0.00    2.05    0.00    0.00    1.53    0.00    0.00    0.00   91.30
17:54:42     all    5.17    0.00    2.33    0.26    0.00    1.29    0.00    0.00    0.00   90.96
17:54:43     all    5.64    0.00    2.56    0.00    0.00    1.54    0.00    0.00    0.00   90.26
17:54:44     all    5.14    0.00    2.31    0.00    0.00    1.54    0.00    0.00    0.00   91.00
17:54:45     all    4.66    0.00    2.07    0.00    0.00    1.30    0.00    0.00    0.00   91.97
17:54:46     all    4.90    0.00    2.06    0.00    0.00    1.80    0.00    0.00    0.00   91.24
17:54:47     all    5.61    0.00    2.30    0.26    0.00    1.79    0.00    0.00    0.00   90.05
17:54:48     all   19.14    0.00    8.82    0.00    0.00    1.76    0.00    0.00    0.00   70.28
17:54:49     all   90.77    0.00    9.23    0.00    0.00    0.00    0.00    0.00    0.00    0.00
17:54:50     all   75.31    0.00   12.72    0.00    0.00   11.72    0.00    0.00    0.00    0.25
17:54:51     all   38.04    0.00   34.76    0.00    0.00   25.69    0.00    0.00    0.00    1.51
17:54:52     all   44.64    0.00   21.45    0.00    0.00   33.92    0.00    0.00    0.00    0.00
17:54:53     all   42.93    0.00   25.56    0.00    0.00   31.27    0.00    0.00    0.00    0.25
17:54:54     all   43.22    0.00   20.10    0.00    0.00   34.67    0.00    0.00    0.00    2.01
17:54:55     all   43.22    0.00   22.36    0.00    0.00   34.17    0.00    0.00    0.00    0.25
17:54:56     all   45.91    0.00   20.35    0.00    0.00   33.75    0.00    0.00    0.00    0.00
17:54:57     all   43.61    0.00   22.56    0.00    0.00   33.83    0.00    0.00    0.00    0.00
17:54:58     all   43.18    0.00   25.56    0.00    0.00   31.02    0.00    0.00    0.00    0.25
17:54:59     all   44.75    0.00   21.00    0.00    0.00   34.25    0.00    0.00    0.00    0.00
17:55:00     all   44.36    0.00   21.55    0.00    0.00   33.83    0.00    0.00    0.00    0.25
17:55:01     all   44.75    0.00   20.75    0.00    0.00   34.50    0.00    0.00    0.00    0.00
17:55:02     all   43.64    0.00   21.45    0.00    0.00   34.91    0.00    0.00    0.00    0.00
17:55:03     all   43.86    0.00   20.05    0.00    0.00   35.59    0.00    0.00    0.00    0.50
17:55:04     all   45.25    0.00   21.75    0.00    0.00   32.75    0.00    0.00    0.00    0.25
17:55:05     all   47.01    0.00   21.14    0.00    0.00   31.34    0.00    0.00    0.00    0.50
17:55:06     all   44.39    0.00   20.20    0.00    0.00   35.41    0.00    0.00    0.00    0.00
17:55:07     all   44.97    0.00   22.11    0.00    0.00   32.91    0.00    0.00    0.00    0.00
17:55:08     all   44.11    0.00   21.05    0.00    0.00   34.84    0.00    0.00    0.00    0.00
17:55:09     all   40.75    0.00   28.00    0.00    0.00   31.25    0.00    0.00    0.00    0.00
17:55:10     all   44.80    0.00   21.04    0.00    0.00   33.91    0.00    0.00    0.00    0.25
17:55:11     all   41.85    0.00   25.06    0.00    0.00   32.83    0.00    0.00    0.00    0.25
17:55:12     all   44.50    0.00   20.00    0.00    0.00   35.25    0.00    0.00    0.00    0.25
17:55:13     all   45.36    0.00   19.30    0.00    0.00   35.34    0.00    0.00    0.00    0.00
17:55:14     all   45.64    0.00   22.69    0.00    0.00   31.42    0.00    0.00    0.00    0.25
17:55:15     all   44.14    0.00   22.44    0.00    0.00   33.42    0.00    0.00    0.00    0.00
17:55:16     all   44.72    0.00   19.85    0.00    0.00   35.43    0.00    0.00    0.00    0.00
17:55:17     all   42.64    0.00   23.94    0.00    0.00   33.42    0.00    0.00    0.00    0.00
17:55:18     all   43.89    0.00   22.19    0.00    0.00   33.67    0.00    0.00    0.00    0.25
17:55:19     all   45.64    0.00   19.95    0.00    0.00   34.41    0.00    0.00    0.00    0.00
17:55:20     all   44.47    0.00   21.86    0.00    0.00   33.42    0.00    0.00    0.00    0.25
17:55:21     all   45.64    0.00   20.70    0.00    0.00   33.67    0.00    0.00    0.00    0.00
17:55:22     all   44.50    0.00   21.00    0.00    0.00   34.25    0.00    0.00    0.00    0.25
17:55:23     all   45.02    0.00   19.90    0.00    0.00   35.07    0.00    0.00    0.00    0.00
17:55:24     all   43.00    0.00   22.75    0.00    0.00   34.00    0.00    0.00    0.00    0.25
17:55:25     all   46.40    0.00   20.10    0.00    0.00   33.25    0.00    0.00    0.00    0.25
17:55:26     all   45.36    0.00   19.55    0.00    0.00   34.84    0.00    0.00    0.00    0.25
17:55:27     all   45.89    0.00   22.19    0.00    0.00   31.42    0.00    0.00    0.00    0.50
17:55:28     all   45.45    0.00   21.46    0.00    0.00   33.08    0.00    0.00    0.00    0.00
17:55:29     all   44.39    0.00   20.70    0.00    0.00   34.91    0.00    0.00    0.00    0.00
17:55:30     all   44.75    0.00   19.75    0.00    0.00   35.50    0.00    0.00    0.00    0.00
17:55:31     all   44.25    0.00   23.25    0.00    0.00   32.25    0.00    0.00    0.00    0.25
17:55:32     all   44.67    0.00   21.09    0.00    0.00   33.75    0.00    0.00    0.00    0.50
17:55:33     all   42.61    0.00   23.81    0.00    0.00   33.58    0.00    0.00    0.00    0.00
17:55:34     all   44.50    0.00   22.00    0.00    0.00   33.50    0.00    0.00    0.00    0.00
17:55:35     all   46.12    0.00   20.80    0.00    0.00   33.08    0.00    0.00    0.00    0.00
17:55:36     all   45.11    0.00   21.05    0.00    0.00   33.33    0.00    0.00    0.00    0.50
17:55:37     all   44.64    0.00   20.70    0.00    0.00   34.41    0.00    0.00    0.00    0.25
17:55:38     all   45.64    0.00   21.45    0.00    0.00   32.92    0.00    0.00    0.00    0.00
17:55:39     all   46.37    0.00   22.56    0.00    0.00   31.08    0.00    0.00    0.00    0.00
17:55:40     all   46.53    0.00   18.81    0.00    0.00   34.41    0.00    0.00    0.00    0.25
17:55:41     all   48.13    0.00   20.20    0.00    0.00   31.42    0.00    0.00    0.00    0.25
17:55:42     all   46.87    0.00   21.05    0.00    0.00   32.08    0.00    0.00    0.00    0.00
17:55:43     all   45.50    0.00   22.00    0.00    0.00   32.50    0.00    0.00    0.00    0.00
17:55:44     all   44.25    0.00   19.25    0.00    0.00   36.25    0.00    0.00    0.00    0.25
17:55:45     all   45.89    0.00   21.70    0.00    0.00   32.17    0.00    0.00    0.00    0.25
17:55:46     all   48.62    0.00   21.30    0.00    0.00   29.57    0.00    0.00    0.00    0.50
17:55:47     all   46.62    0.00   21.55    0.00    0.00   31.83    0.00    0.00    0.00    0.00
17:55:48     all   46.63    0.00   18.70    0.00    0.00   34.16    0.00    0.00    0.00    0.50
17:55:49     all   47.50    0.00   19.25    0.00    0.00   33.00    0.00    0.00    0.00    0.25
17:55:50     all   44.22    0.00   22.11    0.00    0.00   33.17    0.00    0.00    0.00    0.50
17:55:51     all   45.89    0.00   22.44    0.00    0.00   31.67    0.00    0.00    0.00    0.00
17:55:52     all   44.14    0.00   22.19    0.00    0.00   33.67    0.00    0.00    0.00    0.00
17:55:53     all   43.78    0.00   19.40    0.00    0.00   36.07    0.00    0.00    0.00    0.75
17:55:54     all   46.37    0.00   20.30    0.00    0.00   32.83    0.00    0.00    0.00    0.50
17:55:55     all   46.80    0.00   21.67    0.00    0.00   31.53    0.00    0.00    0.00    0.00
17:55:56     all   43.86    0.00   21.30    0.00    0.00   34.84    0.00    0.00    0.00    0.00
17:55:57     all   45.89    0.00   20.70    0.00    0.00   33.17    0.00    0.00    0.00    0.25
17:55:58     all   44.25    0.00   20.50    0.00    0.00   35.25    0.00    0.00    0.00    0.00
17:55:59     all   45.11    0.00   20.80    0.00    0.00   33.83    0.00    0.00    0.00    0.25
17:56:00     all   46.13    0.00   21.95    0.00    0.00   31.67    0.00    0.00    0.00    0.25
17:56:01     all   49.38    0.00   19.70    0.00    0.00   30.92    0.00    0.00    0.00    0.00
17:56:02     all   48.03    0.00   18.72    0.00    0.00   33.25    0.00    0.00    0.00    0.00
17:56:03     all   48.09    0.00   19.34    0.00    0.00   32.57    0.00    0.00    0.00    0.00
17:56:04     all   46.52    0.00   21.64    0.00    0.00   31.84    0.00    0.00    0.00    0.00
17:56:05     all   46.50    0.00   19.75    0.00    0.00   33.50    0.00    0.00    0.00    0.25
17:56:06     all   46.00    0.00   20.75    0.00    0.00   33.25    0.00    0.00    0.00    0.00
17:56:07     all   47.25    0.00   21.50    0.00    0.00   31.00    0.00    0.00    0.00    0.25
17:56:08     all   47.76    0.00   21.64    0.00    0.00   30.35    0.00    0.00    0.00    0.25
17:56:09     all   42.61    0.00   23.31    0.00    0.00   34.09    0.00    0.00    0.00    0.00
17:56:10     all   44.11    0.00   23.06    0.00    0.00   32.83    0.00    0.00    0.00    0.00
17:56:11     all   45.77    0.00   19.90    0.00    0.00   34.33    0.00    0.00    0.00    0.00
17:56:12     all   44.72    0.00   20.85    0.00    0.00   34.17    0.00    0.00    0.00    0.25
17:56:13     all   47.28    0.00   22.52    0.00    0.00   29.95    0.00    0.00    0.00    0.25
17:56:14     all   49.00    0.00   20.65    0.00    0.00   30.10    0.00    0.00    0.00    0.25
17:56:15     all   46.37    0.00   21.05    0.00    0.00   32.58    0.00    0.00    0.00    0.00
17:56:16     all   45.25    0.00   21.50    0.00    0.00   33.25    0.00    0.00    0.00    0.00
17:56:17     all   44.11    0.00   23.06    0.00    0.00   32.83    0.00    0.00    0.00    0.00
17:56:18     all   43.28    0.00   23.38    0.00    0.00   33.33    0.00    0.00    0.00    0.00
17:56:19     all   46.27    0.00   22.39    0.00    0.00   31.09    0.00    0.00    0.00    0.25
17:56:20     all   48.99    0.00   21.86    0.00    0.00   29.15    0.00    0.00    0.00    0.00
17:56:21     all   47.88    0.00   22.44    0.00    0.00   29.68    0.00    0.00    0.00    0.00
17:56:22     all   43.18    0.00   25.06    0.00    0.00   31.27    0.00    0.00    0.00    0.50
17:56:23     all   45.36    0.00   23.06    0.00    0.00   31.58    0.00    0.00    0.00    0.00
17:56:24     all   43.89    0.00   23.44    0.00    0.00   32.67    0.00    0.00    0.00    0.00
17:56:25     all   43.39    0.00   24.44    0.00    0.00   32.17    0.00    0.00    0.00    0.00
17:56:26     all   44.14    0.00   23.69    0.00    0.00   32.17    0.00    0.00    0.00    0.00
17:56:27     all   45.61    0.00   24.31    0.00    0.00   30.08    0.00    0.00    0.00    0.00
17:56:28     all   44.89    0.00   23.44    0.00    0.00   31.67    0.00    0.00    0.00    0.00
17:56:29     all   44.86    0.00   24.56    0.00    0.00   30.58    0.00    0.00    0.00    0.00
17:56:30     all   45.27    0.00   21.89    0.00    0.00   32.84    0.00    0.00    0.00    0.00
17:56:31     all   46.12    0.00   23.81    0.00    0.00   30.08    0.00    0.00    0.00    0.00
17:56:32     all   45.14    0.00   22.19    0.00    0.00   32.67    0.00    0.00    0.00    0.00
17:56:33     all   44.89    0.00   24.69    0.00    0.00   30.42    0.00    0.00    0.00    0.00
17:56:34     all   43.53    0.00   24.63    0.00    0.00   31.84    0.00    0.00    0.00    0.00
17:56:35     all   43.18    0.00   23.82    0.00    0.00   32.51    0.00    0.00    0.00    0.50
17:56:36     all   43.58    0.00   22.42    0.00    0.00   34.01    0.00    0.00    0.00    0.00
17:56:37     all   44.14    0.00   25.44    0.00    0.00   30.42    0.00    0.00    0.00    0.00
17:56:38     all   43.64    0.00   23.69    0.00    0.00   32.67    0.00    0.00    0.00    0.00
17:56:39     all   42.61    0.00   25.81    0.00    0.00   31.58    0.00    0.00    0.00    0.00
17:56:40     all   43.53    0.00   24.88    0.00    0.00   31.59    0.00    0.00    0.00    0.00
17:56:41     all   43.00    0.00   24.25    0.00    0.00   32.25    0.00    0.00    0.00    0.50
17:56:42     all   43.07    0.00   25.25    0.00    0.00   31.68    0.00    0.00    0.00    0.00
17:56:43     all   43.11    0.00   23.31    0.00    0.00   33.58    0.00    0.00    0.00    0.00
17:56:44     all   45.39    0.00   24.94    0.00    0.00   29.43    0.00    0.00    0.00    0.25
17:56:45     all   46.23    0.00   23.87    0.00    0.00   29.90    0.00    0.00    0.00    0.00
17:56:46     all   43.78    0.00   26.62    0.00    0.00   29.60    0.00    0.00    0.00    0.00
17:56:47     all   46.48    0.00   23.12    0.00    0.00   30.40    0.00    0.00    0.00    0.00
17:56:48     all   45.75    0.00   23.25    0.00    0.00   31.00    0.00    0.00    0.00    0.00
17:56:49     all   43.75    0.00   24.75    0.00    0.00   31.50    0.00    0.00    0.00    0.00
17:56:50     all   42.14    0.00   25.19    0.00    0.00   32.67    0.00    0.00    0.00    0.00
17:56:51     all   43.25    0.00   23.75    0.00    0.00   32.75    0.00    0.00    0.00    0.25
17:56:52     all   43.81    0.00   25.00    0.00    0.00   31.19    0.00    0.00    0.00    0.00
17:56:53     all   43.72    0.00   25.63    0.00    0.00   30.65    0.00    0.00    0.00    0.00
17:56:54     all   42.33    0.00   25.74    0.00    0.00   31.68    0.00    0.00    0.00    0.25
17:56:55     all   40.99    0.00   25.43    0.00    0.00   33.58    0.00    0.00    0.00    0.00
17:56:56     all   43.25    0.00   24.25    0.00    0.00   32.50    0.00    0.00    0.00    0.00
17:56:57     all   42.11    0.00   24.81    0.00    0.00   33.08    0.00    0.00    0.00    0.00
17:56:58     all   44.97    0.00   24.37    0.00    0.00   30.65    0.00    0.00    0.00    0.00
17:56:59     all   42.47    0.00   24.20    0.00    0.00   33.33    0.00    0.00    0.00    0.00
17:57:00     all   44.08    0.00   23.93    0.00    0.00   31.99    0.00    0.00    0.00    0.00
17:57:01     all   43.03    0.00   25.12    0.00    0.00   31.59    0.00    0.00    0.00    0.25
17:57:02     all   44.00    0.00   23.75    0.00    0.00   32.25    0.00    0.00    0.00    0.00
17:57:03     all   42.89    0.00   25.69    0.00    0.00   31.42    0.00    0.00    0.00    0.00
17:57:04     all   42.86    0.00   25.31    0.00    0.00   31.33    0.00    0.00    0.00    0.50
17:57:05     all   43.25    0.00   24.50    0.00    0.00   32.25    0.00    0.00    0.00    0.00
17:57:06     all   43.28    0.00   22.64    0.00    0.00   34.08    0.00    0.00    0.00    0.00
17:57:07     all   43.22    0.00   25.13    0.00    0.00   31.66    0.00    0.00    0.00    0.00
17:57:08     all   41.79    0.00   25.87    0.00    0.00   32.34    0.00    0.00    0.00    0.00
17:57:09     all   42.71    0.00   24.37    0.00    0.00   32.91    0.00    0.00    0.00    0.00
17:57:10     all   43.32    0.00   25.00    0.00    0.00   31.19    0.00    0.00    0.00    0.50
17:57:11     all   44.14    0.00   22.69    0.00    0.00   33.17    0.00    0.00    0.00    0.00
17:57:12     all   42.86    0.00   26.32    0.00    0.00   30.83    0.00    0.00    0.00    0.00
17:57:13     all   44.61    0.00   24.81    0.00    0.00   30.58    0.00    0.00    0.00    0.00
17:57:14     all   43.14    0.00   22.44    0.00    0.00   34.41    0.00    0.00    0.00    0.00
17:57:15     all   43.14    0.00   24.94    0.00    0.00   31.92    0.00    0.00    0.00    0.00
17:57:16     all   43.67    0.00   23.82    0.00    0.00   32.51    0.00    0.00    0.00    0.00
17:57:17     all   42.86    0.00   23.56    0.00    0.00   33.33    0.00    0.00    0.00    0.25
17:57:18     all   44.14    0.00   23.94    0.00    0.00   31.92    0.00    0.00    0.00    0.00
17:57:19     all   44.06    0.00   24.75    0.00    0.00   30.20    0.00    0.00    0.00    0.99
17:57:20     all   45.89    0.00   24.44    0.00    0.00   29.68    0.00    0.00    0.00    0.00
17:57:21     all   45.89    0.00   24.44    0.00    0.00   29.68    0.00    0.00    0.00    0.00
17:57:22     all   46.10    0.00   23.17    0.00    0.00   30.73    0.00    0.00    0.00    0.00
17:57:23     all   46.77    0.00   21.64    0.00    0.00   31.59    0.00    0.00    0.00    0.00
17:57:24     all   49.50    0.00   21.25    0.00    0.00   29.00    0.00    0.00    0.00    0.25
17:57:25     all   46.73    0.00   22.11    0.00    0.00   30.90    0.00    0.00    0.00    0.25
17:57:26     all   46.62    0.00   22.06    0.00    0.00   31.33    0.00    0.00    0.00    0.00
17:57:27     all   43.53    0.00   24.63    0.00    0.00   31.34    0.00    0.00    0.00    0.50
17:57:28     all   44.28    0.00   24.88    0.00    0.00   30.85    0.00    0.00    0.00    0.00
17:57:29     all   44.53    0.00   23.38    0.00    0.00   32.09    0.00    0.00    0.00    0.00
17:57:30     all   46.60    0.00   23.68    0.00    0.00   29.72    0.00    0.00    0.00    0.00
17:57:31     all   45.25    0.00   24.75    0.00    0.00   30.00    0.00    0.00    0.00    0.00
17:57:32     all   43.56    0.00   23.51    0.00    0.00   32.92    0.00    0.00    0.00    0.00
17:57:33     all   41.96    0.00   24.37    0.00    0.00   33.67    0.00    0.00    0.00    0.00
17:57:34     all   43.14    0.00   23.94    0.00    0.00   32.67    0.00    0.00    0.00    0.25
17:57:35     all   43.39    0.00   25.69    0.00    0.00   30.92    0.00    0.00    0.00    0.00
17:57:36     all   42.61    0.00   25.56    0.00    0.00   31.83    0.00    0.00    0.00    0.00
17:57:37     all   42.04    0.00   23.88    0.00    0.00   34.08    0.00    0.00    0.00    0.00
17:57:38     all   42.50    0.00   25.50    0.00    0.00   32.00    0.00    0.00    0.00    0.00
17:57:39     all   44.00    0.00   24.00    0.00    0.00   32.00    0.00    0.00    0.00    0.00
17:57:40     all   43.00    0.00   24.75    0.00    0.00   32.25    0.00    0.00    0.00    0.00
17:57:41     all   42.33    0.00   25.00    0.00    0.00   32.67    0.00    0.00    0.00    0.00
17:57:42     all   41.40    0.00   26.68    0.00    0.00   31.92    0.00    0.00    0.00    0.00
17:57:43     all   43.36    0.00   24.31    0.00    0.00   32.33    0.00    0.00    0.00    0.00
17:57:44     all   48.75    0.00   23.00    0.00    0.00   28.25    0.00    0.00    0.00    0.00
17:57:45     all   47.88    0.00   24.19    0.00    0.00   27.68    0.00    0.00    0.00    0.25
17:57:46     all   47.88    0.00   23.94    0.00    0.00   28.18    0.00    0.00    0.00    0.00
17:57:47     all   47.51    0.00   23.88    0.00    0.00   28.61    0.00    0.00    0.00    0.00
17:57:48     all   47.28    0.00   23.02    0.00    0.00   29.70    0.00    0.00    0.00    0.00
17:57:49     all   46.37    0.00   25.31    0.00    0.00   28.32    0.00    0.00    0.00    0.00
17:57:50     all   46.17    0.00   22.96    0.00    0.00   30.62    0.00    0.00    0.00    0.25
17:57:51     all   43.25    0.00   25.00    0.00    0.00   31.75    0.00    0.00    0.00    0.00
17:57:52     all   43.72    0.00   25.38    0.00    0.00   30.90    0.00    0.00    0.00    0.00
17:57:53     all   41.79    0.00   26.37    0.00    0.00   31.84    0.00    0.00    0.00    0.00
17:57:54     all   42.14    0.00   24.44    0.00    0.00   33.42    0.00    0.00    0.00    0.00
17:57:55     all   42.39    0.00   27.18    0.00    0.00   30.42    0.00    0.00    0.00    0.00
17:57:56     all   45.50    0.00   24.50    0.00    0.00   30.00    0.00    0.00    0.00    0.00
17:57:57     all   45.73    0.00   24.62    0.00    0.00   29.65    0.00    0.00    0.00    0.00
17:57:58     all   42.82    0.00   24.01    0.00    0.00   33.17    0.00    0.00    0.00    0.00
17:57:59     all   43.70    0.00   24.44    0.00    0.00   31.85    0.00    0.00    0.00    0.00
17:58:00     all   43.64    0.00   25.94    0.00    0.00   30.42    0.00    0.00    0.00    0.00
17:58:01     all   43.75    0.00   24.25    0.00    0.00   31.75    0.00    0.00    0.00    0.25
17:58:02     all   45.02    0.00   23.88    0.00    0.00   31.09    0.00    0.00    0.00    0.00
17:58:03     all   43.50    0.00   25.50    0.00    0.00   31.00    0.00    0.00    0.00    0.00
17:58:04     all   44.47    0.00   24.62    0.00    0.00   30.90    0.00    0.00    0.00    0.00
17:58:05     all   44.39    0.00   24.44    0.00    0.00   31.17    0.00    0.00    0.00    0.00
17:58:06     all   43.75    0.00   24.25    0.00    0.00   31.75    0.00    0.00    0.00    0.25
17:58:07     all   43.03    0.00   25.12    0.00    0.00   31.84    0.00    0.00    0.00    0.00
17:58:08     all   42.11    0.00   25.31    0.00    0.00   32.58    0.00    0.00    0.00    0.00
17:58:09     all   42.61    0.00   26.32    0.00    0.00   31.08    0.00    0.00    0.00    0.00
17:58:10     all   43.28    0.00   25.37    0.00    0.00   31.34    0.00    0.00    0.00    0.00
17:58:11     all   44.11    0.00   23.31    0.00    0.00   32.33    0.00    0.00    0.00    0.25
17:58:12     all   43.25    0.00   24.75    0.00    0.00   31.75    0.00    0.00    0.00    0.25
17:58:13     all   41.54    0.00   24.38    0.00    0.00   33.83    0.00    0.00    0.00    0.25
17:58:14     all   42.75    0.00   24.75    0.00    0.00   32.50    0.00    0.00    0.00    0.00
17:58:15     all   43.25    0.00   25.25    0.00    0.00   31.50    0.00    0.00    0.00    0.00
17:58:16     all   43.89    0.00   23.94    0.00    0.00   32.17    0.00    0.00    0.00    0.00
17:58:17     all   44.22    0.00   24.12    0.00    0.00   31.66    0.00    0.00    0.00    0.00
17:58:18     all   43.00    0.00   23.50    0.00    0.00   33.50    0.00    0.00    0.00    0.00
17:58:19     all   46.52    0.00   23.88    0.00    0.00   29.60    0.00    0.00    0.00    0.00
17:58:20     all   44.89    0.00   23.19    0.00    0.00   31.92    0.00    0.00    0.00    0.00
17:58:21     all   45.79    0.00   23.51    0.00    0.00   30.45    0.00    0.00    0.00    0.25
17:58:22     all   46.84    0.00   24.05    0.00    0.00   29.11    0.00    0.00    0.00    0.00
17:58:23     all   45.16    0.00   22.83    0.00    0.00   32.01    0.00    0.00    0.00    0.00
17:58:24     all   45.50    0.00   24.25    0.00    0.00   30.25    0.00    0.00    0.00    0.00
17:58:25     all   43.64    0.00   23.69    0.00    0.00   32.42    0.00    0.00    0.00    0.25
17:58:26     all   42.68    0.00   23.57    0.00    0.00   33.75    0.00    0.00    0.00    0.00
17:58:27     all   43.00    0.00   23.00    0.00    0.00   34.00    0.00    0.00    0.00    0.00
17:58:28     all   43.21    0.00   24.69    0.00    0.00   32.10    0.00    0.00    0.00    0.00
17:58:29     all   43.14    0.00   24.19    0.00    0.00   32.67    0.00    0.00    0.00    0.00
17:58:30     all   42.71    0.00   24.87    0.00    0.00   32.41    0.00    0.00    0.00    0.00
17:58:31     all   42.22    0.00   25.19    0.00    0.00   32.35    0.00    0.00    0.00    0.25
17:58:32     all   44.11    0.00   23.81    0.00    0.00   32.08    0.00    0.00    0.00    0.00
17:58:33     all   42.89    0.00   24.69    0.00    0.00   32.42    0.00    0.00    0.00    0.00
17:58:34     all   43.25    0.00   22.25    0.00    0.00   34.25    0.00    0.00    0.00    0.25
17:58:35     all   43.86    0.00   23.31    0.00    0.00   32.83    0.00    0.00    0.00    0.00
17:58:36     all   43.97    0.00   24.12    0.00    0.00   31.91    0.00    0.00    0.00    0.00
17:58:37     all   42.00    0.00   25.00    0.00    0.00   33.00    0.00    0.00    0.00    0.00
17:58:38     all   43.00    0.00   27.25    0.00    0.00   29.75    0.00    0.00    0.00    0.00
17:58:39     all   46.88    0.00   21.95    0.00    0.00   30.92    0.00    0.00    0.00    0.25
17:58:40     all   47.52    0.00   22.03    0.00    0.00   29.95    0.00    0.00    0.00    0.50
17:58:41     all   47.49    0.00   22.11    0.00    0.00   30.40    0.00    0.00    0.00    0.00
17:58:42     all   42.43    0.00   25.06    0.00    0.00   32.51    0.00    0.00    0.00    0.00
17:58:43     all   43.64    0.00   24.94    0.00    0.00   31.42    0.00    0.00    0.00    0.00
17:58:44     all   44.39    0.00   23.94    0.00    0.00   31.67    0.00    0.00    0.00    0.00
17:58:45     all   42.61    0.00   23.06    0.00    0.00   34.34    0.00    0.00    0.00    0.00
17:58:46     all   43.89    0.00   24.94    0.00    0.00   31.17    0.00    0.00    0.00    0.00
17:58:47     all   43.25    0.00   25.00    0.00    0.00   31.75    0.00    0.00    0.00    0.00
17:58:48     all   44.42    0.00   23.57    0.00    0.00   32.01    0.00    0.00    0.00    0.00
17:58:49     all   47.12    0.00   21.80    0.00    0.00   30.83    0.00    0.00    0.00    0.25
17:58:50     all   47.24    0.00   24.37    0.00    0.00   28.39    0.00    0.00    0.00    0.00
17:58:51     all   48.13    0.00   22.44    0.00    0.00   29.43    0.00    0.00    0.00    0.00
17:58:52     all   44.47    0.00   24.62    0.00    0.00   30.90    0.00    0.00    0.00    0.00
17:58:53     all   43.92    0.00   25.56    0.00    0.00   30.52    0.00    0.00    0.00    0.00
17:58:54     all   42.64    0.00   24.19    0.00    0.00   33.17    0.00    0.00    0.00    0.00
17:58:55     all   42.61    0.00   24.81    0.00    0.00   32.58    0.00    0.00    0.00    0.00
17:58:56     all   42.82    0.00   24.26    0.00    0.00   32.67    0.00    0.00    0.00    0.25
17:58:57     all   42.89    0.00   24.94    0.00    0.00   32.17    0.00    0.00    0.00    0.00
17:58:58     all   43.97    0.00   24.37    0.00    0.00   31.66    0.00    0.00    0.00    0.00
17:58:59     all   42.29    0.00   25.37    0.00    0.00   32.34    0.00    0.00    0.00    0.00
17:59:00     all   43.86    0.00   23.06    0.00    0.00   33.08    0.00    0.00    0.00    0.00
17:59:01     all   42.14    0.00   25.44    0.00    0.00   32.42    0.00    0.00    0.00    0.00
17:59:02     all   41.85    0.00   25.06    0.00    0.00   33.08    0.00    0.00    0.00    0.00
17:59:03     all   43.75    0.00   24.75    0.00    0.00   31.50    0.00    0.00    0.00    0.00
17:59:04     all   45.02    0.00   24.63    0.00    0.00   30.10    0.00    0.00    0.00    0.25
17:59:05     all   43.47    0.00   25.13    0.00    0.00   31.41    0.00    0.00    0.00    0.00
17:59:06     all   43.75    0.00   24.00    0.00    0.00   32.00    0.00    0.00    0.00    0.25
17:59:07     all   41.40    0.00   24.44    0.00    0.00   34.16    0.00    0.00    0.00    0.00
17:59:08     all   42.89    0.00   24.94    0.00    0.00   32.17    0.00    0.00    0.00    0.00
17:59:09     all   43.39    0.00   23.69    0.00    0.00   32.92    0.00    0.00    0.00    0.00
17:59:10     all   45.00    0.00   23.25    0.00    0.00   31.75    0.00    0.00    0.00    0.00
17:59:11     all   44.17    0.00   23.57    0.00    0.00   32.01    0.00    0.00    0.00    0.25
17:59:12     all   45.61    0.00   24.31    0.00    0.00   30.08    0.00    0.00    0.00    0.00
17:59:13     all   46.75    0.00   23.50    0.00    0.00   29.75    0.00    0.00    0.00    0.00
17:59:14     all   47.51    0.00   22.39    0.00    0.00   29.60    0.00    0.00    0.00    0.50
17:59:15     all   46.37    0.00   23.06    0.00    0.00   30.58    0.00    0.00    0.00    0.00
17:59:16     all   42.54    0.00   24.88    0.00    0.00   32.59    0.00    0.00    0.00    0.00
17:59:17     all   42.89    0.00   26.68    0.00    0.00   30.42    0.00    0.00    0.00    0.00
17:59:18     all   48.37    0.00   23.06    0.00    0.00   28.57    0.00    0.00    0.00    0.00
17:59:19     all   46.50    0.00   20.75    0.00    0.00   32.25    0.00    0.00    0.00    0.50
17:59:20     all   42.79    0.00   24.63    0.00    0.00   32.59    0.00    0.00    0.00    0.00
17:59:21     all   43.64    0.00   25.69    0.00    0.00   30.67    0.00    0.00    0.00    0.00
17:59:22     all   42.86    0.00   23.56    0.00    0.00   33.33    0.00    0.00    0.00    0.25
17:59:23     all   45.64    0.00   23.19    0.00    0.00   31.17    0.00    0.00    0.00    0.00
17:59:24     all   43.92    0.00   23.33    0.00    0.00   32.75    0.00    0.00    0.00    0.00
17:59:25     all   44.84    0.00   25.19    0.00    0.00   29.97    0.00    0.00    0.00    0.00
17:59:26     all   43.28    0.00   23.88    0.00    0.00   32.84    0.00    0.00    0.00    0.00
17:59:27     all   43.61    0.00   25.06    0.00    0.00   31.33    0.00    0.00    0.00    0.00
17:59:28     all   43.78    0.00   23.63    0.00    0.00   32.34    0.00    0.00    0.00    0.25
17:59:29     all   43.89    0.00   23.69    0.00    0.00   32.42    0.00    0.00    0.00    0.00
17:59:30     all   42.04    0.00   25.62    0.00    0.00   32.34    0.00    0.00    0.00    0.00
17:59:31     all   42.75    0.00   24.75    0.00    0.00   32.50    0.00    0.00    0.00    0.00
17:59:32     all   43.00    0.00   24.00    0.00    0.00   33.00    0.00    0.00    0.00    0.00
17:59:33     all   42.50    0.00   23.50    0.00    0.00   34.00    0.00    0.00    0.00    0.00
17:59:34     all   44.25    0.00   25.00    0.00    0.00   30.75    0.00    0.00    0.00    0.00
17:59:35     all   44.78    0.00   25.12    0.00    0.00   29.35    0.00    0.00    0.00    0.75
17:59:36     all   43.94    0.00   24.75    0.00    0.00   31.31    0.00    0.00    0.00    0.00
17:59:37     all   44.91    0.00   23.08    0.00    0.00   32.01    0.00    0.00    0.00    0.00
17:59:38     all   42.25    0.00   26.00    0.00    0.00   31.75    0.00    0.00    0.00    0.00
17:59:39     all   43.72    0.00   24.62    0.00    0.00   31.66    0.00    0.00    0.00    0.00
17:59:40     all   42.18    0.00   24.07    0.00    0.00   33.75    0.00    0.00    0.00    0.00
17:59:41     all   43.58    0.00   22.92    0.00    0.00   33.50    0.00    0.00    0.00    0.00
17:59:42     all   44.44    0.00   23.21    0.00    0.00   30.62    0.00    0.00    0.00    1.73
17:59:43     all   43.22    0.00   26.63    0.00    0.00   30.15    0.00    0.00    0.00    0.00
17:59:44     all   43.61    0.00   26.07    0.00    0.00   30.33    0.00    0.00    0.00    0.00
17:59:45     all   43.89    0.00   22.19    0.00    0.00   33.67    0.00    0.00    0.00    0.25
17:59:46     all   44.36    0.00   23.31    0.00    0.00   32.33    0.00    0.00    0.00    0.00
17:59:47     all   43.28    0.00   24.13    0.00    0.00   32.34    0.00    0.00    0.00    0.25
17:59:48     all   42.79    0.00   25.12    0.00    0.00   32.09    0.00    0.00    0.00    0.00
17:59:49     all   42.64    0.00   24.19    0.00    0.00   33.17    0.00    0.00    0.00    0.00
17:59:50     all   44.58    0.00   23.93    0.00    0.00   31.49    0.00    0.00    0.00    0.00
17:59:51     all   43.18    0.00   25.06    0.00    0.00   31.76    0.00    0.00    0.00    0.00
17:59:52     all   43.00    0.00   25.00    0.00    0.00   32.00    0.00    0.00    0.00    0.00
17:59:53     all   43.78    0.00   22.39    0.00    0.00   33.58    0.00    0.00    0.00    0.25
17:59:54     all   46.00    0.00   22.25    0.00    0.00   31.75    0.00    0.00    0.00    0.00
17:59:55     all   46.77    0.00   22.89    0.00    0.00   30.35    0.00    0.00    0.00    0.00
17:59:56     all   46.63    0.00   22.19    0.00    0.00   31.17    0.00    0.00    0.00    0.00
17:59:57     all   51.01    0.00   22.86    0.00    0.00   26.13    0.00    0.00    0.00    0.00
17:59:58     all   47.75    0.00   20.75    0.00    0.00   31.50    0.00    0.00    0.00    0.00
17:59:59     all   48.39    0.00   23.08    0.00    0.00   28.54    0.00    0.00    0.00    0.00
18:00:00     all   45.98    0.00   22.36    0.00    0.00   31.41    0.00    0.00    0.00    0.25
18:00:01     all   45.00    0.00   24.50    0.00    0.00   30.50    0.00    0.00    0.00    0.00
18:00:02     all   44.64    0.00   24.19    0.00    0.00   31.17    0.00    0.00    0.00    0.00
18:00:03     all   45.27    0.00   22.14    0.00    0.00   32.34    0.00    0.00    0.00    0.25
18:00:04     all   45.39    0.00   23.19    0.00    0.00   31.42    0.00    0.00    0.00    0.00
18:00:05     all   44.78    0.00   23.63    0.00    0.00   31.59    0.00    0.00    0.00    0.00
18:00:06     all   45.39    0.00   23.44    0.00    0.00   31.17    0.00    0.00    0.00    0.00
18:00:07     all   47.24    0.00   22.36    0.00    0.00   30.40    0.00    0.00    0.00    0.00
18:00:08     all   46.02    0.00   23.88    0.00    0.00   30.10    0.00    0.00    0.00    0.00
18:00:09     all   45.41    0.00   23.82    0.00    0.00   30.77    0.00    0.00    0.00    0.00
18:00:10     all   44.50    0.00   24.50    0.00    0.00   31.00    0.00    0.00    0.00    0.00
18:00:11     all   43.28    0.00   24.13    0.00    0.00   32.59    0.00    0.00    0.00    0.00
18:00:12     all   43.50    0.00   24.75    0.00    0.00   31.75    0.00    0.00    0.00    0.00
18:00:13     all   43.50    0.00   23.50    0.00    0.00   33.00    0.00    0.00    0.00    0.00
18:00:14     all   42.64    0.00   25.94    0.00    0.00   31.42    0.00    0.00    0.00    0.00
18:00:15     all   43.11    0.00   23.31    0.00    0.00   33.58    0.00    0.00    0.00    0.00
18:00:16     all   42.61    0.00   24.06    0.00    0.00   33.33    0.00    0.00    0.00    0.00
18:00:17     all   43.67    0.00   24.81    0.00    0.00   31.51    0.00    0.00    0.00    0.00
18:00:18     all   43.72    0.00   24.12    0.00    0.00   32.16    0.00    0.00    0.00    0.00
18:00:19     all   41.29    0.00   24.63    0.00    0.00   34.08    0.00    0.00    0.00    0.00
18:00:20     all   44.64    0.00   25.69    0.00    0.00   29.68    0.00    0.00    0.00    0.00
18:00:21     all   43.18    0.00   23.57    0.00    0.00   33.25    0.00    0.00    0.00    0.00
18:00:22     all   42.71    0.00   24.87    0.00    0.00   32.41    0.00    0.00    0.00    0.00
18:00:23     all   43.00    0.00   23.00    0.00    0.00   34.00    0.00    0.00    0.00    0.00
18:00:24     all   43.89    0.00   23.44    0.00    0.00   32.67    0.00    0.00    0.00    0.00
18:00:25     all   43.18    0.00   25.06    0.00    0.00   31.76    0.00    0.00    0.00    0.00
18:00:26     all   44.47    0.00   24.62    0.00    0.00   30.90    0.00    0.00    0.00    0.00
18:00:27     all   42.75    0.00   22.50    0.00    0.00   34.75    0.00    0.00    0.00    0.00
18:00:28     all   43.14    0.00   24.44    0.00    0.00   32.42    0.00    0.00    0.00    0.00
18:00:29     all   44.14    0.00   24.19    0.00    0.00   31.67    0.00    0.00    0.00    0.00
18:00:30     all   42.61    0.00   25.31    0.00    0.00   32.08    0.00    0.00    0.00    0.00
18:00:31     all   43.14    0.00   22.94    0.00    0.00   33.92    0.00    0.00    0.00    0.00
18:00:32     all   43.89    0.00   23.69    0.00    0.00   32.42    0.00    0.00    0.00    0.00
18:00:33     all   43.97    0.00   24.62    0.00    0.00   31.41    0.00    0.00    0.00    0.00
18:00:34     all   43.14    0.00   22.69    0.00    0.00   34.16    0.00    0.00    0.00    0.00
18:00:35     all   43.89    0.00   24.44    0.00    0.00   31.67    0.00    0.00    0.00    0.00
18:00:36     all   45.50    0.00   23.00    0.00    0.00   31.00    0.00    0.00    0.00    0.50
18:00:37     all   43.28    0.00   23.88    0.00    0.00   32.84    0.00    0.00    0.00    0.00
18:00:38     all   43.89    0.00   25.69    0.00    0.00   30.42    0.00    0.00    0.00    0.00
18:00:39     all   42.36    0.00   23.06    0.00    0.00   34.59    0.00    0.00    0.00    0.00
18:00:40     all   43.61    0.00   23.31    0.00    0.00   33.08    0.00    0.00    0.00    0.00
18:00:41     all   43.39    0.00   24.19    0.00    0.00   32.42    0.00    0.00    0.00    0.00
18:00:42     all   43.95    0.00   23.95    0.00    0.00   32.10    0.00    0.00    0.00    0.00
18:00:43     all   45.02    0.00   24.88    0.00    0.00   30.10    0.00    0.00    0.00    0.00
18:00:44     all   45.23    0.00   22.36    0.00    0.00   32.41    0.00    0.00    0.00    0.00
18:00:46     all   42.79    0.00   23.88    0.00    0.00   33.33    0.00    0.00    0.00    0.00
18:00:47     all   44.00    0.00   24.50    0.00    0.00   31.50    0.00    0.00    0.00    0.00
18:00:48     all   46.50    0.00   21.50    0.00    0.00   32.00    0.00    0.00    0.00    0.00
18:00:49     all   43.78    0.00   23.88    0.00    0.00   32.34    0.00    0.00    0.00    0.00
18:00:50     all   46.12    0.00   23.56    0.00    0.00   30.33    0.00    0.00    0.00    0.00
18:00:51     all   46.25    0.00   24.50    0.00    0.00   29.25    0.00    0.00    0.00    0.00
18:00:52     all   43.25    0.00   21.25    0.00    0.00   35.25    0.00    0.00    0.00    0.25
18:00:53     all   43.32    0.00   25.44    0.00    0.00   31.23    0.00    0.00    0.00    0.00
18:00:54     all   43.14    0.00   24.19    0.00    0.00   32.67    0.00    0.00    0.00    0.00
18:00:55     all   43.64    0.00   23.94    0.00    0.00   32.42    0.00    0.00    0.00    0.00
18:00:56     all   42.43    0.00   25.56    0.00    0.00   32.01    0.00    0.00    0.00    0.00
18:00:57     all   43.50    0.00   24.50    0.00    0.00   32.00    0.00    0.00    0.00    0.00
18:00:58     all   45.73    0.00   23.87    0.00    0.00   30.40    0.00    0.00    0.00    0.00
18:00:59     all   47.76    0.00   21.64    0.00    0.00   30.60    0.00    0.00    0.00    0.00
18:01:00     all   49.75    0.00   20.40    0.00    0.00   29.60    0.00    0.00    0.00    0.25
18:01:01     all   51.25    0.00   21.75    0.00    0.00   27.00    0.00    0.00    0.00    0.00
18:01:02     all   47.03    0.00   22.28    0.00    0.00   30.69    0.00    0.00    0.00    0.00
18:01:03     all   45.50    0.00   22.50    0.00    0.00   31.75    0.00    0.00    0.00    0.25
18:01:04     all   44.36    0.00   23.31    0.00    0.00   32.33    0.00    0.00    0.00    0.00
18:01:05     all   43.42    0.00   24.07    0.00    0.00   32.51    0.00    0.00    0.00    0.00
18:01:06     all   43.00    0.00   23.50    0.00    0.00   33.50    0.00    0.00    0.00    0.00
18:01:07     all   42.11    0.00   23.56    0.00    0.00   33.58    0.00    0.00    0.00    0.75
18:01:08     all   44.80    0.00   23.76    0.00    0.00   31.44    0.00    0.00    0.00    0.00
18:01:09     all   43.25    0.00   24.75    0.00    0.00   32.00    0.00    0.00    0.00    0.00
18:01:10     all   43.39    0.00   23.44    0.00    0.00   33.17    0.00    0.00    0.00    0.00
18:01:11     all   44.11    0.00   23.81    0.00    0.00   32.08    0.00    0.00    0.00    0.00
18:01:12     all   44.28    0.00   24.13    0.00    0.00   31.09    0.00    0.00    0.00    0.50
18:01:13     all   45.00    0.00   25.00    0.00    0.00   30.00    0.00    0.00    0.00    0.00
18:01:14     all   48.87    0.00   24.81    0.00    0.00   26.32    0.00    0.00    0.00    0.00
18:01:15     all   47.88    0.00   22.69    0.00    0.00   29.43    0.00    0.00    0.00    0.00
18:01:16     all   44.72    0.00   23.62    0.00    0.00   31.66    0.00    0.00    0.00    0.00
18:01:17     all   47.39    0.00   22.33    0.00    0.00   30.27    0.00    0.00    0.00    0.00
18:01:18     all   48.13    0.00   23.69    0.00    0.00   28.18    0.00    0.00    0.00    0.00
18:01:19     all   47.12    0.00   23.31    0.00    0.00   29.57    0.00    0.00    0.00    0.00
18:01:20     all   43.28    0.00   24.38    0.00    0.00   32.34    0.00    0.00    0.00    0.00
18:01:21     all   42.86    0.00   25.06    0.00    0.00   32.08    0.00    0.00    0.00    0.00
18:01:22     all   43.78    0.00   23.88    0.00    0.00   32.34    0.00    0.00    0.00    0.00
18:01:23     all   42.25    0.00   24.75    0.00    0.00   33.00    0.00    0.00    0.00    0.00
18:01:24     all   42.82    0.00   23.43    0.00    0.00   33.75    0.00    0.00    0.00    0.00
18:01:25     all   44.28    0.00   23.88    0.00    0.00   31.84    0.00    0.00    0.00    0.00
18:01:26     all   45.64    0.00   24.94    0.00    0.00   29.43    0.00    0.00    0.00    0.00
18:01:27     all   44.89    0.00   23.69    0.00    0.00   31.42    0.00    0.00    0.00    0.00
18:01:28     all   43.75    0.00   23.00    0.00    0.00   33.25    0.00    0.00    0.00    0.00
18:01:29     all   43.28    0.00   24.88    0.00    0.00   31.84    0.00    0.00    0.00    0.00
18:01:30     all   42.86    0.00   25.91    0.00    0.00   31.23    0.00    0.00    0.00    0.00
18:01:31     all   43.41    0.00   23.90    0.00    0.00   32.68    0.00    0.00    0.00    0.00
18:01:32     all   43.75    0.00   24.00    0.00    0.00   32.25    0.00    0.00    0.00    0.00
18:01:33     all   41.69    0.00   23.57    0.00    0.00   33.25    0.00    0.00    0.00    1.49
18:01:34     all   43.89    0.00   24.19    0.00    0.00   31.92    0.00    0.00    0.00    0.00
18:01:35     all   42.75    0.00   24.50    0.00    0.00   32.75    0.00    0.00    0.00    0.00
18:01:36     all   44.42    0.00   24.07    0.00    0.00   31.51    0.00    0.00    0.00    0.00
18:01:37     all   41.60    0.00   24.81    0.00    0.00   33.58    0.00    0.00    0.00    0.00
18:01:38     all   44.14    0.00   24.19    0.00    0.00   31.67    0.00    0.00    0.00    0.00
18:01:39     all   44.00    0.00   25.00    0.00    0.00   31.00    0.00    0.00    0.00    0.00
18:01:40     all   42.39    0.00   26.18    0.00    0.00   31.42    0.00    0.00    0.00    0.00
18:01:41     all   43.36    0.00   23.81    0.00    0.00   32.83    0.00    0.00    0.00    0.00
18:01:42     all   41.00    0.00   25.00    0.00    0.00   34.00    0.00    0.00    0.00    0.00
18:01:43     all   43.42    0.00   24.81    0.00    0.00   31.76    0.00    0.00    0.00    0.00
18:01:44     all   43.22    0.00   23.62    0.00    0.00   33.17    0.00    0.00    0.00    0.00
18:01:45     all   43.00    0.00   24.75    0.00    0.00   32.25    0.00    0.00    0.00    0.00
18:01:46     all   43.61    0.00   26.32    0.00    0.00   30.08    0.00    0.00    0.00    0.00
18:01:47     all   43.07    0.00   24.26    0.00    0.00   32.67    0.00    0.00    0.00    0.00
18:01:48     all   44.08    0.00   23.93    0.00    0.00   31.74    0.00    0.00    0.00    0.25
18:01:49     all   43.39    0.00   23.94    0.00    0.00   32.67    0.00    0.00    0.00    0.00
18:01:50     all   40.00    0.00   25.75    0.00    0.00   34.25    0.00    0.00    0.00    0.00
18:01:51     all   42.68    0.00   25.56    0.00    0.00   31.76    0.00    0.00    0.00    0.00
18:01:52     all   42.29    0.00   24.63    0.00    0.00   33.08    0.00    0.00    0.00    0.00
18:01:53     all   43.86    0.00   22.81    0.00    0.00   33.33    0.00    0.00    0.00    0.00
18:01:54     all   42.00    0.00   25.50    0.00    0.00   32.50    0.00    0.00    0.00    0.00
18:01:55     all   46.00    0.00   26.25    0.00    0.00   27.75    0.00    0.00    0.00    0.00
18:01:56     all   45.14    0.00   22.94    0.00    0.00   31.92    0.00    0.00    0.00    0.00
18:01:57     all   45.75    0.00   22.75    0.00    0.00   31.50    0.00    0.00    0.00    0.00
18:01:58     all   45.14    0.00   24.69    0.00    0.00   30.17    0.00    0.00    0.00    0.00
18:01:59     all   45.81    0.00   22.91    0.00    0.00   31.28    0.00    0.00    0.00    0.00
18:02:00     all   45.98    0.00   24.12    0.00    0.00   29.90    0.00    0.00    0.00    0.00
18:02:01     all   42.89    0.00   23.44    0.00    0.00   33.67    0.00    0.00    0.00    0.00
18:02:02     all   44.14    0.00   23.94    0.00    0.00   31.92    0.00    0.00    0.00    0.00
18:02:03     all   45.36    0.00   23.81    0.00    0.00   30.83    0.00    0.00    0.00    0.00
18:02:04     all   46.13    0.00   22.69    0.00    0.00   31.17    0.00    0.00    0.00    0.00
18:02:05     all   46.02    0.00   24.13    0.00    0.00   29.85    0.00    0.00    0.00    0.00
18:02:06     all   45.10    0.00   23.53    0.00    0.00   31.37    0.00    0.00    0.00    0.00
18:02:07     all   42.25    0.00   25.50    0.00    0.00   32.25    0.00    0.00    0.00    0.00
18:02:08     all   43.00    0.00   24.25    0.00    0.00   32.75    0.00    0.00    0.00    0.00
18:02:09     all   45.27    0.00   24.38    0.00    0.00   30.35    0.00    0.00    0.00    0.00
18:02:10     all   42.25    0.00   24.25    0.00    0.00   33.25    0.00    0.00    0.00    0.25
18:02:11     all   43.18    0.00   22.58    0.00    0.00   34.24    0.00    0.00    0.00    0.00
18:02:12     all   43.47    0.00   24.37    0.00    0.00   31.91    0.00    0.00    0.00    0.25
18:02:13     all   48.74    0.00   22.61    0.00    0.00   28.64    0.00    0.00    0.00    0.00
18:02:14     all   48.51    0.00   22.89    0.00    0.00   28.61    0.00    0.00    0.00    0.00
18:02:15     all   44.39    0.00   22.44    0.00    0.00   32.92    0.00    0.00    0.00    0.25
18:02:16     all   43.14    0.00   25.94    0.00    0.00   30.92    0.00    0.00    0.00    0.00
18:02:17     all   43.50    0.00   24.00    0.00    0.00   32.50    0.00    0.00    0.00    0.00
18:02:18     all   42.07    0.00   22.92    0.00    0.00   35.01    0.00    0.00    0.00    0.00
18:02:19     all   43.03    0.00   22.64    0.00    0.00   34.33    0.00    0.00    0.00    0.00
18:02:20     all   42.82    0.00   24.26    0.00    0.00   32.92    0.00    0.00    0.00    0.00
18:02:21     all   43.97    0.00   25.63    0.00    0.00   30.40    0.00    0.00    0.00    0.00
18:02:22     all   44.14    0.00   25.19    0.00    0.00   30.42    0.00    0.00    0.00    0.25
18:02:23     all   43.64    0.00   21.70    0.00    0.00   34.66    0.00    0.00    0.00    0.00
18:02:24     all   42.54    0.00   24.88    0.00    0.00   32.59    0.00    0.00    0.00    0.00
18:02:25     all   43.58    0.00   22.67    0.00    0.00   33.75    0.00    0.00    0.00    0.00
18:02:26     all   46.42    0.00   23.95    0.00    0.00   29.63    0.00    0.00    0.00    0.00
18:02:27     all   49.37    0.00   21.66    0.00    0.00   28.97    0.00    0.00    0.00    0.00
18:02:28     all   45.77    0.00   23.38    0.00    0.00   30.85    0.00    0.00    0.00    0.00
18:02:29     all   44.39    0.00   23.44    0.00    0.00   32.17    0.00    0.00    0.00    0.00
18:02:30     all   43.39    0.00   24.94    0.00    0.00   31.67    0.00    0.00    0.00    0.00
18:02:31     all   43.25    0.00   24.25    0.00    0.00   32.50    0.00    0.00    0.00    0.00
18:02:32     all   42.25    0.00   24.50    0.00    0.00   33.25    0.00    0.00    0.00    0.00
18:02:33     all   43.25    0.00   23.75    0.00    0.00   33.00    0.00    0.00    0.00    0.00
18:02:34     all   43.39    0.00   24.69    0.00    0.00   31.92    0.00    0.00    0.00    0.00
18:02:35     all   45.27    0.00   23.88    0.00    0.00   30.85    0.00    0.00    0.00    0.00
18:02:36     all   47.10    0.00   21.91    0.00    0.00   30.48    0.00    0.00    0.00    0.50
18:02:37     all   47.51    0.00   24.38    0.00    0.00   27.86    0.00    0.00    0.00    0.25
18:02:38     all   43.39    0.00   24.94    0.00    0.00   31.42    0.00    0.00    0.00    0.25
18:02:39     all   41.85    0.00   25.56    0.00    0.00   32.58    0.00    0.00    0.00    0.00
18:02:40     all   42.29    0.00   24.38    0.00    0.00   33.33    0.00    0.00    0.00    0.00
18:02:41     all   42.50    0.00   23.75    0.00    0.00   33.75    0.00    0.00    0.00    0.00
18:02:42     all   43.00    0.00   23.75    0.00    0.00   33.25    0.00    0.00    0.00    0.00
18:02:43     all   43.50    0.00   25.00    0.00    0.00   31.50    0.00    0.00    0.00    0.00
18:02:44     all   44.39    0.00   22.69    0.00    0.00   32.92    0.00    0.00    0.00    0.00
18:02:45     all   45.61    0.00   23.06    0.00    0.00   31.33    0.00    0.00    0.00    0.00
18:02:46     all   45.66    0.00   22.83    0.00    0.00   31.51    0.00    0.00    0.00    0.00
18:02:47     all   44.25    0.00   24.75    0.00    0.00   30.75    0.00    0.00    0.00    0.25
18:02:48     all   42.04    0.00   24.63    0.00    0.00   33.33    0.00    0.00    0.00    0.00
18:02:49     all   44.22    0.00   23.12    0.00    0.00   32.66    0.00    0.00    0.00    0.00
18:02:50     all   45.27    0.00   21.14    0.00    0.00   32.84    0.00    0.00    0.00    0.75
18:02:51     all   45.89    0.00   23.19    0.00    0.00   30.92    0.00    0.00    0.00    0.00
18:02:52     all   47.87    0.00   23.81    0.00    0.00   28.32    0.00    0.00    0.00    0.00
18:02:53     all   46.00    0.00   24.50    0.00    0.00   29.50    0.00    0.00    0.00    0.00
18:02:54     all   45.50    0.00   22.75    0.00    0.00   31.75    0.00    0.00    0.00    0.00
18:02:55     all   46.75    0.00   23.25    0.00    0.00   30.00    0.00    0.00    0.00    0.00
18:02:56     all   44.31    0.00   22.28    0.00    0.00   33.42    0.00    0.00    0.00    0.00
18:02:57     all   45.73    0.00   23.87    0.00    0.00   30.40    0.00    0.00    0.00    0.00
18:02:58     all   43.50    0.00   25.75    0.00    0.00   30.75    0.00    0.00    0.00    0.00
18:02:59     all   46.88    0.00   22.94    0.00    0.00   29.43    0.00    0.00    0.00    0.75
18:03:00     all   42.29    0.00   22.39    0.00    0.00   35.32    0.00    0.00    0.00    0.00
18:03:01     all   42.75    0.00   23.75    0.00    0.00   33.50    0.00    0.00    0.00    0.00
18:03:02     all   42.86    0.00   25.06    0.00    0.00   32.08    0.00    0.00    0.00    0.00
18:03:03     all   45.14    0.00   24.19    0.00    0.00   30.67    0.00    0.00    0.00    0.00
18:03:04     all   46.00    0.00   24.25    0.00    0.00   29.75    0.00    0.00    0.00    0.00
18:03:05     all   45.75    0.00   22.75    0.00    0.00   30.75    0.00    0.00    0.00    0.75
18:03:06     all   44.00    0.00   22.75    0.00    0.00   33.00    0.00    0.00    0.00    0.25
18:03:07     all   43.53    0.00   24.13    0.00    0.00   32.34    0.00    0.00    0.00    0.00
18:03:08     all   43.89    0.00   24.94    0.00    0.00   31.17    0.00    0.00    0.00    0.00
18:03:09     all   42.61    0.00   23.31    0.00    0.00   34.09    0.00    0.00    0.00    0.00
18:03:10     all   42.79    0.00   23.63    0.00    0.00   33.58    0.00    0.00    0.00    0.00
18:03:11     all   44.89    0.00   26.18    0.00    0.00   28.93    0.00    0.00    0.00    0.00
18:03:12     all   43.11    0.00   23.81    0.00    0.00   33.08    0.00    0.00    0.00    0.00
18:03:13     all   43.75    0.00   24.00    0.00    0.00   32.25    0.00    0.00    0.00    0.00
18:03:14     all   43.92    0.00   24.32    0.00    0.00   31.76    0.00    0.00    0.00    0.00
18:03:15     all   41.75    0.00   25.00    0.00    0.00   33.25    0.00    0.00    0.00    0.00
18:03:16     all   42.89    0.00   25.19    0.00    0.00   31.92    0.00    0.00    0.00    0.00
18:03:17     all   43.75    0.00   23.25    0.00    0.00   33.00    0.00    0.00    0.00    0.00
18:03:18     all   42.14    0.00   24.19    0.00    0.00   33.67    0.00    0.00    0.00    0.00
18:03:19     all   43.00    0.00   24.50    0.00    0.00   32.50    0.00    0.00    0.00    0.00
18:03:20     all   43.25    0.00   24.25    0.00    0.00   32.50    0.00    0.00    0.00    0.00
18:03:21     all   43.00    0.00   25.00    0.00    0.00   32.00    0.00    0.00    0.00    0.00
18:03:22     all   41.65    0.00   25.94    0.00    0.00   32.42    0.00    0.00    0.00    0.00
18:03:23     all   43.00    0.00   24.75    0.00    0.00   32.25    0.00    0.00    0.00    0.00
18:03:24     all   42.11    0.00   24.56    0.00    0.00   33.33    0.00    0.00    0.00    0.00
18:03:25     all   41.69    0.00   25.56    0.00    0.00   32.75    0.00    0.00    0.00    0.00
18:03:26     all   43.75    0.00   24.75    0.00    0.00   31.50    0.00    0.00    0.00    0.00
18:03:27     all   42.86    0.00   25.06    0.00    0.00   32.08    0.00    0.00    0.00    0.00
18:03:28     all   43.25    0.00   23.75    0.00    0.00   33.00    0.00    0.00    0.00    0.00
18:03:29     all   43.75    0.00   25.00    0.00    0.00   31.25    0.00    0.00    0.00    0.00
18:03:30     all   42.89    0.00   24.44    0.00    0.00   32.67    0.00    0.00    0.00    0.00
18:03:31     all   44.89    0.00   24.69    0.00    0.00   30.42    0.00    0.00    0.00    0.00
18:03:32     all   43.78    0.00   24.13    0.00    0.00   32.09    0.00    0.00    0.00    0.00
18:03:33     all   44.64    0.00   24.44    0.00    0.00   30.92    0.00    0.00    0.00    0.00
18:03:34     all   45.23    0.00   23.87    0.00    0.00   30.90    0.00    0.00    0.00    0.00
18:03:35     all   42.64    0.00   24.94    0.00    0.00   32.42    0.00    0.00    0.00    0.00
18:03:36     all   43.14    0.00   24.44    0.00    0.00   32.42    0.00    0.00    0.00    0.00
18:03:37     all   41.85    0.00   24.06    0.00    0.00   34.09    0.00    0.00    0.00    0.00
18:03:38     all   42.00    0.00   25.00    0.00    0.00   33.00    0.00    0.00    0.00    0.00
18:03:39     all   41.65    0.00   27.68    0.00    0.00   30.17    0.00    0.00    0.00    0.50
18:03:40     all   43.42    0.00   25.06    0.00    0.00   31.51    0.00    0.00    0.00    0.00
18:03:41     all   43.11    0.00   25.81    0.00    0.00   31.08    0.00    0.00    0.00    0.00
18:03:42     all   45.27    0.00   24.38    0.00    0.00   30.35    0.00    0.00    0.00    0.00
18:03:43     all   42.82    0.00   24.33    0.00    0.00   32.85    0.00    0.00    0.00    0.00
18:03:44     all   45.52    0.00   23.38    0.00    0.00   31.09    0.00    0.00    0.00    0.00
18:03:45     all   44.61    0.00   23.81    0.00    0.00   31.58    0.00    0.00    0.00    0.00
18:03:46     all   44.14    0.00   24.94    0.00    0.00   30.92    0.00    0.00    0.00    0.00
18:03:47     all   45.75    0.00   23.00    0.00    0.00   31.25    0.00    0.00    0.00    0.00
18:03:48     all   46.25    0.00   24.25    0.00    0.00   29.50    0.00    0.00    0.00    0.00
18:03:49     all   45.54    0.00   22.77    0.00    0.00   31.19    0.00    0.00    0.00    0.50
18:03:50     all   44.53    0.00   25.37    0.00    0.00   30.10    0.00    0.00    0.00    0.00
18:03:51     all   46.48    0.00   25.38    0.00    0.00   28.14    0.00    0.00    0.00    0.00
18:03:52     all   43.03    0.00   23.38    0.00    0.00   33.58    0.00    0.00    0.00    0.00
18:03:53     all   48.50    0.00   23.75    0.00    0.00   27.75    0.00    0.00    0.00    0.00
18:03:54     all   47.37    0.00   22.31    0.00    0.00   30.33    0.00    0.00    0.00    0.00
18:03:55     all   45.36    0.00   24.31    0.00    0.00   30.33    0.00    0.00    0.00    0.00
18:03:56     all   44.64    0.00   23.44    0.00    0.00   31.92    0.00    0.00    0.00    0.00
18:03:57     all   45.02    0.00   24.88    0.00    0.00   30.10    0.00    0.00    0.00    0.00
18:03:58     all   44.72    0.00   23.87    0.00    0.00   31.41    0.00    0.00    0.00    0.00
18:03:59     all   40.25    0.00   28.00    0.00    0.00   31.75    0.00    0.00    0.00    0.00
18:04:00     all   42.29    0.00   25.62    0.00    0.00   32.09    0.00    0.00    0.00    0.00
18:04:01     all   42.86    0.00   26.32    0.00    0.00   30.83    0.00    0.00    0.00    0.00
18:04:02     all   44.31    0.00   23.51    0.00    0.00   32.18    0.00    0.00    0.00    0.00
18:04:03     all   44.97    0.00   24.62    0.00    0.00   30.40    0.00    0.00    0.00    0.00
18:04:04     all   45.14    0.00   24.69    0.00    0.00   30.17    0.00    0.00    0.00    0.00
18:04:05     all   45.61    0.00   24.81    0.00    0.00   29.57    0.00    0.00    0.00    0.00
18:04:06     all   44.67    0.00   24.81    0.00    0.00   30.27    0.00    0.00    0.00    0.25
18:04:07     all   44.61    0.00   23.31    0.00    0.00   32.08    0.00    0.00    0.00    0.00
18:04:08     all   44.22    0.00   23.87    0.00    0.00   31.91    0.00    0.00    0.00    0.00
18:04:09     all   45.43    0.00   24.44    0.00    0.00   30.12    0.00    0.00    0.00    0.00
18:04:10     all   44.25    0.00   24.00    0.00    0.00   31.75    0.00    0.00    0.00    0.00
18:04:11     all   44.11    0.00   24.81    0.00    0.00   31.08    0.00    0.00    0.00    0.00
18:04:12     all   46.38    0.00   23.44    0.00    0.00   29.93    0.00    0.00    0.00    0.25
18:04:13     all   42.89    0.00   24.94    0.00    0.00   32.17    0.00    0.00    0.00    0.00
18:04:14     all   43.89    0.00   24.69    0.00    0.00   31.42    0.00    0.00    0.00    0.00
18:04:15     all   42.29    0.00   26.62    0.00    0.00   31.09    0.00    0.00    0.00    0.00
18:04:16     all   43.42    0.00   25.31    0.00    0.00   31.02    0.00    0.00    0.00    0.25
18:04:17     all   42.36    0.00   25.06    0.00    0.00   32.33    0.00    0.00    0.00    0.25
18:04:18     all   42.89    0.00   25.19    0.00    0.00   31.92    0.00    0.00    0.00    0.00
18:04:19     all   40.75    0.00   25.00    0.00    0.00   34.25    0.00    0.00    0.00    0.00
18:04:20     all   42.61    0.00   25.31    0.00    0.00   32.08    0.00    0.00    0.00    0.00
18:04:21     all   44.50    0.00   25.75    0.00    0.00   29.75    0.00    0.00    0.00    0.00
18:04:22     all   42.25    0.00   24.50    0.00    0.00   33.25    0.00    0.00    0.00    0.00
18:04:23     all   43.14    0.00   25.44    0.00    0.00   31.42    0.00    0.00    0.00    0.00
18:04:24     all   43.50    0.00   23.50    0.00    0.00   33.00    0.00    0.00    0.00    0.00
18:04:25     all   43.28    0.00   25.12    0.00    0.00   31.59    0.00    0.00    0.00    0.00
18:04:26     all   43.32    0.00   25.69    0.00    0.00   30.98    0.00    0.00    0.00    0.00
18:04:27     all   44.91    0.00   24.57    0.00    0.00   30.52    0.00    0.00    0.00    0.00
18:04:28     all   44.86    0.00   23.56    0.00    0.00   31.58    0.00    0.00    0.00    0.00
18:04:29     all   44.39    0.00   24.69    0.00    0.00   30.92    0.00    0.00    0.00    0.00
18:04:30     all   42.75    0.00   25.50    0.00    0.00   31.75    0.00    0.00    0.00    0.00
18:04:31     all   43.25    0.00   23.50    0.00    0.00   33.25    0.00    0.00    0.00    0.00
18:04:32     all   42.43    0.00   24.81    0.00    0.00   32.75    0.00    0.00    0.00    0.00
18:04:33     all   42.71    0.00   26.63    0.00    0.00   30.65    0.00    0.00    0.00    0.00
18:04:34     all   42.39    0.00   25.19    0.00    0.00   31.17    0.00    0.00    0.00    1.25
18:04:35     all   42.36    0.00   25.81    0.00    0.00   31.83    0.00    0.00    0.00    0.00
18:04:36     all   42.68    0.00   24.57    0.00    0.00   32.75    0.00    0.00    0.00    0.00
18:04:37     all   44.22    0.00   26.63    0.00    0.00   29.15    0.00    0.00    0.00    0.00
18:04:38     all   41.69    0.00   25.81    0.00    0.00   32.51    0.00    0.00    0.00    0.00
18:04:39     all   33.42    0.00   20.25    0.00    0.00   27.09    0.00    0.00    0.00   19.24
18:04:40     all   42.00    0.00   25.50    0.00    0.00   32.50    0.00    0.00    0.00    0.00
18:04:41     all   43.67    0.00   26.30    0.00    0.00   30.02    0.00    0.00    0.00    0.00
18:04:42     all   44.08    0.00   24.94    0.00    0.00   30.98    0.00    0.00    0.00    0.00
18:04:43     all   41.83    0.00   25.00    0.00    0.00   33.17    0.00    0.00    0.00    0.00
18:04:44     all   45.34    0.00   25.19    0.00    0.00   29.47    0.00    0.00    0.00    0.00
18:04:45     all   43.92    0.00   25.81    0.00    0.00   30.27    0.00    0.00    0.00    0.00
18:04:46     all   42.93    0.00   25.06    0.00    0.00   32.01    0.00    0.00    0.00    0.00
18:04:47     all   46.48    0.00   23.62    0.00    0.00   29.90    0.00    0.00    0.00    0.00
18:04:48     all   44.91    0.00   27.79    0.00    0.00   26.80    0.00    0.00    0.00    0.50
18:04:49     all    0.75    0.00    2.01    0.50    0.00    0.00    0.00    0.00    0.00   96.74
18:04:50     all    0.00    0.00    0.00    0.00    0.00    0.00    0.00    0.00    0.00  100.00
18:04:51     all    0.00    0.00    0.00    0.00    0.00    0.00    0.00    0.00    0.00  100.00
18:04:52     all    0.00    0.00    0.00    0.00    0.00    0.00    0.00    0.00    0.00  100.00
18:04:53     all    0.25    0.00    0.25    0.00    0.00    0.00    0.00    0.00    0.00   99.50
18:04:54     all    0.25    0.00    0.00    0.00    0.00    0.00    0.00    0.00    0.00   99.75
18:04:55     all    0.00    0.00    0.25    0.00    0.00    0.00    0.00    0.00    0.00   99.75
18:04:56     all    0.00    0.00    0.00    0.00    0.00    0.00    0.00    0.00    0.00  100.00
18:04:57     all    0.25    0.00    0.00    0.00    0.00    0.00    0.00    0.00    0.00   99.75
18:04:58     all    0.00    0.00    0.00    0.00    0.00    0.00    0.00    0.00    0.00  100.00
