Linux 6.8.0-1064-azure (csb-bench-host-azure) 	08/18/26 	_x86_64_	(4 CPU)

19:01:18     CPU    %usr   %nice    %sys %iowait    %irq   %soft  %steal  %guest  %gnice   %idle
19:01:19     all   50.51    0.00   18.43    0.00    0.00    6.06    0.00    0.00    0.00   25.00
19:01:20     all    5.67    0.00    2.06    0.00    0.00    1.80    0.00    0.00    0.00   90.46
19:01:21     all    5.66    0.00    2.06    0.00    0.00    2.06    0.00    0.00    0.00   90.23
19:01:22     all    5.44    0.00    2.07    0.00    0.00    1.30    0.00    0.00    0.00   91.19
19:01:23     all    5.40    0.00    1.80    1.29    0.00    2.31    0.00    0.00    0.00   89.20
19:01:24     all    4.91    0.00    2.84    0.00    0.00    1.55    0.00    0.00    0.00   90.70
19:01:25     all    5.94    0.00    1.55    0.00    0.00    1.55    0.00    0.00    0.00   90.96
19:01:26     all    5.40    0.00    8.23    1.80    0.00    2.06    0.00    0.00    0.00   82.52
19:01:27     all    5.38    0.00    8.21    1.03    0.00    2.82    0.00    0.00    0.00   82.56
19:01:28     all    4.68    0.00    2.60    0.00    0.00    1.56    0.00    0.00    0.00   91.17
19:01:29     all    5.63    0.00    2.30    0.00    0.00    1.79    0.00    0.00    0.00   90.28
19:01:30     all    5.71    0.00    2.08    0.00    0.00    1.30    0.00    0.00    0.00   90.91
19:01:31     all    5.10    0.00    2.81    0.00    0.00    2.55    0.00    0.00    0.00   89.54
19:01:32     all    5.94    0.00    2.07    0.00    0.00    0.78    0.00    0.00    0.00   91.21
19:01:33     all    4.92    0.00    1.81    0.00    0.00    2.07    0.00    0.00    0.00   91.19
19:01:34     all    5.93    0.00    2.06    0.00    0.00    1.55    0.00    0.00    0.00   90.46
19:01:35     all    5.63    0.00    2.81    0.51    0.00    2.05    0.00    0.00    0.00   89.00
19:01:36     all    5.70    0.00    1.55    0.00    0.00    1.04    0.00    0.00    0.00   91.71
19:01:37     all    5.41    0.00    2.06    0.00    0.00    1.55    0.00    0.00    0.00   90.98
19:01:38     all    4.65    0.00    2.58    0.00    0.00    1.55    0.00    0.00    0.00   91.21
19:01:39     all    5.64    0.00    1.79    0.00    0.00    1.79    0.00    0.00    0.00   90.77
19:01:40     all    5.66    0.00    3.08    0.00    0.00    2.06    0.00    0.00    0.00   89.20
19:01:41     all    4.71    0.00    2.36    0.00    0.00    0.79    0.00    0.00    0.00   92.15
19:01:42     all    5.37    0.00    2.05    0.00    0.00    2.05    0.00    0.00    0.00   90.54
19:01:43     all    5.97    0.00    1.82    0.00    0.00    1.56    0.00    0.00    0.00   90.65
19:01:44     all    5.90    0.00    2.05    0.00    0.00    1.54    0.00    0.00    0.00   90.51
19:01:45     all    5.17    0.00    2.33    0.00    0.00    1.55    0.00    0.00    0.00   90.96
19:01:46     all    5.41    0.00    1.80    0.00    0.00    1.55    0.00    0.00    0.00   91.24
19:01:47     all    5.41    0.00    2.06    0.26    0.00    1.03    0.00    0.00    0.00   91.24
19:01:48     all    5.70    0.00    2.07    0.00    0.00    1.04    0.00    0.00    0.00   91.19
19:01:49     all    5.18    0.00    2.33    0.00    0.00    1.04    0.00    0.00    0.00   91.45
19:01:50     all    5.18    0.00    1.81    0.00    0.00    1.04    0.00    0.00    0.00   91.97
19:01:51     all    5.12    0.00    2.30    0.00    0.00    2.05    0.00    0.00    0.00   90.54
19:01:52     all    5.40    0.00    2.06    0.00    0.00    1.54    0.00    0.00    0.00   91.00
19:01:53     all    4.91    0.00    2.07    0.52    0.00    1.55    0.00    0.00    0.00   90.96
19:01:54     all    5.41    0.00    2.06    0.00    0.00    1.80    0.00    0.00    0.00   90.72
19:01:55     all    5.18    0.00    1.81    0.00    0.00    1.55    0.00    0.00    0.00   91.45
19:01:56     all    5.40    0.00    2.83    0.26    0.00    1.03    0.00    0.00    0.00   90.49
19:01:57     all    5.18    0.00    2.07    0.00    0.00    1.30    0.00    0.00    0.00   91.45
19:01:58     all    4.88    0.00    2.06    0.00    0.00    2.06    0.00    0.00    0.00   91.00
19:01:59     all    5.67    0.00    2.06    0.00    0.00    1.29    0.00    0.00    0.00   90.98
19:02:00     all    5.44    0.00    2.33    0.00    0.00    1.04    0.00    0.00    0.00   91.19
19:02:01     all    4.90    0.00    1.55    0.00    0.00    2.06    0.00    0.00    0.00   91.49
19:02:02     all    5.41    0.00    2.06    0.00    0.00    1.03    0.00    0.00    0.00   91.49
19:02:03     all    5.41    0.00    2.32    0.00    0.00    1.55    0.00    0.00    0.00   90.72
19:02:04     all    5.15    0.00    2.06    0.00    0.00    1.80    0.00    0.00    0.00   90.98
19:02:05     all    5.71    0.00    1.56    0.00    0.00    1.04    0.00    0.00    0.00   91.69
19:02:06     all    5.45    0.00    2.34    0.00    0.00    1.04    0.00    0.00    0.00   91.17
19:02:07     all    5.93    0.00    2.32    0.00    0.00    2.06    0.00    0.00    0.00   89.69
19:02:08     all    4.66    0.00    2.85    0.00    0.00    1.30    0.00    0.00    0.00   91.19
19:02:09     all    5.40    0.00    2.57    0.00    0.00    1.54    0.00    0.00    0.00   90.49
19:02:10     all    4.95    0.00    1.82    0.00    0.00    1.56    0.00    0.00    0.00   91.67
19:02:11     all    4.88    0.00    2.57    0.00    0.00    1.54    0.00    0.00    0.00   91.00
19:02:12     all    5.68    0.00    2.07    0.00    0.00    1.03    0.00    0.00    0.00   91.21
19:02:13     all    4.88    0.00    2.06    0.00    0.00    2.06    0.00    0.00    0.00   91.00
19:02:14     all    6.20    0.00    1.81    0.00    0.00    1.55    0.00    0.00    0.00   90.44
19:02:15     all    4.65    0.00    2.58    0.00    0.00    1.03    0.00    0.00    0.00   91.73
19:02:16     all    5.14    0.00    2.06    0.51    0.00    1.80    0.00    0.00    0.00   90.49
19:02:17     all    5.90    0.00    2.31    0.00    0.00    2.05    0.00    0.00    0.00   89.74
19:02:18     all    5.41    0.00    2.32    0.00    0.00    1.29    0.00    0.00    0.00   90.98
19:02:19     all    4.92    0.00    2.33    0.00    0.00    1.30    0.00    0.00    0.00   91.45
19:02:20     all    6.17    0.00    1.80    0.00    0.00    1.80    0.00    0.00    0.00   90.23
19:02:21     all    5.68    0.00    2.33    0.00    0.00    1.03    0.00    0.00    0.00   90.96
19:02:22     all    5.43    0.00    1.81    0.26    0.00    1.55    0.00    0.00    0.00   90.96
19:02:23     all    5.41    0.00    2.32    0.00    0.00    1.03    0.00    0.00    0.00   91.24
19:02:24     all    5.18    0.00    2.07    0.00    0.00    1.55    0.00    0.00    0.00   91.19
19:02:25     all    6.15    0.00    2.05    0.00    0.00    1.28    0.00    0.00    0.00   90.51
19:02:26     all    5.45    0.00    2.08    0.00    0.00    0.78    0.00    0.00    0.00   91.69
19:02:27     all    5.67    0.00    1.80    0.00    0.00    1.80    0.00    0.00    0.00   90.72
19:02:28     all    5.66    0.00    1.80    0.26    0.00    1.54    0.00    0.00    0.00   90.75
19:02:29     all    4.91    0.00    2.33    0.00    0.00    1.29    0.00    0.00    0.00   91.47
19:02:30     all    5.41    0.00    2.06    0.00    0.00    1.03    0.00    0.00    0.00   91.49
19:02:31     all    5.17    0.00    1.81    0.00    0.00    1.55    0.00    0.00    0.00   91.47
19:02:32     all    5.21    0.00    1.82    0.00    0.00    1.04    0.00    0.00    0.00   91.93
19:02:33     all    5.60    0.00    2.29    0.00    0.00    1.53    0.00    0.00    0.00   90.59
19:02:34     all    5.45    0.00    1.82    0.00    0.00    1.30    0.00    0.00    0.00   91.43
19:02:35     all    5.38    0.00    2.56    0.00    0.00    1.28    0.00    0.00    0.00   90.77
19:02:36     all    5.64    0.00    3.08    0.00    0.00    2.31    0.00    0.00    0.00   88.97
19:02:37     all    5.68    0.00    2.33    0.00    0.00    1.29    0.00    0.00    0.00   90.70
19:02:38     all    5.67    0.00    2.32    0.26    0.00    1.03    0.00    0.00    0.00   90.72
19:02:39     all    5.17    0.00    1.81    0.00    0.00    1.55    0.00    0.00    0.00   91.47
19:02:40     all    4.87    0.00    2.56    0.00    0.00    1.54    0.00    0.00    0.00   91.03
19:02:41     all    5.93    0.00    1.55    0.00    0.00    2.06    0.00    0.00    0.00   90.46
19:02:42     all    5.91    0.00    2.06    0.00    0.00    1.54    0.00    0.00    0.00   90.49
19:02:43     all    5.66    0.00    2.06    0.51    0.00    1.80    0.00    0.00    0.00   89.97
19:02:44     all    5.41    0.00    2.32    0.00    0.00    1.03    0.00    0.00    0.00   91.24
19:02:45     all    4.92    0.00    2.59    0.00    0.00    1.55    0.00    0.00    0.00   90.93
19:02:46     all    4.68    0.00    1.82    0.00    0.00    1.30    0.00    0.00    0.00   92.21
19:02:47     all    5.43    0.00    2.58    0.00    0.00    1.03    0.00    0.00    0.00   90.96
19:02:48     all    5.68    0.00    1.81    0.00    0.00    1.55    0.00    0.00    0.00   90.96
19:02:49     all    5.63    0.00    2.56    0.00    0.00    1.79    0.00    0.00    0.00   90.03
19:02:50     all    4.44    0.00    1.83    0.00    0.00    1.04    0.00    0.00    0.00   92.69
19:02:51     all    5.37    0.00    2.81    0.00    0.00    1.79    0.00    0.00    0.00   90.03
19:02:52     all    5.21    0.00    1.56    0.00    0.00    1.04    0.00    0.00    0.00   92.19
19:02:53     all    5.40    0.00    2.31    0.00    0.00    1.54    0.00    0.00    0.00   90.75
19:02:54     all    5.43    0.00    2.58    0.00    0.00    1.03    0.00    0.00    0.00   90.96
19:02:55     all    5.13    0.00    2.05    0.26    0.00    1.79    0.00    0.00    0.00   90.77
19:02:56     all    5.19    0.00    2.08    0.00    0.00    1.04    0.00    0.00    0.00   91.69
19:02:57     all    5.63    0.00    2.30    0.00    0.00    1.53    0.00    0.00    0.00   90.54
19:02:58     all    5.71    0.00    1.56    0.00    0.00    1.30    0.00    0.00    0.00   91.43
19:02:59     all    5.43    0.00    1.81    0.00    0.00    1.29    0.00    0.00    0.00   91.47
19:03:00     all    5.68    0.00    2.07    0.00    0.00    1.29    0.00    0.00    0.00   90.96
19:03:01     all    4.88    0.00    2.06    0.00    0.00    1.54    0.00    0.00    0.00   91.52
19:03:02     all    5.17    0.00    2.58    0.00    0.00    1.03    0.00    0.00    0.00   91.21
19:03:03     all    5.66    0.00    1.80    0.00    0.00    1.54    0.00    0.00    0.00   91.00
19:03:04     all    5.17    0.00    2.07    0.00    0.00    1.29    0.00    0.00    0.00   91.47
19:03:05     all    5.88    0.00    2.56    0.26    0.00    1.28    0.00    0.00    0.00   90.03
19:03:06     all    5.67    0.00    1.80    0.00    0.00    1.29    0.00    0.00    0.00   91.24
19:03:07     all    5.15    0.00    2.06    0.00    0.00    1.29    0.00    0.00    0.00   91.49
19:03:08     all    5.41    0.00    2.06    0.00    0.00    1.03    0.00    0.00    0.00   91.49
19:03:09     all    4.42    0.00    2.08    0.00    0.00    1.56    0.00    0.00    0.00   91.95
19:03:10     all    5.93    0.00    1.80    0.00    0.00    1.03    0.00    0.00    0.00   91.24
19:03:11     all    5.63    0.00    2.30    0.00    0.00    1.28    0.00    0.00    0.00   90.79
19:03:12     all    4.92    0.00    2.07    0.00    0.00    1.04    0.00    0.00    0.00   91.97
19:03:13     all    5.19    0.00    2.60    0.00    0.00    0.78    0.00    0.00    0.00   91.43
19:03:14     all    5.68    0.00    1.81    0.00    0.00    1.03    0.00    0.00    0.00   91.47
19:03:15     all    5.37    0.00    2.56    0.00    0.00    2.05    0.00    0.00    0.00   90.03
19:03:16     all    5.44    0.00    1.81    0.00    0.00    1.30    0.00    0.00    0.00   91.45
19:03:17     all    5.21    0.00    1.56    0.00    0.00    1.04    0.00    0.00    0.00   92.19
19:03:18     all    5.37    0.00    2.56    0.00    0.00    1.28    0.00    0.00    0.00   90.79
19:03:19     all    5.14    0.00    1.80    0.00    0.00    2.06    0.00    0.00    0.00   91.00
19:03:20     all    5.38    0.00    2.56    0.51    0.00    1.54    0.00    0.00    0.00   90.00
19:03:21     all    5.44    0.00    1.81    0.00    0.00    1.04    0.00    0.00    0.00   91.71
19:03:22     all    5.15    0.00    1.80    0.00    0.00    1.55    0.00    0.00    0.00   91.49
19:03:23     all    5.40    0.00    2.31    0.00    0.00    1.29    0.00    0.00    0.00   91.00
19:03:24     all    5.70    0.00    1.81    0.00    0.00    1.04    0.00    0.00    0.00   91.45
19:03:25     all    4.88    0.00    2.57    0.00    0.00    1.54    0.00    0.00    0.00   91.00
19:03:26     all    5.91    0.00    1.54    0.00    0.00    1.54    0.00    0.00    0.00   91.00
19:03:27     all    4.90    0.00    2.32    0.00    0.00    1.55    0.00    0.00    0.00   91.24
19:03:28     all    4.94    0.00    2.08    0.00    0.00    1.04    0.00    0.00    0.00   91.95
19:03:29     all    5.38    0.00    1.79    0.00    0.00    1.54    0.00    0.00    0.00   91.28
19:03:30     all    6.15    0.00    2.31    0.26    0.00    1.28    0.00    0.00    0.00   90.00
19:03:31     all    4.65    0.00    1.81    0.00    0.00    1.55    0.00    0.00    0.00   91.99
19:03:32     all    4.92    0.00    2.07    0.00    0.00    1.30    0.00    0.00    0.00   91.71
19:03:33     all    5.10    0.00    2.55    0.00    0.00    1.53    0.00    0.00    0.00   90.82
19:03:34     all    4.68    0.00    1.82    0.00    0.00    1.04    0.00    0.00    0.00   92.47
19:03:35     all    5.71    0.00    1.82    0.00    0.00    1.04    0.00    0.00    0.00   91.43
19:03:36     all    5.40    0.00    2.57    0.00    0.00    1.54    0.00    0.00    0.00   90.49
19:03:37     all    5.40    0.00    2.57    0.00    0.00    2.31    0.00    0.00    0.00   89.72
19:03:38     all    4.91    0.00    2.07    0.00    0.00    1.29    0.00    0.00    0.00   91.73
19:03:39     all    5.21    0.00    1.82    0.00    0.00    1.30    0.00    0.00    0.00   91.67
19:03:40     all    5.37    0.00    2.56    0.26    0.00    1.28    0.00    0.00    0.00   90.54
19:03:41     all    5.17    0.00    2.33    0.00    0.00    1.03    0.00    0.00    0.00   91.47
19:03:42     all    5.14    0.00    2.31    0.00    0.00    1.80    0.00    0.00    0.00   90.75
19:03:43     all    4.91    0.00    2.33    0.00    0.00    0.78    0.00    0.00    0.00   91.99
19:03:44     all    5.43    0.00    1.55    0.00    0.00    1.29    0.00    0.00    0.00   91.73
19:03:45     all    4.90    0.00    2.84    0.00    0.00    1.29    0.00    0.00    0.00   90.98
19:03:46     all    5.44    0.00    1.81    0.00    0.00    0.78    0.00    0.00    0.00   91.97
19:03:47     all    5.40    0.00    2.06    0.00    0.00    1.80    0.00    0.00    0.00   90.75
19:03:48     all    4.94    0.00    1.82    0.00    0.00    1.30    0.00    0.00    0.00   91.95
19:03:49     all    5.64    0.00    2.31    0.00    0.00    1.28    0.00    0.00    0.00   90.77
19:03:50     all    4.90    0.00    2.06    0.26    0.00    1.80    0.00    0.00    0.00   90.98
19:03:51     all    5.15    0.00    2.84    0.00    0.00    0.77    0.00    0.00    0.00   91.24
19:03:52     all    5.45    0.00    1.82    0.00    0.00    1.56    0.00    0.00    0.00   91.17
19:03:53     all    5.40    0.00    2.31    0.00    0.00    1.54    0.00    0.00    0.00   90.75
19:03:54     all    4.88    0.00    2.06    0.00    0.00    1.29    0.00    0.00    0.00   91.77
19:03:55     all    5.66    0.00    2.31    0.51    0.00    1.03    0.00    0.00    0.00   90.49
19:03:56     all    4.95    0.00    1.82    0.00    0.00    1.30    0.00    0.00    0.00   91.93
19:03:57     all    5.38    0.00    2.56    0.00    0.00    1.03    0.00    0.00    0.00   91.03
19:03:58     all    5.43    0.00    1.81    0.00    0.00    1.29    0.00    0.00    0.00   91.47
19:03:59     all    5.14    0.00    2.83    0.00    0.00    1.29    0.00    0.00    0.00   90.75
19:04:00     all    5.40    0.00    2.06    0.26    0.00    1.54    0.00    0.00    0.00   90.75
19:04:01     all    5.44    0.00    1.81    0.00    0.00    1.04    0.00    0.00    0.00   91.71
19:04:02     all    5.90    0.00    1.79    0.00    0.00    1.54    0.00    0.00    0.00   90.77
19:04:03     all    5.94    0.00    2.07    0.00    0.00    1.03    0.00    0.00    0.00   90.96
19:04:04     all    4.90    0.00    2.06    0.00    0.00    1.80    0.00    0.00    0.00   91.24
19:04:05     all    5.94    0.00    2.07    0.00    0.00    1.29    0.00    0.00    0.00   90.70
19:04:06     all    5.70    0.00    1.81    0.00    0.00    1.30    0.00    0.00    0.00   91.19
19:04:07     all    5.13    0.00    2.56    0.00    0.00    1.54    0.00    0.00    0.00   90.77
19:04:08     all    5.41    0.00    2.06    0.00    0.00    1.29    0.00    0.00    0.00   91.24
19:04:09     all    5.93    0.00    2.32    0.00    0.00    1.03    0.00    0.00    0.00   90.72
19:04:10     all    4.68    0.00    1.82    0.26    0.00    1.56    0.00    0.00    0.00   91.69
19:04:11     all    5.17    0.00    2.07    0.00    0.00    1.03    0.00    0.00    0.00   91.73
19:04:12     all    5.40    0.00    1.80    0.00    0.00    1.29    0.00    0.00    0.00   91.52
19:04:13     all    5.70    0.00    2.07    0.00    0.00    1.55    0.00    0.00    0.00   90.67
19:04:14     all    5.13    0.00    2.31    0.00    0.00    1.28    0.00    0.00    0.00   91.28
19:04:15     all    5.70    0.00    2.07    0.00    0.00    1.55    0.00    0.00    0.00   90.67
19:04:16     all    4.42    0.00    2.34    0.00    0.00    1.30    0.00    0.00    0.00   91.95
19:04:17     all    5.41    0.00    2.58    0.00    0.00    1.55    0.00    0.00    0.00   90.46
19:04:18     all    5.14    0.00    2.06    0.00    0.00    1.80    0.00    0.00    0.00   91.00
19:04:19     all    5.40    0.00    2.31    0.00    0.00    1.29    0.00    0.00    0.00   91.00
19:04:20     all    5.91    0.00    1.80    0.00    0.00    1.29    0.00    0.00    0.00   91.00
19:04:21     all    5.17    0.00    1.81    0.00    0.00    1.29    0.00    0.00    0.00   91.73
19:04:22     all    5.67    0.00    1.80    0.52    0.00    0.77    0.00    0.00    0.00   91.24
19:04:23     all    5.38    0.00    2.56    0.00    0.00    1.54    0.00    0.00    0.00   90.51
19:04:24     all    5.66    0.00    1.54    0.00    0.00    1.80    0.00    0.00    0.00   91.00
19:04:25     all    4.94    0.00    2.08    0.00    0.00    1.30    0.00    0.00    0.00   91.69
19:04:26     all    5.67    0.00    2.32    0.00    0.00    1.03    0.00    0.00    0.00   90.98
19:04:27     all    5.40    0.00    2.31    0.00    0.00    1.29    0.00    0.00    0.00   91.00
19:04:28     all    5.68    0.00    1.55    0.00    0.00    1.03    0.00    0.00    0.00   91.73
19:04:29     all    4.90    0.00    2.58    0.00    0.00    1.55    0.00    0.00    0.00   90.98
19:04:30     all    5.19    0.00    2.08    0.00    0.00    1.30    0.00    0.00    0.00   91.43
19:04:31     all    5.14    0.00    2.06    0.00    0.00    1.80    0.00    0.00    0.00   91.00
19:04:32     all    4.88    0.00    2.06    0.00    0.00    1.54    0.00    0.00    0.00   91.52
19:04:33     all    5.13    0.00    2.31    0.00    0.00    1.54    0.00    0.00    0.00   91.03
19:04:34     all    5.44    0.00    2.07    0.00    0.00    1.04    0.00    0.00    0.00   91.45
19:04:35     all    5.44    0.00    2.33    0.00    0.00    1.04    0.00    0.00    0.00   91.19
19:04:36     all    5.19    0.00    1.82    0.00    0.00    1.56    0.00    0.00    0.00   91.43
19:04:37     all    5.38    0.00    3.59    0.00    0.00    2.31    0.00    0.00    0.00   88.72
19:04:38     all    5.13    0.00    2.31    0.26    0.00    1.54    0.00    0.00    0.00   90.77
19:04:39     all    5.68    0.00    1.81    0.00    0.00    1.29    0.00    0.00    0.00   91.21
19:04:40     all    5.67    0.00    2.06    0.00    0.00    1.03    0.00    0.00    0.00   91.24
19:04:41     all    5.14    0.00    2.06    0.00    0.00    1.29    0.00    0.00    0.00   91.52
19:04:42     all    4.65    0.00    2.58    0.00    0.00    1.29    0.00    0.00    0.00   91.47
19:04:43     all    5.93    0.00    2.06    0.26    0.00    1.55    0.00    0.00    0.00   90.21
19:04:44     all    4.92    0.00    2.59    0.00    0.00    1.30    0.00    0.00    0.00   91.19
19:04:45     all    5.45    0.00    2.08    0.00    0.00    1.30    0.00    0.00    0.00   91.17
19:04:46     all    5.19    0.00    2.08    0.00    0.00    0.78    0.00    0.00    0.00   91.95
19:04:47     all    5.85    0.00    2.29    0.00    0.00    1.53    0.00    0.00    0.00   90.33
19:04:48     all    5.17    0.00    1.81    0.00    0.00    2.07    0.00    0.00    0.00   90.96
19:04:49     all    5.12    0.00    2.30    0.00    0.00    0.51    0.00    0.00    0.00   92.07
19:04:50     all    4.86    0.00    2.05    0.00    0.00    1.02    0.00    0.00    0.00   92.07
19:04:51     all    5.64    0.00    1.54    0.00    0.00    0.51    0.00    0.00    0.00   92.31
19:04:52     all    5.13    0.00    2.05    0.00    0.00    0.77    0.00    0.00    0.00   92.05
19:04:53     all    5.10    0.00    2.30    0.26    0.00    1.02    0.00    0.00    0.00   91.33
19:04:54     all    5.37    0.00    2.56    0.00    0.00    0.51    0.00    0.00    0.00   91.56
19:04:55     all    4.58    0.00    2.29    0.00    0.00    1.02    0.00    0.00    0.00   92.11
19:04:56     all    5.13    0.00    2.05    0.00    0.00    0.77    0.00    0.00    0.00   92.05
19:04:57     all    5.60    0.00    2.29    0.00    0.00    0.76    0.00    0.00    0.00   91.35
19:04:58     all    5.14    0.00    1.80    0.00    0.00    0.77    0.00    0.00    0.00   92.29
19:04:59     all    5.60    0.00    2.04    0.25    0.00    0.76    0.00    0.00    0.00   91.35
19:05:00     all    5.61    0.00    2.04    0.00    0.00    0.77    0.00    0.00    0.00   91.58
19:05:01     all    4.64    0.00    2.06    0.52    0.00    0.77    0.00    0.00    0.00   92.01
19:05:02     all    5.60    0.00    2.29    0.00    0.00    1.02    0.00    0.00    0.00   91.09
19:05:03     all    5.63    0.00    2.05    0.00    0.00    0.26    0.00    0.00    0.00   92.07
19:05:04     all    5.61    0.00    1.79    0.00    0.00    0.77    0.00    0.00    0.00   91.84
19:05:05     all    5.09    0.00    2.29    0.00    0.00    1.27    0.00    0.00    0.00   91.35
19:05:06     all    5.37    0.00    2.05    0.00    0.00    0.77    0.00    0.00    0.00   91.82
19:05:07     all    5.12    0.00    2.30    0.26    0.00    0.51    0.00    0.00    0.00   91.82
19:05:08     all    5.61    0.00    2.04    0.00    0.00    0.51    0.00    0.00    0.00   91.84
19:05:09     all    4.86    0.00    1.79    0.00    0.00    1.02    0.00    0.00    0.00   92.33
19:05:10     all    5.90    0.00    2.05    0.00    0.00    0.77    0.00    0.00    0.00   91.28
19:05:11     all    4.91    0.00    2.07    0.00    0.00    0.52    0.00    0.00    0.00   92.51
19:05:12     all    5.33    0.00    2.28    0.00    0.00    0.76    0.00    0.00    0.00   91.62
19:05:13     all    5.58    0.00    2.28    0.00    0.00    1.02    0.00    0.00    0.00   91.12
19:05:14     all    4.63    0.00    2.06    0.00    0.00    0.77    0.00    0.00    0.00   92.54
19:05:15     all    4.88    0.00    2.06    0.00    0.00    0.77    0.00    0.00    0.00   92.29
19:05:16     all    5.10    0.00    2.04    0.00    0.00    0.77    0.00    0.00    0.00   92.09
19:05:17     all    5.12    0.00    2.30    0.26    0.00    0.77    0.00    0.00    0.00   91.56
19:05:18     all    5.84    0.00    1.78    0.00    0.00    0.51    0.00    0.00    0.00   91.88
19:05:19     all    4.64    0.00    1.80    0.00    0.00    0.77    0.00    0.00    0.00   92.78
19:05:20     all    5.10    0.00    2.55    0.00    0.00    0.51    0.00    0.00    0.00   91.84
19:05:21     all    5.60    0.00    2.54    0.00    0.00    0.76    0.00    0.00    0.00   91.09
19:05:22     all    4.87    0.00    2.05    0.26    0.00    0.26    0.00    0.00    0.00   92.56
19:05:23     all    5.12    0.00    2.05    0.00    0.00    1.02    0.00    0.00    0.00   91.82
19:05:24     all    5.37    0.00    2.30    0.00    0.00    0.51    0.00    0.00    0.00   91.82
19:05:25     all    5.84    0.00    2.28    0.00    0.00    1.02    0.00    0.00    0.00   90.86
19:05:26     all    5.10    0.00    1.79    0.00    0.00    1.02    0.00    0.00    0.00   92.09
19:05:27     all    6.39    0.00    2.30    0.26    0.00    1.02    0.00    0.00    0.00   90.03
19:05:28     all    5.63    0.00    2.05    0.00    0.00    0.51    0.00    0.00    0.00   91.82
19:05:29     all    4.88    0.00    2.06    0.00    0.00    0.77    0.00    0.00    0.00   92.29
19:05:30     all    5.36    0.00    2.55    0.00    0.00    0.77    0.00    0.00    0.00   91.33
19:05:31     all    5.82    0.00    1.77    0.00    0.00    1.01    0.00    0.00    0.00   91.39
19:05:32     all    5.09    0.00    2.29    0.00    0.00    1.02    0.00    0.00    0.00   91.60
19:05:33     all    4.63    0.00    2.06    0.00    0.00    1.03    0.00    0.00    0.00   92.29
19:05:34     all    5.37    0.00    2.05    0.00    0.00    0.51    0.00    0.00    0.00   92.07
19:05:35     all    5.84    0.00    2.03    0.00    0.00    0.51    0.00    0.00    0.00   91.62
19:05:36     all    5.14    0.00    2.31    0.00    0.00    1.03    0.00    0.00    0.00   91.52
19:05:37     all    5.33    0.00    2.79    0.00    0.00    1.78    0.00    0.00    0.00   90.10
19:05:38     all    4.86    0.00    2.05    0.26    0.00    1.02    0.00    0.00    0.00   91.82
19:05:39     all    5.36    0.00    2.30    0.00    0.00    0.26    0.00    0.00    0.00   92.09
19:05:40     all    5.38    0.00    1.79    0.00    0.00    1.03    0.00    0.00    0.00   91.79
19:05:41     all    5.60    0.00    2.04    0.00    0.00    0.76    0.00    0.00    0.00   91.60
19:05:42     all    5.40    0.00    1.80    0.00    0.00    0.51    0.00    0.00    0.00   92.29
19:05:43     all    5.08    0.00    2.54    0.00    0.00    1.02    0.00    0.00    0.00   91.37
19:05:44     all    4.63    0.00    1.80    0.00    0.00    0.77    0.00    0.00    0.00   92.80
19:05:45     all    5.90    0.00    1.79    0.00    0.00    0.26    0.00    0.00    0.00   92.05
19:05:46     all    5.09    0.00    2.04    0.00    0.00    1.02    0.00    0.00    0.00   91.86
19:05:47     all    5.10    0.00    2.55    0.00    0.00    1.02    0.00    0.00    0.00   91.33
19:05:48     all    5.13    0.00    1.79    0.00    0.00    1.03    0.00    0.00    0.00   92.05
19:05:49     all    5.29    0.00    2.52    0.00    0.00    1.01    0.00    0.00    0.00   91.18
19:05:50     all    4.36    0.00    1.79    0.51    0.00    0.51    0.00    0.00    0.00   92.82
19:05:51     all    5.61    0.00    2.55    0.00    0.00    1.02    0.00    0.00    0.00   90.82
19:05:52     all    5.12    0.00    2.05    0.00    0.00    0.51    0.00    0.00    0.00   92.33
19:05:53     all    5.34    0.00    2.29    0.00    0.00    0.51    0.00    0.00    0.00   91.86
19:05:54     all    4.88    0.00    1.80    0.00    0.00    0.77    0.00    0.00    0.00   92.54
19:05:55     all    5.12    0.00    1.79    0.00    0.00    1.02    0.00    0.00    0.00   92.07
19:05:56     all    6.08    0.00    2.53    0.00    0.00    0.51    0.00    0.00    0.00   90.89
19:05:57     all    4.86    0.00    2.30    0.00    0.00    1.02    0.00    0.00    0.00   91.82
19:05:58     all    5.10    0.00    2.30    0.00    0.00    1.02    0.00    0.00    0.00   91.58
19:05:59     all    4.59    0.00    2.30    0.00    0.00    0.77    0.00    0.00    0.00   92.35
19:06:00     all    4.88    0.00    2.06    0.00    0.00    1.03    0.00    0.00    0.00   92.03
19:06:01     all    5.57    0.00    2.28    0.00    0.00    1.01    0.00    0.00    0.00   91.14
19:06:02     all    4.39    0.00    2.33    0.00    0.00    0.52    0.00    0.00    0.00   92.76
19:06:03     all    5.60    0.00    2.04    0.00    0.00    1.02    0.00    0.00    0.00   91.35
19:06:04     all    5.33    0.00    2.79    0.00    0.00    0.76    0.00    0.00    0.00   91.12
19:06:05     all    5.10    0.00    2.04    0.00    0.00    0.77    0.00    0.00    0.00   92.09
19:06:06     all    5.36    0.00    2.30    0.26    0.00    0.77    0.00    0.00    0.00   91.33
19:06:07     all    5.13    0.00    2.05    0.00    0.00    0.51    0.00    0.00    0.00   92.31
19:06:08     all    5.09    0.00    2.29    0.00    0.00    1.02    0.00    0.00    0.00   91.60
19:06:09     all    5.12    0.00    2.05    0.00    0.00    1.02    0.00    0.00    0.00   91.82
19:06:10     all    4.85    0.00    2.30    0.00    0.00    1.02    0.00    0.00    0.00   91.84
19:06:11     all    5.58    0.00    2.03    0.25    0.00    1.02    0.00    0.00    0.00   91.12
19:06:12     all    5.12    0.00    2.30    0.00    0.00    1.02    0.00    0.00    0.00   91.56
19:06:13     all    5.60    0.00    1.78    0.00    0.00    1.02    0.00    0.00    0.00   91.60
19:06:14     all    5.36    0.00    2.30    0.00    0.00    0.77    0.00    0.00    0.00   91.58
19:06:15     all    4.86    0.00    2.05    0.00    0.00    1.28    0.00    0.00    0.00   91.82
19:06:16     all    5.37    0.00    2.05    0.00    0.00    0.77    0.00    0.00    0.00   91.82
19:06:17     all    5.14    0.00    2.06    0.00    0.00    0.77    0.00    0.00    0.00   92.03
19:06:18     all    5.12    0.00    1.53    0.00    0.00    1.02    0.00    0.00    0.00   92.33
19:06:19     all   47.72    0.00   13.96    0.00    0.00    4.82    0.00    0.00    0.00   33.50
19:06:20     all   21.82    0.00   21.56    0.00    0.00   14.03    0.00    0.00    0.00   42.60
19:06:21     all   21.54    0.00   16.92    0.00    0.00   13.59    0.00    0.00    0.00   47.95
19:06:22     all   23.16    0.00   23.41    0.25    0.00   14.50    0.00    0.00    0.00   38.68
19:06:23     all   22.11    0.00   21.59    0.00    0.00   14.65    0.00    0.00    0.00   41.65
19:06:24     all   20.98    0.00   18.91    0.00    0.00   13.99    0.00    0.00    0.00   46.11
19:06:25     all   22.76    0.00   17.14    0.00    0.00   14.83    0.00    0.00    0.00   45.27
19:06:26     all   22.70    0.00   18.62    0.00    0.00   15.56    0.00    0.00    0.00   43.11
19:06:27     all   21.13    0.00   16.24    0.00    0.00   13.14    0.00    0.00    0.00   49.48
19:06:28     all   23.20    0.00   14.95    0.52    0.00   13.92    0.00    0.00    0.00   47.42
19:06:29     all   22.66    0.00    7.03    0.00    0.00   13.80    0.00    0.00    0.00   56.51
19:06:30     all   22.16    0.00    6.60    0.00    0.00   12.40    0.00    0.00    0.00   58.84
19:06:31     all   23.71    0.00    5.41    0.00    0.00   14.69    0.00    0.00    0.00   56.19
19:06:32     all   23.50    0.00    5.48    0.00    0.00   14.10    0.00    0.00    0.00   56.92
19:06:33     all   20.94    0.00    9.95    0.00    0.00   11.78    0.00    0.00    0.00   57.33
19:06:34     all   21.56    0.00   18.70    0.00    0.00   14.03    0.00    0.00    0.00   45.71
19:06:35     all   21.08    0.00   21.34    0.26    0.00   15.17    0.00    0.00    0.00   42.16
19:06:36     all   21.86    0.00   21.11    0.00    0.00   15.58    0.00    0.00    0.00   41.46
19:06:37     all   21.21    0.00   23.23    0.00    0.00   14.14    0.00    0.00    0.00   41.41
19:06:38     all   22.74    0.00   21.96    0.00    0.00   14.47    0.00    0.00    0.00   40.83
19:06:39     all   21.48    0.00   22.25    0.00    0.00   16.37    0.00    0.00    0.00   39.90
19:06:40     all   21.05    0.00   19.21    0.00    0.00   12.37    0.00    0.00    0.00   47.37
19:06:41     all   22.25    0.00   22.51    0.00    0.00   14.07    0.00    0.00    0.00   41.18
19:06:42     all   21.76    0.00   22.80    0.00    0.00   14.51    0.00    0.00    0.00   40.93
19:06:43     all   20.51    0.00   22.82    0.00    0.00   13.59    0.00    0.00    0.00   43.08
19:06:44     all   21.54    0.00   21.79    0.26    0.00   13.08    0.00    0.00    0.00   43.33
19:06:45     all   21.47    0.00   22.51    0.00    0.00   12.30    0.00    0.00    0.00   43.72
19:06:46     all   20.89    0.00   22.19    0.00    0.00   13.05    0.00    0.00    0.00   43.86
19:06:47     all   19.90    0.00   21.20    0.00    0.00   12.30    0.00    0.00    0.00   46.60
19:06:48     all   21.03    0.00   21.79    0.00    0.00   12.31    0.00    0.00    0.00   44.87
19:06:49     all   21.56    0.00   22.08    0.26    0.00   13.77    0.00    0.00    0.00   42.34
19:06:50     all   21.48    0.00   24.81    0.00    0.00   16.62    0.00    0.00    0.00   37.08
19:06:51     all   20.93    0.00   23.26    0.00    0.00   15.50    0.00    0.00    0.00   40.31
19:06:52     all   20.31    0.00   21.34    0.00    0.00   12.08    0.00    0.00    0.00   46.27
19:06:53     all   20.88    0.00   20.88    0.00    0.00   12.63    0.00    0.00    0.00   45.62
19:06:54     all   20.41    0.00   16.07    0.26    0.00   13.27    0.00    0.00    0.00   50.00
19:06:55     all   20.78    0.00   15.84    0.00    0.00   12.73    0.00    0.00    0.00   50.65
19:06:56     all   21.12    0.00   20.61    0.00    0.00   13.99    0.00    0.00    0.00   44.27
19:06:57     all   21.07    0.00   21.32    0.00    0.00   14.72    0.00    0.00    0.00   42.89
19:06:58     all   21.59    0.00   21.85    0.00    0.00   13.62    0.00    0.00    0.00   42.93
19:06:59     all   21.13    0.00   21.13    0.00    0.00   13.66    0.00    0.00    0.00   44.07
19:07:00     all   21.54    0.00   19.23    0.00    0.00   12.56    0.00    0.00    0.00   46.67
19:07:01     all   21.35    0.00   19.27    0.00    0.00   13.28    0.00    0.00    0.00   46.09
19:07:02     all   21.82    0.00   20.52    0.00    0.00   13.25    0.00    0.00    0.00   44.42
19:07:03     all   22.39    0.00   23.16    0.00    0.00   13.74    0.00    0.00    0.00   40.71
19:07:04     all   22.08    0.00   22.86    0.00    0.00   14.29    0.00    0.00    0.00   40.78
19:07:05     all   20.46    0.00   22.51    0.51    0.00   15.86    0.00    0.00    0.00   40.66
19:07:06     all   19.54    0.00   20.05    0.00    0.00   12.44    0.00    0.00    0.00   47.97
19:07:07     all   22.34    0.00   16.50    0.00    0.00   16.75    0.00    0.00    0.00   44.42
19:07:08     all   23.21    0.00   10.71    0.00    0.00   16.58    0.00    0.00    0.00   49.49
19:07:09     all   21.99    0.00    5.76    0.00    0.00   13.09    0.00    0.00    0.00   59.16
19:07:10     all   22.08    0.00    6.49    0.00    0.00   14.55    0.00    0.00    0.00   56.88
19:07:11     all   20.41    0.00    5.94    0.00    0.00   12.92    0.00    0.00    0.00   60.72
19:07:12     all   22.22    0.00    5.94    0.00    0.00   15.25    0.00    0.00    0.00   56.59
19:07:13     all   24.10    0.00    6.15    0.00    0.00   16.92    0.00    0.00    0.00   52.82
19:07:14     all   22.88    0.00    7.97    0.00    0.00   15.42    0.00    0.00    0.00   53.73
19:07:15     all   20.63    0.00    6.27    0.26    0.00   13.05    0.00    0.00    0.00   59.79
19:07:16     all   20.85    0.00    5.53    0.00    0.00   14.82    0.00    0.00    0.00   58.79
19:07:17     all   23.45    0.00    5.67    0.00    0.00   16.49    0.00    0.00    0.00   54.38
19:07:18     all   22.02    0.00    7.25    0.00    0.00   13.99    0.00    0.00    0.00   56.74
19:07:19     all   23.00    0.00    7.49    0.00    0.00   16.54    0.00    0.00    0.00   52.97
19:07:20     all   21.76    0.00   11.14    0.26    0.00   15.03    0.00    0.00    0.00   51.81
19:07:21     all   22.40    0.00    7.55    0.00    0.00   13.54    0.00    0.00    0.00   56.51
19:07:22     all   23.56    0.00    7.07    0.00    0.00   13.35    0.00    0.00    0.00   56.02
19:07:23     all   23.51    0.00    5.94    0.00    0.00   14.47    0.00    0.00    0.00   56.07
19:07:24     all   23.30    0.00    6.28    0.00    0.00   15.18    0.00    0.00    0.00   55.24
19:07:25     all   22.42    0.00    6.19    0.00    0.00   15.72    0.00    0.00    0.00   55.67
19:07:26     all   23.53    0.00    8.44    0.00    0.00   17.39    0.00    0.00    0.00   50.64
19:07:27     all   21.93    0.00    6.27    0.00    0.00   12.79    0.00    0.00    0.00   59.01
19:07:28     all   24.48    0.00    5.41    0.00    0.00   14.95    0.00    0.00    0.00   55.15
19:07:29     all   19.69    0.00    5.18    0.00    0.00   11.40    0.00    0.00    0.00   63.73
19:07:30     all   21.50    0.00    6.74    0.00    0.00   14.25    0.00    0.00    0.00   57.51
19:07:31     all   23.47    0.00    5.87    0.00    0.00   15.31    0.00    0.00    0.00   55.36
19:07:32     all   22.08    0.00    8.31    0.00    0.00   13.51    0.00    0.00    0.00   56.10
19:07:33     all   23.06    0.00    8.03    0.00    0.00   13.21    0.00    0.00    0.00   55.70
19:07:34     all   22.54    0.00    5.44    0.00    0.00   16.58    0.00    0.00    0.00   55.44
19:07:35     all   21.65    0.00    6.70    0.00    0.00   14.69    0.00    0.00    0.00   56.96
19:07:36     all   24.04    0.00    5.12    0.26    0.00   16.11    0.00    0.00    0.00   54.48
19:07:37     all   22.60    0.00    7.27    0.00    0.00   12.73    0.00    0.00    0.00   57.40
19:07:38     all   22.62    0.00    5.14    0.00    0.00   13.88    0.00    0.00    0.00   58.35
19:07:39     all   20.97    0.00    7.42    0.00    0.00   13.81    0.00    0.00    0.00   57.80
19:07:40     all   23.70    0.00    6.77    0.00    0.00   13.80    0.00    0.00    0.00   55.73
19:07:41     all   22.86    0.00    6.75    0.00    0.00   14.29    0.00    0.00    0.00   56.10
19:07:42     all   23.38    0.00    5.97    0.00    0.00   14.03    0.00    0.00    0.00   56.62
19:07:43     all   23.24    0.00    6.53    0.00    0.00   14.88    0.00    0.00    0.00   55.35
19:07:44     all   22.42    0.00    6.19    0.00    0.00   14.43    0.00    0.00    0.00   56.96
19:07:45     all   24.23    0.00    5.93    0.00    0.00   15.98    0.00    0.00    0.00   53.87
19:07:46     all   21.39    0.00    5.93    0.00    0.00   13.40    0.00    0.00    0.00   59.28
19:07:47     all   22.62    0.00    6.43    0.00    0.00   13.88    0.00    0.00    0.00   57.07
19:07:48     all   22.62    0.00    5.66    0.00    0.00   15.42    0.00    0.00    0.00   56.30
19:07:49     all   21.13    0.00    5.93    0.00    0.00   15.72    0.00    0.00    0.00   57.22
19:07:50     all   21.08    0.00    5.14    0.00    0.00   14.14    0.00    0.00    0.00   59.64
19:07:51     all   23.80    0.00    5.82    0.00    0.00   16.46    0.00    0.00    0.00   53.92
19:07:52     all   21.93    0.00    6.27    0.00    0.00   14.10    0.00    0.00    0.00   57.70
19:07:53     all   22.89    0.00    5.53    0.00    0.00   14.21    0.00    0.00    0.00   57.37
19:07:54     all   22.14    0.00    5.99    0.52    0.00   14.32    0.00    0.00    0.00   57.03
19:07:55     all   21.24    0.00    8.81    0.00    0.00   12.95    0.00    0.00    0.00   56.99
19:07:56     all   23.06    0.00   11.14    0.00    0.00   14.77    0.00    0.00    0.00   51.04
19:07:57     all   21.59    0.00   15.17    0.00    0.00   15.94    0.00    0.00    0.00   47.30
19:07:58     all   21.24    0.00   19.43    0.00    0.00   12.69    0.00    0.00    0.00   46.63
19:07:59     all   22.02    0.00   21.76    0.00    0.00   14.25    0.00    0.00    0.00   41.97
19:08:00     all   21.71    0.00   24.29    0.00    0.00   12.92    0.00    0.00    0.00   41.09
19:08:01     all   21.12    0.00   20.10    0.00    0.00   15.01    0.00    0.00    0.00   43.77
19:08:02     all   22.02    0.00   22.28    0.00    0.00   12.44    0.00    0.00    0.00   43.26
19:08:03     all   21.17    0.00   20.41    0.00    0.00   14.29    0.00    0.00    0.00   44.13
19:08:04     all   23.21    0.00   23.47    0.00    0.00   16.07    0.00    0.00    0.00   37.24
19:08:05     all   22.25    0.00   20.97    0.00    0.00   14.32    0.00    0.00    0.00   42.46
19:08:06     all   21.74    0.00   21.99    0.00    0.00   15.60    0.00    0.00    0.00   40.66
19:08:07     all   21.28    0.00   21.79    0.00    0.00   14.10    0.00    0.00    0.00   42.82
19:08:08     all   20.93    0.00   19.38    0.00    0.00   13.18    0.00    0.00    0.00   46.51
19:08:09     all   22.03    0.00   20.76    0.00    0.00   14.43    0.00    0.00    0.00   42.78
19:08:10     all   22.42    0.00   22.42    0.00    0.00   13.92    0.00    0.00    0.00   41.24
19:08:11     all   21.19    0.00   21.71    0.26    0.00   13.95    0.00    0.00    0.00   42.89
19:08:12     all   20.73    0.00   20.98    0.00    0.00   13.21    0.00    0.00    0.00   45.08
19:08:13     all   20.71    0.00   20.45    0.00    0.00   12.63    0.00    0.00    0.00   46.21
19:08:14     all   21.20    0.00   20.94    0.00    0.00   12.57    0.00    0.00    0.00   45.29
19:08:15     all   22.16    0.00   24.23    0.00    0.00   14.18    0.00    0.00    0.00   39.43
19:08:16     all   20.82    0.00   21.59    0.26    0.00   14.91    0.00    0.00    0.00   42.42
19:08:17     all   20.60    0.00   19.60    0.00    0.00   14.57    0.00    0.00    0.00   45.23
19:08:18     all   21.99    0.00   21.99    0.00    0.00   14.83    0.00    0.00    0.00   41.18
19:08:19     all   20.51    0.00   21.28    0.00    0.00   13.08    0.00    0.00    0.00   45.13
19:08:20     all   20.78    0.00   21.04    0.00    0.00   12.47    0.00    0.00    0.00   45.71
19:08:21     all   21.07    0.00   23.10    0.00    0.00   13.71    0.00    0.00    0.00   42.13
19:08:22     all   22.11    0.00   22.37    0.00    0.00   14.91    0.00    0.00    0.00   40.62
19:08:23     all   21.54    0.00   20.26    0.00    0.00   13.59    0.00    0.00    0.00   44.62
19:08:24     all   22.70    0.00   21.17    0.00    0.00   13.01    0.00    0.00    0.00   43.11
19:08:25     all   22.34    0.00   22.08    0.00    0.00   15.48    0.00    0.00    0.00   40.10
19:08:26     all   21.94    0.00   21.68    0.26    0.00   14.80    0.00    0.00    0.00   41.33
19:08:27     all   20.77    0.00   22.82    0.00    0.00   13.85    0.00    0.00    0.00   42.56
19:08:28     all   20.31    0.00   21.08    0.00    0.00   12.60    0.00    0.00    0.00   46.02
19:08:29     all   21.34    0.00   23.91    0.00    0.00   14.14    0.00    0.00    0.00   40.62
19:08:30     all   21.12    0.00   22.14    0.00    0.00   16.03    0.00    0.00    0.00   40.71
19:08:31     all   21.46    0.00   22.98    0.00    0.00   15.15    0.00    0.00    0.00   40.40
19:08:32     all   20.10    0.00   22.94    0.26    0.00   13.92    0.00    0.00    0.00   42.78
19:08:33     all   21.23    0.00   21.74    0.00    0.00   13.55    0.00    0.00    0.00   43.48
19:08:34     all   21.66    0.00   22.67    0.00    0.00   15.11    0.00    0.00    0.00   40.55
19:08:35     all   20.41    0.00   21.45    0.00    0.00   12.92    0.00    0.00    0.00   45.22
19:08:36     all   21.94    0.00   23.72    0.00    0.00   14.54    0.00    0.00    0.00   39.80
19:08:37     all   21.85    0.00   21.08    0.00    0.00   14.40    0.00    0.00    0.00   42.67
19:08:38     all   21.48    0.00   23.02    0.26    0.00   15.35    0.00    0.00    0.00   39.90
19:08:39     all   22.67    0.00   24.18    0.00    0.00   16.88    0.00    0.00    0.00   36.27
19:08:40     all   21.68    0.00   21.94    0.00    0.00   15.31    0.00    0.00    0.00   41.07
19:08:41     all   21.61    0.00   24.62    0.00    0.00   16.33    0.00    0.00    0.00   37.44
19:08:42     all   22.22    0.00   21.97    0.00    0.00   15.91    0.00    0.00    0.00   39.90
19:08:43     all   21.17    0.00   19.90    0.00    0.00   14.29    0.00    0.00    0.00   44.64
19:08:44     all   21.37    0.00   23.41    0.00    0.00   13.99    0.00    0.00    0.00   41.22
19:08:45     all   21.34    0.00   21.34    0.00    0.00   13.62    0.00    0.00    0.00   43.70
19:08:46     all   21.43    0.00   22.19    0.00    0.00   14.29    0.00    0.00    0.00   42.09
19:08:47     all   23.41    0.00   23.41    0.00    0.00   16.28    0.00    0.00    0.00   36.90
19:08:48     all   20.88    0.00   21.13    0.26    0.00   15.21    0.00    0.00    0.00   42.53
19:08:49     all   22.08    0.00   17.66    0.00    0.00   13.25    0.00    0.00    0.00   47.01
19:08:50     all   21.65    0.00   15.21    0.00    0.00   13.40    0.00    0.00    0.00   49.74
19:08:51     all   22.19    0.00   10.44    0.00    0.00   12.53    0.00    0.00    0.00   54.83
19:08:52     all   21.96    0.00    7.75    0.00    0.00   13.95    0.00    0.00    0.00   56.33
19:08:53     all   22.31    0.00    6.67    0.26    0.00   15.38    0.00    0.00    0.00   55.38
19:08:54     all   22.65    0.00    6.87    0.00    0.00   15.52    0.00    0.00    0.00   54.96
19:08:55     all   24.17    0.00    9.67    0.00    0.00   15.78    0.00    0.00    0.00   50.38
19:08:56     all   21.45    0.00   13.70    0.00    0.00   12.66    0.00    0.00    0.00   52.20
19:08:57     all   20.47    0.00   16.58    0.00    0.00   12.44    0.00    0.00    0.00   50.52
19:08:58     all   21.91    0.00   22.16    0.00    0.00   12.89    0.00    0.00    0.00   43.04
19:08:59     all   21.23    0.00   21.99    0.26    0.00   15.35    0.00    0.00    0.00   41.18
19:09:00     all   21.79    0.00   22.82    0.00    0.00   13.85    0.00    0.00    0.00   41.54
19:09:01     all   22.22    0.00   23.99    0.00    0.00   15.91    0.00    0.00    0.00   37.88
19:09:02     all   19.69    0.00   20.21    0.00    0.00   11.92    0.00    0.00    0.00   48.19
19:09:03     all   21.19    0.00   22.48    0.00    0.00   12.92    0.00    0.00    0.00   43.41
19:09:04     all   21.66    0.00   20.40    0.25    0.00   14.11    0.00    0.00    0.00   43.58
19:09:05     all   21.28    0.00   22.82    0.00    0.00   15.64    0.00    0.00    0.00   40.26
19:09:06     all   20.63    0.00   21.15    0.00    0.00   12.01    0.00    0.00    0.00   46.21
19:09:07     all   21.17    0.00   18.62    0.00    0.00   14.54    0.00    0.00    0.00   45.66
19:09:08     all   21.09    0.00   18.23    0.00    0.00   13.54    0.00    0.00    0.00   47.14
19:09:09     all   22.34    0.00   16.36    0.00    0.00   12.47    0.00    0.00    0.00   48.83
19:09:10     all   20.95    0.00    8.49    0.27    0.00   12.47    0.00    0.00    0.00   57.82
19:09:11     all   21.76    0.00    8.29    0.00    0.00   14.25    0.00    0.00    0.00   55.70
19:09:12     all   22.76    0.00    7.42    0.00    0.00   16.62    0.00    0.00    0.00   53.20
19:09:13     all   22.25    0.00    9.16    0.00    0.00   13.35    0.00    0.00    0.00   55.24
19:09:14     all   21.88    0.00   13.23    0.00    0.00   15.78    0.00    0.00    0.00   49.11
19:09:15     all   21.96    0.00   16.80    0.26    0.00   14.99    0.00    0.00    0.00   45.99
19:09:16     all   22.68    0.00   21.39    0.00    0.00   13.14    0.00    0.00    0.00   42.78
19:09:17     all   21.85    0.00   23.39    0.00    0.00   14.65    0.00    0.00    0.00   40.10
19:09:18     all   21.28    0.00   23.08    0.00    0.00   15.13    0.00    0.00    0.00   40.51
19:09:19     all   20.71    0.00   21.21    0.00    0.00   15.40    0.00    0.00    0.00   42.68
19:09:20     all   20.98    0.00   22.54    0.00    0.00   12.69    0.00    0.00    0.00   43.78
19:09:21     all   20.96    0.00   20.45    0.00    0.00   16.16    0.00    0.00    0.00   42.42
19:09:22     all   20.41    0.00   23.21    0.00    0.00   14.80    0.00    0.00    0.00   41.58
19:09:23     all   22.11    0.00   22.11    0.00    0.00   14.14    0.00    0.00    0.00   41.65
19:09:24     all   22.37    0.00   21.59    0.00    0.00   14.40    0.00    0.00    0.00   41.65
19:09:25     all   20.41    0.00   22.45    0.26    0.00   15.56    0.00    0.00    0.00   41.33
19:09:26     all   20.83    0.00   19.79    0.00    0.00   12.50    0.00    0.00    0.00   46.88
19:09:27     all   22.05    0.00   17.18    0.00    0.00   14.10    0.00    0.00    0.00   46.67
19:09:28     all   22.02    0.00   18.39    0.00    0.00   12.69    0.00    0.00    0.00   46.89
19:09:29     all   21.88    0.00   12.72    0.00    0.00   14.50    0.00    0.00    0.00   50.89
19:09:30     all   20.83    0.00   17.71    0.00    0.00   13.02    0.00    0.00    0.00   48.44
19:09:31     all   20.26    0.00   18.44    0.00    0.00   13.77    0.00    0.00    0.00   47.53
19:09:32     all   21.76    0.00   20.47    0.00    0.00   12.44    0.00    0.00    0.00   45.34
19:09:33     all   20.26    0.00   21.54    0.00    0.00   13.33    0.00    0.00    0.00   44.87
19:09:34     all   22.45    0.00   22.98    0.00    0.00   14.62    0.00    0.00    0.00   39.95
19:09:35     all   22.22    0.00   20.20    0.00    0.00   15.66    0.00    0.00    0.00   41.92
19:09:36     all   21.48    0.00   21.74    0.26    0.00   12.79    0.00    0.00    0.00   43.73
19:09:37     all   21.03    0.00   22.05    0.00    0.00   12.31    0.00    0.00    0.00   44.62
19:09:38     all   21.39    0.00   20.88    0.00    0.00   13.40    0.00    0.00    0.00   44.33
19:09:39     all   20.93    0.00   20.41    0.00    0.00   12.66    0.00    0.00    0.00   45.99
19:09:40     all   21.71    0.00   17.57    0.00    0.00   13.18    0.00    0.00    0.00   47.55
19:09:41     all   19.69    0.00   21.48    0.00    0.00   14.07    0.00    0.00    0.00   44.76
19:09:42     all   23.00    0.00   14.21    0.00    0.00   13.70    0.00    0.00    0.00   49.10
19:09:43     all   21.39    0.00   19.33    0.00    0.00   13.92    0.00    0.00    0.00   45.36
19:09:44     all   20.78    0.00   17.40    0.00    0.00   13.51    0.00    0.00    0.00   48.31
19:09:45     all   22.08    0.00   22.34    0.00    0.00   13.77    0.00    0.00    0.00   41.82
19:09:46     all   21.46    0.00   22.47    0.00    0.00   16.67    0.00    0.00    0.00   39.39
19:09:47     all   20.97    0.00   23.02    0.00    0.00   15.35    0.00    0.00    0.00   40.66
19:09:48     all   22.88    0.00   19.79    0.00    0.00   12.34    0.00    0.00    0.00   44.99
19:09:49     all   22.25    0.00   21.74    0.00    0.00   14.32    0.00    0.00    0.00   41.69
19:09:50     all   23.74    0.00   22.98    0.00    0.00   18.18    0.00    0.00    0.00   35.10
19:09:51     all   21.85    0.00   22.88    0.00    0.00   17.22    0.00    0.00    0.00   38.05
19:09:52     all   20.81    0.00   21.32    0.00    0.00   14.21    0.00    0.00    0.00   43.65
19:09:53     all   22.22    0.00   19.12    0.00    0.00   12.66    0.00    0.00    0.00   45.99
19:09:54     all   21.68    0.00   24.23    0.51    0.00   16.07    0.00    0.00    0.00   37.50
19:09:55     all   20.83    0.00   19.01    0.00    0.00   13.28    0.00    0.00    0.00   46.88
19:09:56     all   20.97    0.00   17.14    0.00    0.00   14.58    0.00    0.00    0.00   47.31
19:09:57     all   23.10    0.00   20.81    0.00    0.00   16.24    0.00    0.00    0.00   39.85
19:09:58     all   21.71    0.00   20.16    0.00    0.00   15.50    0.00    0.00    0.00   42.64
19:09:59     all   20.05    0.00   18.78    0.00    0.00   12.69    0.00    0.00    0.00   48.48
19:10:00     all   22.14    0.00   22.66    0.00    0.00   12.76    0.00    0.00    0.00   42.45
19:10:01     all   22.14    0.00   20.61    0.00    0.00   14.25    0.00    0.00    0.00   43.00
19:10:02     all   21.82    0.00   22.34    0.00    0.00   13.25    0.00    0.00    0.00   42.60
19:10:03     all   21.30    0.00   22.34    0.00    0.00   14.03    0.00    0.00    0.00   42.34
19:10:04     all   20.98    0.00   23.83    0.00    0.00   12.18    0.00    0.00    0.00   43.01
19:10:05     all   20.92    0.00   20.66    0.00    0.00   14.29    0.00    0.00    0.00   44.13
19:10:06     all   20.05    0.00   22.11    0.00    0.00   14.65    0.00    0.00    0.00   43.19
19:10:07     all   21.65    0.00   22.42    0.00    0.00   13.14    0.00    0.00    0.00   42.78
19:10:08     all   21.82    0.00   22.60    0.00    0.00   14.29    0.00    0.00    0.00   41.30
19:10:09     all   21.59    0.00   22.62    0.00    0.00   15.17    0.00    0.00    0.00   40.62
19:10:10     all   21.03    0.00   21.28    0.00    0.00   12.56    0.00    0.00    0.00   45.13
19:10:11     all   21.76    0.00   22.02    0.00    0.00   13.73    0.00    0.00    0.00   42.49
19:10:12     all   20.63    0.00   19.06    0.00    0.00   11.75    0.00    0.00    0.00   48.56
19:10:13     all   22.51    0.00   18.93    0.00    0.00   15.09    0.00    0.00    0.00   43.48
19:10:14     all   21.45    0.00   18.35    0.00    0.00   15.50    0.00    0.00    0.00   44.70
19:10:15     all   23.44    0.00   14.58    0.00    0.00   14.84    0.00    0.00    0.00   47.14
19:10:16     all   22.94    0.00   10.05    0.00    0.00   14.43    0.00    0.00    0.00   52.58
19:10:17     all   20.89    0.00    7.57    0.00    0.00   13.84    0.00    0.00    0.00   57.70
19:10:18     all   21.99    0.00    5.76    0.00    0.00   14.40    0.00    0.00    0.00   57.85
19:10:19     all   23.64    0.00    6.75    0.26    0.00   14.55    0.00    0.00    0.00   54.81
19:10:20     all   21.04    0.00    5.19    0.00    0.00   12.47    0.00    0.00    0.00   61.30
19:10:21     all   23.10    0.00    7.61    0.00    0.00   13.12    0.00    0.00    0.00   56.17
19:10:22     all   23.06    0.00    5.96    0.00    0.00   13.99    0.00    0.00    0.00   56.99
19:10:23     all   22.45    0.00    5.74    0.00    0.00   13.84    0.00    0.00    0.00   57.96
19:10:24     all   21.99    0.00    5.88    0.00    0.00   13.81    0.00    0.00    0.00   58.31
19:10:25     all   21.71    0.00    4.39    0.26    0.00   13.18    0.00    0.00    0.00   60.47
19:10:26     all   23.58    0.00    5.70    0.00    0.00   15.03    0.00    0.00    0.00   55.70
19:10:27     all   21.34    0.00    5.40    0.00    0.00   14.91    0.00    0.00    0.00   58.35
19:10:28     all   22.53    0.00    6.33    0.00    0.00   16.71    0.00    0.00    0.00   54.43
19:10:29     all   23.51    0.00    5.68    0.00    0.00   16.80    0.00    0.00    0.00   54.01
19:10:30     all   22.39    0.00    6.11    0.00    0.00   16.54    0.00    0.00    0.00   54.96
19:10:31     all   21.09    0.00    5.99    0.00    0.00   14.32    0.00    0.00    0.00   58.59
19:10:32     all   21.19    0.00    5.68    0.00    0.00   14.99    0.00    0.00    0.00   58.14
19:10:33     all   20.89    0.00    6.79    0.00    0.00   12.53    0.00    0.00    0.00   59.79
19:10:34     all   21.77    0.00    5.57    0.00    0.00   15.70    0.00    0.00    0.00   56.96
19:10:35     all   22.19    0.00    6.89    0.00    0.00   16.07    0.00    0.00    0.00   54.85
19:10:36     all   23.72    0.00    7.65    0.26    0.00   15.05    0.00    0.00    0.00   53.32
19:10:37     all   22.45    0.00    5.74    0.00    0.00   13.84    0.00    0.00    0.00   57.96
19:10:38     all   23.36    0.00    5.51    0.00    0.00   15.75    0.00    0.00    0.00   55.38
19:10:39     all   25.82    0.00    5.57    0.00    0.00   16.20    0.00    0.00    0.00   52.41
19:10:40     all   22.19    0.00    4.59    0.00    0.00   14.80    0.00    0.00    0.00   58.42
19:10:41     all   21.88    0.00    5.73    0.00    0.00   13.80    0.00    0.00    0.00   58.59
19:10:42     all   23.32    0.00    5.70    0.00    0.00   16.32    0.00    0.00    0.00   54.66
19:10:43     all   22.65    0.00    6.36    0.00    0.00   17.05    0.00    0.00    0.00   53.94
19:10:44     all   22.82    0.00    6.15    0.00    0.00   16.67    0.00    0.00    0.00   54.36
19:10:45     all   22.22    0.00    6.46    0.00    0.00   13.18    0.00    0.00    0.00   58.14
19:10:46     all   22.45    0.00    5.10    0.00    0.00   16.07    0.00    0.00    0.00   56.38
19:10:47     all   21.91    0.00    6.19    0.26    0.00   16.49    0.00    0.00    0.00   55.15
19:10:48     all   24.29    0.00    6.72    0.00    0.00   14.99    0.00    0.00    0.00   54.01
19:10:49     all   21.41    0.00    6.79    0.00    0.00   14.10    0.00    0.00    0.00   57.70
19:10:50     all   22.77    0.00    6.81    0.00    0.00   14.40    0.00    0.00    0.00   56.02
19:10:51     all   22.28    0.00    5.18    0.00    0.00   13.47    0.00    0.00    0.00   59.07
19:10:52     all   20.37    0.00    6.01    0.00    0.00   13.84    0.00    0.00    0.00   59.79
19:10:53     all   23.16    0.00    6.58    0.00    0.00   13.16    0.00    0.00    0.00   57.11
19:10:54     all   23.12    0.00    6.49    0.00    0.00   15.58    0.00    0.00    0.00   54.81
19:10:55     all   23.82    0.00    6.28    0.00    0.00   15.18    0.00    0.00    0.00   54.71
19:10:56     all   23.12    0.00    5.71    0.00    0.00   14.29    0.00    0.00    0.00   56.88
19:10:57     all   22.11    0.00    6.94    0.26    0.00   15.68    0.00    0.00    0.00   55.01
19:10:58     all   23.18    0.00    5.21    0.00    0.00   13.80    0.00    0.00    0.00   57.81
19:10:59     all   22.75    0.00    6.88    0.00    0.00   12.43    0.00    0.00    0.00   57.94
19:11:00     all   22.08    0.00    6.35    0.00    0.00   14.72    0.00    0.00    0.00   56.85
19:11:01     all   23.79    0.00    5.88    0.00    0.00   16.11    0.00    0.00    0.00   54.22
19:11:02     all   22.82    0.00    4.87    0.26    0.00   15.38    0.00    0.00    0.00   56.67
19:11:03     all   22.28    0.00    5.70    0.00    0.00   13.99    0.00    0.00    0.00   58.03
19:11:04     all   22.72    0.00    6.53    0.00    0.00   14.36    0.00    0.00    0.00   56.40
19:11:05     all   21.47    0.00    5.76    0.26    0.00   12.83    0.00    0.00    0.00   59.69
19:11:06     all   22.88    0.00    9.77    0.00    0.00   14.40    0.00    0.00    0.00   52.96
19:11:07     all   21.88    0.00    9.38    0.00    0.00   14.58    0.00    0.00    0.00   54.17
19:11:08     all   22.05    0.00    9.74    0.00    0.00   14.10    0.00    0.00    0.00   54.10
19:11:09     all   22.43    0.00   10.29    0.00    0.00   11.87    0.00    0.00    0.00   55.41
19:11:10     all   22.88    0.00   13.11    0.00    0.00   16.20    0.00    0.00    0.00   47.81
19:11:11     all   21.76    0.00   18.13    0.00    0.00   13.99    0.00    0.00    0.00   46.11
19:11:12     all   20.47    0.00   20.73    0.52    0.00   13.21    0.00    0.00    0.00   45.08
19:11:13     all   22.34    0.00   24.11    0.00    0.00   16.24    0.00    0.00    0.00   37.31
19:11:14     all   22.82    0.00   24.36    0.00    0.00   17.44    0.00    0.00    0.00   35.38
19:11:15     all   20.36    0.00   20.36    0.00    0.00   13.40    0.00    0.00    0.00   45.88
19:11:16     all   22.96    0.00   22.45    0.00    0.00   15.56    0.00    0.00    0.00   39.03
19:11:17     all   20.77    0.00   23.08    0.00    0.00   13.85    0.00    0.00    0.00   42.31
19:11:18     all   20.47    0.00   20.98    0.26    0.00   14.25    0.00    0.00    0.00   44.04
19:11:19     all   20.51    0.00   20.51    0.00    0.00   12.56    0.00    0.00    0.00   46.41
19:11:20     all   20.83    0.00   22.14    0.00    0.00   11.98    0.00    0.00    0.00   45.05
19:11:21     all   23.08    0.00   23.08    0.00    0.00   17.44    0.00    0.00    0.00   36.41
19:11:22     all   21.08    0.00   22.88    0.00    0.00   13.37    0.00    0.00    0.00   42.67
19:11:23     all   22.51    0.00   21.99    0.00    0.00   16.11    0.00    0.00    0.00   39.39
19:11:24     all   20.98    0.00   21.24    0.00    0.00   13.99    0.00    0.00    0.00   43.78
19:11:25     all   24.42    0.00   23.14    0.00    0.00   16.97    0.00    0.00    0.00   35.48
19:11:26     all   21.85    0.00   21.34    0.00    0.00   17.22    0.00    0.00    0.00   39.59
19:11:27     all   21.43    0.00   21.94    0.00    0.00   13.78    0.00    0.00    0.00   42.86
19:11:28     all   21.23    0.00   22.51    0.00    0.00   15.35    0.00    0.00    0.00   40.92
19:11:29     all   20.82    0.00   23.14    0.00    0.00   14.14    0.00    0.00    0.00   41.90
19:11:30     all   19.12    0.00   20.41    0.00    0.00   11.89    0.00    0.00    0.00   48.58
19:11:31     all   21.96    0.00   22.22    0.00    0.00   14.47    0.00    0.00    0.00   41.34
19:11:32     all   21.32    0.00   22.34    0.00    0.00   13.96    0.00    0.00    0.00   42.39
19:11:33     all   22.80    0.00   22.02    0.00    0.00   13.47    0.00    0.00    0.00   41.71
19:11:34     all   21.17    0.00   22.45    0.26    0.00   14.03    0.00    0.00    0.00   42.09
19:11:35     all   19.38    0.00   20.16    0.00    0.00   12.66    0.00    0.00    0.00   47.80
19:11:36     all   21.32    0.00   22.34    0.00    0.00   13.96    0.00    0.00    0.00   42.39
19:11:37     all   22.54    0.00   24.09    0.00    0.00   15.80    0.00    0.00    0.00   37.56
19:11:38     all   20.26    0.00   23.08    0.00    0.00   14.62    0.00    0.00    0.00   42.05
19:11:39     all   21.68    0.00   22.96    0.00    0.00   14.54    0.00    0.00    0.00   40.82
19:11:40     all   20.00    0.00   22.82    0.00    0.00   13.08    0.00    0.00    0.00   44.10
19:11:41     all   21.19    0.00   23.00    0.00    0.00   12.92    0.00    0.00    0.00   42.89
19:11:42     all   22.74    0.00   21.96    0.00    0.00   16.80    0.00    0.00    0.00   38.50
19:11:43     all   20.76    0.00   22.28    0.00    0.00   13.42    0.00    0.00    0.00   43.54
19:11:44     all   20.62    0.00   20.62    0.26    0.00   12.89    0.00    0.00    0.00   45.62
19:11:45     all   19.85    0.00   20.88    0.52    0.00   12.11    0.00    0.00    0.00   46.65
19:11:46     all   22.05    0.00   22.31    0.00    0.00   14.10    0.00    0.00    0.00   41.54
19:11:47     all   21.48    0.00   23.79    0.00    0.00   15.09    0.00    0.00    0.00   39.64
19:11:48     all   19.43    0.00   20.98    0.00    0.00   12.95    0.00    0.00    0.00   46.63
19:11:49     all   20.66    0.00   22.19    0.00    0.00   12.50    0.00    0.00    0.00   44.64
19:11:50     all   21.34    0.00   22.37    0.00    0.00   14.40    0.00    0.00    0.00   41.90
19:11:51     all   21.65    0.00   22.68    0.26    0.00   15.21    0.00    0.00    0.00   40.21
19:11:52     all   18.97    0.00   21.03    0.00    0.00   11.79    0.00    0.00    0.00   48.21
19:11:53     all   20.46    0.00   24.04    0.00    0.00   14.32    0.00    0.00    0.00   41.18
19:11:54     all   22.42    0.00   22.16    0.00    0.00   15.21    0.00    0.00    0.00   40.21
19:11:55     all   21.59    0.00   22.37    0.00    0.00   15.42    0.00    0.00    0.00   40.62
19:11:56     all   21.01    0.00   21.27    0.00    0.00   14.18    0.00    0.00    0.00   43.54
19:11:57     all   20.51    0.00   23.08    0.00    0.00   13.33    0.00    0.00    0.00   43.08
19:11:58     all   21.45    0.00   22.48    0.00    0.00   13.18    0.00    0.00    0.00   42.89
19:11:59     all   21.39    0.00   24.48    0.00    0.00   16.49    0.00    0.00    0.00   37.63
19:12:00     all   20.41    0.00   21.17    0.00    0.00   13.27    0.00    0.00    0.00   45.15
19:12:01     all   21.08    0.00   23.14    0.00    0.00   14.40    0.00    0.00    0.00   41.39
19:12:02     all   22.14    0.00   21.12    0.25    0.00   14.25    0.00    0.00    0.00   42.24
19:12:03     all   21.54    0.00   21.03    0.00    0.00   13.08    0.00    0.00    0.00   44.36
19:12:04     all   21.63    0.00   20.87    0.00    0.00   15.78    0.00    0.00    0.00   41.73
19:12:05     all   21.07    0.00   21.32    0.00    0.00   14.97    0.00    0.00    0.00   42.64
19:12:06     all   22.76    0.00   22.76    0.00    0.00   14.32    0.00    0.00    0.00   40.15
19:12:07     all   19.79    0.00   21.85    0.00    0.00   13.11    0.00    0.00    0.00   45.24
19:12:08     all   22.08    0.00   21.04    0.26    0.00   11.95    0.00    0.00    0.00   44.68
19:12:09     all   21.46    0.00   21.72    0.00    0.00   14.65    0.00    0.00    0.00   42.17
19:12:10     all   22.45    0.00   22.19    0.00    0.00   14.80    0.00    0.00    0.00   40.56
19:12:11     all   21.23    0.00   21.23    0.00    0.00   15.35    0.00    0.00    0.00   42.20
19:12:12     all   21.54    0.00   22.82    0.00    0.00   15.38    0.00    0.00    0.00   40.26
19:12:13     all   21.32    0.00   22.84    0.00    0.00   17.51    0.00    0.00    0.00   38.32
19:12:14     all   21.63    0.00   23.41    0.00    0.00   13.99    0.00    0.00    0.00   40.97
19:12:15     all   21.48    0.00   22.51    0.00    0.00   16.11    0.00    0.00    0.00   39.90
19:12:16     all   21.13    0.00   20.88    0.00    0.00   14.69    0.00    0.00    0.00   43.30
19:12:17     all   22.96    0.00   22.96    0.00    0.00   14.54    0.00    0.00    0.00   39.54
19:12:18     all   21.45    0.00   24.03    0.00    0.00   14.47    0.00    0.00    0.00   40.05
19:12:19     all   21.16    0.00   22.17    0.00    0.00   16.12    0.00    0.00    0.00   40.55
19:12:20     all   22.11    0.00   21.85    0.00    0.00   14.91    0.00    0.00    0.00   41.13
19:12:21     all   21.76    0.00   22.28    0.00    0.00   13.47    0.00    0.00    0.00   42.49
19:12:22     all   20.92    0.00   23.47    0.00    0.00   14.03    0.00    0.00    0.00   41.58
19:12:23     all   20.73    0.00   22.28    0.00    0.00   12.18    0.00    0.00    0.00   44.82
19:12:24     all   21.48    0.00   21.74    0.00    0.00   14.07    0.00    0.00    0.00   42.71
19:12:25     all   21.30    0.00   22.34    0.52    0.00   12.73    0.00    0.00    0.00   43.12
19:12:26     all   22.19    0.00   24.23    0.00    0.00   15.56    0.00    0.00    0.00   38.01
19:12:27     all   21.63    0.00   23.16    0.00    0.00   17.56    0.00    0.00    0.00   37.66
19:12:28     all   21.97    0.00   21.46    0.00    0.00   14.90    0.00    0.00    0.00   41.67
19:12:29     all   19.18    0.00   21.99    0.00    0.00   13.81    0.00    0.00    0.00   45.01
19:12:30     all   22.45    0.00   22.45    0.52    0.00   13.84    0.00    0.00    0.00   40.73
19:12:31     all   22.16    0.00   22.42    0.00    0.00   15.21    0.00    0.00    0.00   40.21
19:12:32     all   21.83    0.00   22.34    0.00    0.00   14.72    0.00    0.00    0.00   41.12
19:12:33     all   21.43    0.00   21.68    0.00    0.00   14.80    0.00    0.00    0.00   42.09
19:12:34     all   20.57    0.00   21.34    0.00    0.00   12.60    0.00    0.00    0.00   45.50
19:12:35     all   20.97    0.00   20.46    0.00    0.00   15.35    0.00    0.00    0.00   43.22
19:12:36     all   19.95    0.00   22.51    0.00    0.00   13.55    0.00    0.00    0.00   43.99
19:12:37     all   23.43    0.00   22.67    0.00    0.00   16.88    0.00    0.00    0.00   37.03
19:12:38     all   21.39    0.00   22.42    0.00    0.00   14.69    0.00    0.00    0.00   41.49
19:12:39     all   21.50    0.00   21.24    0.00    0.00   13.47    0.00    0.00    0.00   43.78
19:12:40     all   21.65    0.00   23.45    0.00    0.00   13.14    0.00    0.00    0.00   41.75
19:12:41     all   21.12    0.00   22.14    0.25    0.00   14.50    0.00    0.00    0.00   41.98
19:12:42     all   21.23    0.00   23.53    0.00    0.00   16.62    0.00    0.00    0.00   38.62
19:12:43     all   21.17    0.00   20.41    0.00    0.00   12.76    0.00    0.00    0.00   45.66
19:12:44     all   22.70    0.00   19.13    0.00    0.00   14.29    0.00    0.00    0.00   43.88
19:12:45     all   21.34    0.00   20.57    0.00    0.00   13.37    0.00    0.00    0.00   44.73
19:12:46     all   21.37    0.00   20.36    0.00    0.00   13.23    0.00    0.00    0.00   45.04
19:12:47     all   23.26    0.00   17.31    0.00    0.00   15.25    0.00    0.00    0.00   44.19
19:12:48     all   20.21    0.00   17.62    0.00    0.00   14.51    0.00    0.00    0.00   47.67
19:12:49     all   21.99    0.00   16.75    0.00    0.00   12.83    0.00    0.00    0.00   48.43
19:12:50     all   21.56    0.00   19.48    0.00    0.00   14.03    0.00    0.00    0.00   44.94
19:12:51     all   22.48    0.00   10.85    0.00    0.00   13.18    0.00    0.00    0.00   53.49
19:12:52     all   21.85    0.00   10.28    0.00    0.00   14.91    0.00    0.00    0.00   52.96
19:12:53     all   22.68    0.00   10.57    0.00    0.00   14.43    0.00    0.00    0.00   52.32
19:12:54     all   22.63    0.00    5.26    0.00    0.00   12.89    0.00    0.00    0.00   59.21
19:12:55     all   21.56    0.00    5.45    0.00    0.00   13.51    0.00    0.00    0.00   59.48
19:12:56     all   22.92    0.00    5.54    0.00    0.00   16.12    0.00    0.00    0.00   55.42
19:12:57     all   20.78    0.00    5.97    1.04    0.00   13.51    0.00    0.00    0.00   58.70
19:12:58     all   21.76    0.00    6.22    0.00    0.00   13.73    0.00    0.00    0.00   58.29
19:12:59     all   22.86    0.00    5.71    0.00    0.00   14.29    0.00    0.00    0.00   57.14
19:13:00     all   24.03    0.00    5.94    0.00    0.00   15.50    0.00    0.00    0.00   54.52
19:13:01     all   24.04    0.00    6.14    0.00    0.00   17.65    0.00    0.00    0.00   52.17
19:13:02     all   23.59    0.00    6.15    0.00    0.00   15.64    0.00    0.00    0.00   54.62
19:13:03     all   22.92    0.00    5.73    0.00    0.00   16.67    0.00    0.00    0.00   54.69
19:13:04     all   21.26    0.00    6.82    0.00    0.00   11.29    0.00    0.00    0.00   60.63
19:13:05     all   22.08    0.00    6.75    0.00    0.00   14.03    0.00    0.00    0.00   57.14
19:13:06     all   22.83    0.00    6.82    0.00    0.00   14.70    0.00    0.00    0.00   55.64
19:13:07     all   22.77    0.00    6.28    0.26    0.00   14.92    0.00    0.00    0.00   55.76
19:13:08     all   21.30    0.00    5.97    0.00    0.00   13.77    0.00    0.00    0.00   58.96
19:13:09     all   22.51    0.00    5.76    0.00    0.00   13.35    0.00    0.00    0.00   58.38
19:13:10     all   24.02    0.00    6.27    0.00    0.00   14.10    0.00    0.00    0.00   55.61
19:13:11     all   22.77    0.00    6.28    0.00    0.00   14.40    0.00    0.00    0.00   56.54
19:13:12     all   21.76    0.00    5.96    0.00    0.00   14.25    0.00    0.00    0.00   58.03
19:13:13     all   22.16    0.00    6.70    0.00    0.00   15.46    0.00    0.00    0.00   55.67
19:13:14     all   22.89    0.00    5.26    0.00    0.00   11.84    0.00    0.00    0.00   60.00
19:13:15     all   21.48    0.00    5.63    0.00    0.00   14.58    0.00    0.00    0.00   58.31
19:13:16     all   22.39    0.00    6.36    0.00    0.00   16.03    0.00    0.00    0.00   55.22
19:13:17     all   22.16    0.00    5.80    0.00    0.00   12.93    0.00    0.00    0.00   59.10
19:13:18     all   21.27    0.00    5.57    0.51    0.00   12.91    0.00    0.00    0.00   59.75
19:13:19     all   22.48    0.00    6.20    0.00    0.00   14.47    0.00    0.00    0.00   56.85
19:13:20     all   23.04    0.00    6.02    0.00    0.00   14.92    0.00    0.00    0.00   56.02
19:13:21     all   21.73    0.00    6.28    0.00    0.00   13.35    0.00    0.00    0.00   58.64
19:13:22     all   21.59    0.00    5.91    0.00    0.00   13.37    0.00    0.00    0.00   59.13
19:13:23     all   23.71    0.00    6.44    0.26    0.00   16.49    0.00    0.00    0.00   53.09
19:13:24     all   21.35    0.00    5.99    0.00    0.00   15.10    0.00    0.00    0.00   57.55
19:13:25     all   22.80    0.00    4.92    0.00    0.00   13.47    0.00    0.00    0.00   58.81
19:13:26     all   21.03    0.00    5.38    0.00    0.00   13.08    0.00    0.00    0.00   60.51
19:13:27     all   23.80    0.00    6.33    0.00    0.00   15.70    0.00    0.00    0.00   54.18
19:13:28     all   22.25    0.00    5.88    0.00    0.00   14.07    0.00    0.00    0.00   57.80
19:13:29     all   21.79    0.00    5.13    0.00    0.00   14.87    0.00    0.00    0.00   58.21
19:13:30     all   21.61    0.00    5.99    0.00    0.00   13.54    0.00    0.00    0.00   58.85
19:13:31     all   20.82    0.00    6.17    0.00    0.00   13.88    0.00    0.00    0.00   59.13
19:13:32     all   23.26    0.00    5.43    0.00    0.00   13.70    0.00    0.00    0.00   57.62
19:13:33     all   22.22    0.00    6.46    0.00    0.00   14.99    0.00    0.00    0.00   56.33
19:13:34     all   23.77    0.00    6.98    0.00    0.00   16.28    0.00    0.00    0.00   52.97
19:13:35     all   21.47    0.00    4.97    0.00    0.00   13.61    0.00    0.00    0.00   59.95
19:13:36     all   20.92    0.00    8.16    0.00    0.00   13.78    0.00    0.00    0.00   57.14
19:13:37     all   22.82    0.00    6.92    0.00    0.00   17.69    0.00    0.00    0.00   52.56
19:13:38     all   22.68    0.00    5.41    0.00    0.00   14.69    0.00    0.00    0.00   57.22
19:13:39     all   22.66    0.00    5.47    0.00    0.00   14.32    0.00    0.00    0.00   57.55
19:13:40     all   21.50    0.00    5.70    0.26    0.00   13.47    0.00    0.00    0.00   59.07
19:13:41     all   24.10    0.00    6.92    0.00    0.00   17.18    0.00    0.00    0.00   51.79
19:13:42     all   23.79    0.00    5.88    0.00    0.00   17.39    0.00    0.00    0.00   52.94
19:13:43     all   23.16    0.00    7.11    0.00    0.00   15.00    0.00    0.00    0.00   54.74
19:13:44     all   22.90    0.00    5.60    0.00    0.00   16.28    0.00    0.00    0.00   55.22
19:13:45     all   23.70    0.00    5.99    0.52    0.00   15.36    0.00    0.00    0.00   54.43
19:13:46     all   22.66    0.00    6.51    0.00    0.00   14.58    0.00    0.00    0.00   56.25
19:13:47     all   23.91    0.00    5.66    0.00    0.00   15.94    0.00    0.00    0.00   54.50
19:13:48     all   21.39    0.00    5.41    0.00    0.00   14.43    0.00    0.00    0.00   58.76
19:13:49     all   22.03    0.00    6.08    0.00    0.00   15.44    0.00    0.00    0.00   56.46
19:13:50     all   21.93    0.00    6.27    0.26    0.00   14.62    0.00    0.00    0.00   56.92
19:13:51     all   21.76    0.00    6.74    0.00    0.00   13.99    0.00    0.00    0.00   57.51
19:13:52     all   21.23    0.00    5.37    0.00    0.00   14.83    0.00    0.00    0.00   58.57
19:13:53     all   20.57    0.00    5.91    0.00    0.00   14.40    0.00    0.00    0.00   59.13
19:13:54     all   21.93    0.00    4.96    0.00    0.00   14.10    0.00    0.00    0.00   59.01
19:13:55     all   21.68    0.00    5.61    0.26    0.00   14.54    0.00    0.00    0.00   57.91
19:13:56     all   22.68    0.00    6.44    0.00    0.00   14.43    0.00    0.00    0.00   56.44
19:13:57     all   22.90    0.00    5.85    0.00    0.00   15.01    0.00    0.00    0.00   56.23
19:13:58     all   20.63    0.00    6.88    0.00    0.00   11.64    0.00    0.00    0.00   60.85
19:13:59     all   22.02    0.00    5.18    0.00    0.00   14.51    0.00    0.00    0.00   58.29
19:14:00     all   23.64    0.00    5.97    0.00    0.00   14.55    0.00    0.00    0.00   55.84
19:14:01     all   22.73    0.00    5.30    0.25    0.00   15.91    0.00    0.00    0.00   55.81
19:14:02     all   23.50    0.00    5.22    0.00    0.00   14.10    0.00    0.00    0.00   57.18
19:14:03     all   21.71    0.00    5.68    0.00    0.00   14.73    0.00    0.00    0.00   57.88
19:14:04     all   22.05    0.00    6.15    0.00    0.00   15.90    0.00    0.00    0.00   55.90
19:14:05     all   23.36    0.00    5.51    0.00    0.00   14.44    0.00    0.00    0.00   56.69
19:14:06     all   22.61    0.00    6.12    0.00    0.00   13.83    0.00    0.00    0.00   57.45
19:14:07     all   22.90    0.00    6.11    0.00    0.00   15.27    0.00    0.00    0.00   55.73
19:14:08     all   23.12    0.00    6.23    0.00    0.00   15.58    0.00    0.00    0.00   55.06
19:14:09     all   21.13    0.00    6.19    0.00    0.00   14.18    0.00    0.00    0.00   58.51
19:14:10     all   23.33    0.00    6.41    0.00    0.00   14.10    0.00    0.00    0.00   56.15
19:14:11     all   22.88    0.00    4.88    0.00    0.00   15.42    0.00    0.00    0.00   56.81
19:14:12     all   22.02    0.00    6.48    0.00    0.00   14.51    0.00    0.00    0.00   56.99
19:14:13     all   23.42    0.00    6.32    0.53    0.00   13.68    0.00    0.00    0.00   56.05
19:14:14     all   21.45    0.00    6.46    0.00    0.00   15.25    0.00    0.00    0.00   56.85
19:14:15     all   23.59    0.00    6.41    0.00    0.00   15.13    0.00    0.00    0.00   54.87
19:14:16     all   21.35    0.00    5.73    0.00    0.00   13.80    0.00    0.00    0.00   59.11
19:14:17     all   22.34    0.00    6.49    0.00    0.00   14.29    0.00    0.00    0.00   56.88
19:14:18     all   23.26    0.00    5.43    0.00    0.00   14.21    0.00    0.00    0.00   57.11
19:14:19     all   22.86    0.00    5.71    0.00    0.00   14.81    0.00    0.00    0.00   56.62
19:14:20     all   23.02    0.00    6.14    0.00    0.00   15.09    0.00    0.00    0.00   55.75
19:14:21     all   24.55    0.00    6.65    0.26    0.00   17.14    0.00    0.00    0.00   51.41
19:14:22     all   25.76    0.00    6.57    0.00    0.00   19.44    0.00    0.00    0.00   48.23
19:14:23     all   22.08    0.00    5.45    0.00    0.00   13.51    0.00    0.00    0.00   58.96
19:14:24     all   22.45    0.00    6.01    0.00    0.00   14.10    0.00    0.00    0.00   57.44
19:14:25     all   23.90    0.00    6.23    0.00    0.00   14.29    0.00    0.00    0.00   55.58
19:14:26     all   23.58    0.00    6.48    0.26    0.00   14.77    0.00    0.00    0.00   54.92
19:14:27     all   23.90    0.00    5.45    0.00    0.00   15.06    0.00    0.00    0.00   55.58
19:14:28     all   21.08    0.00    5.91    0.00    0.00   13.88    0.00    0.00    0.00   59.13
19:14:29     all   23.26    0.00    5.94    0.00    0.00   15.25    0.00    0.00    0.00   55.56
19:14:30     all   23.22    0.00    6.33    0.00    0.00   13.19    0.00    0.00    0.00   57.26
19:14:31     all   22.37    0.00    6.05    0.00    0.00   14.21    0.00    0.00    0.00   57.37
19:14:32     all   22.72    0.00    7.05    0.26    0.00   13.58    0.00    0.00    0.00   56.40
19:14:33     all   23.18    0.00    5.99    0.00    0.00   11.98    0.00    0.00    0.00   58.85
19:14:34     all   23.44    0.00    5.21    0.00    0.00   14.84    0.00    0.00    0.00   56.51
19:14:35     all   21.15    0.00    6.27    0.00    0.00   12.27    0.00    0.00    0.00   60.31
19:14:36     all   23.44    0.00    6.77    0.00    0.00   14.84    0.00    0.00    0.00   54.95
19:14:37     all   21.17    0.00    6.38    0.26    0.00   13.27    0.00    0.00    0.00   58.93
19:14:38     all   22.72    0.00    6.27    0.00    0.00   14.88    0.00    0.00    0.00   56.14
19:14:39     all   21.28    0.00    5.38    0.00    0.00   12.82    0.00    0.00    0.00   60.51
19:14:40     all   24.15    0.00    6.82    0.00    0.00   14.96    0.00    0.00    0.00   54.07
19:14:41     all   23.39    0.00    5.14    0.00    0.00   14.91    0.00    0.00    0.00   56.56
19:14:42     all   23.58    0.00    6.48    0.00    0.00   15.03    0.00    0.00    0.00   54.92
19:14:43     all   22.11    0.00    6.17    0.00    0.00   15.68    0.00    0.00    0.00   56.04
19:14:44     all   23.06    0.00    6.99    0.00    0.00   15.54    0.00    0.00    0.00   54.40
19:14:45     all   23.77    0.00    6.72    0.00    0.00   14.73    0.00    0.00    0.00   54.78
19:14:46     all   23.32    0.00    6.74    0.00    0.00   14.51    0.00    0.00    0.00   55.44
19:14:47     all   23.62    0.00    6.30    0.00    0.00   15.75    0.00    0.00    0.00   54.33
19:14:48     all   22.60    0.00    5.97    0.52    0.00   13.77    0.00    0.00    0.00   57.14
19:14:49     all   23.77    0.00    6.46    0.00    0.00   14.99    0.00    0.00    0.00   54.78
19:14:50     all   23.00    0.00    5.94    0.00    0.00   15.50    0.00    0.00    0.00   55.56
19:14:51     all   23.64    0.00    6.23    0.00    0.00   15.84    0.00    0.00    0.00   54.29
19:14:52     all   24.35    0.00    6.02    0.00    0.00   14.92    0.00    0.00    0.00   54.71
19:14:53     all   22.40    0.00    6.77    0.00    0.00   15.36    0.00    0.00    0.00   55.47
19:14:54     all   23.50    0.00    6.27    0.00    0.00   14.10    0.00    0.00    0.00   56.14
19:14:55     all   22.34    0.00    5.71    0.00    0.00   14.55    0.00    0.00    0.00   57.40
19:14:56     all   22.25    0.00    5.24    0.00    0.00   13.61    0.00    0.00    0.00   58.90
19:14:57     all   23.30    0.00    5.76    0.00    0.00   13.87    0.00    0.00    0.00   57.07
19:14:58     all   23.90    0.00    5.97    0.00    0.00   16.10    0.00    0.00    0.00   54.03
19:14:59     all   23.20    0.00    5.67    0.26    0.00   14.43    0.00    0.00    0.00   56.44
19:15:00     all   23.36    0.00    6.04    0.00    0.00   14.96    0.00    0.00    0.00   55.64
19:15:01     all   22.94    0.00    5.15    0.00    0.00   15.46    0.00    0.00    0.00   56.44
19:15:02     all   23.20    0.00    5.93    0.00    0.00   14.95    0.00    0.00    0.00   55.93
19:15:03     all   23.38    0.00    6.23    0.00    0.00   17.14    0.00    0.00    0.00   53.25
19:15:04     all   23.33    0.00    5.90    0.00    0.00   13.85    0.00    0.00    0.00   56.92
19:15:05     all   22.67    0.00    6.67    0.00    0.00   13.07    0.00    0.00    0.00   57.60
19:15:06     all   22.89    0.00    6.05    0.00    0.00   13.42    0.00    0.00    0.00   57.63
19:15:07     all   22.05    0.00    6.15    0.00    0.00   14.36    0.00    0.00    0.00   57.44
19:15:08     all   21.64    0.00    6.07    0.00    0.00   12.93    0.00    0.00    0.00   59.37
19:15:09     all   22.98    0.00    6.79    0.26    0.00   14.62    0.00    0.00    0.00   55.35
19:15:10     all   22.88    0.00    6.17    0.00    0.00   15.42    0.00    0.00    0.00   55.53
19:15:11     all   22.77    0.00    6.28    0.00    0.00   12.83    0.00    0.00    0.00   58.12
19:15:12     all   21.68    0.00    4.85    0.00    0.00   14.54    0.00    0.00    0.00   58.93
19:15:13     all   22.68    0.00    7.47    0.00    0.00   13.66    0.00    0.00    0.00   56.19
19:15:14     all   21.00    0.00    6.04    0.00    0.00   13.39    0.00    0.00    0.00   59.58
19:15:15     all   23.40    0.00    6.38    0.00    0.00   13.83    0.00    0.00    0.00   56.38
19:15:16     all   23.10    0.00    5.58    0.00    0.00   15.23    0.00    0.00    0.00   56.09
19:15:17     all   22.39    0.00    4.58    0.00    0.00   13.99    0.00    0.00    0.00   59.03
19:15:18     all   22.51    0.00    6.54    0.00    0.00   13.61    0.00    0.00    0.00   57.33
19:15:19     all   24.40    0.00    6.37    0.00    0.00   13.79    0.00    0.00    0.00   55.44
19:15:20     all   21.79    0.00    5.13    0.00    0.00   13.59    0.00    0.00    0.00   59.49
19:15:21     all   23.30    0.00    5.76    0.00    0.00   15.18    0.00    0.00    0.00   55.76
19:15:22     all   22.74    0.00    5.43    0.00    0.00   13.18    0.00    0.00    0.00   58.66
19:15:23     all   23.06    0.00    6.48    0.00    0.00   13.73    0.00    0.00    0.00   56.74
19:15:24     all   23.22    0.00    6.33    0.00    0.00   13.46    0.00    0.00    0.00   56.99
19:15:25     all   20.96    0.00    5.30    0.51    0.00   13.89    0.00    0.00    0.00   59.34
19:15:26     all   22.08    0.00    5.84    0.00    0.00   15.48    0.00    0.00    0.00   56.60
19:15:27     all   21.67    0.00    6.53    0.00    0.00   14.10    0.00    0.00    0.00   57.70
19:15:28     all   22.53    0.00    5.57    0.00    0.00   17.22    0.00    0.00    0.00   54.68
19:15:29     all   23.42    0.00    6.58    0.00    0.00   13.95    0.00    0.00    0.00   56.05
19:15:30     all   22.40    0.00    6.25    0.00    0.00   14.32    0.00    0.00    0.00   57.03
19:15:31     all   22.62    0.00    6.68    0.00    0.00   15.17    0.00    0.00    0.00   55.53
19:15:32     all   21.50    0.00    5.44    0.00    0.00   13.21    0.00    0.00    0.00   59.84
19:15:33     all   23.44    0.00    5.73    0.00    0.00   13.80    0.00    0.00    0.00   57.03
19:15:34     all   22.31    0.00    5.90    0.00    0.00   14.87    0.00    0.00    0.00   56.92
19:15:35     all   22.70    0.00    5.61    0.00    0.00   15.31    0.00    0.00    0.00   56.38
19:15:36     all   21.19    0.00    8.01    0.26    0.00   14.73    0.00    0.00    0.00   55.81
19:15:37     all   22.98    0.00    7.05    0.00    0.00   14.10    0.00    0.00    0.00   55.87
19:15:38     all   24.03    0.00    6.20    0.00    0.00   15.50    0.00    0.00    0.00   54.26
19:15:39     all   23.10    0.00    5.77    0.00    0.00   12.07    0.00    0.00    0.00   59.06
19:15:40     all   22.56    0.00    6.15    0.00    0.00   15.64    0.00    0.00    0.00   55.64
19:15:41     all   22.28    0.00    6.22    0.26    0.00   12.95    0.00    0.00    0.00   58.29
19:15:42     all   22.92    0.00    5.73    0.00    0.00   15.36    0.00    0.00    0.00   55.99
19:15:43     all   22.25    0.00    6.54    0.00    0.00   13.09    0.00    0.00    0.00   58.12
19:15:44     all   22.14    0.00    6.77    0.00    0.00   14.32    0.00    0.00    0.00   56.77
19:15:45     all   21.57    0.00    4.31    0.00    0.00   15.48    0.00    0.00    0.00   58.63
19:15:46     all   23.24    0.00    6.53    0.52    0.00   13.58    0.00    0.00    0.00   56.14
19:15:47     all   23.04    0.00    5.76    0.00    0.00   14.66    0.00    0.00    0.00   56.54
19:15:48     all   21.58    0.00    6.05    0.00    0.00   12.63    0.00    0.00    0.00   59.74
19:15:49     all   23.71    0.00    5.15    0.00    0.00   13.66    0.00    0.00    0.00   57.47
19:15:50     all   23.10    0.00    7.61    0.00    0.00   13.12    0.00    0.00    0.00   56.17
19:15:51     all   21.82    0.00    5.71    0.00    0.00   13.77    0.00    0.00    0.00   58.70
19:15:52     all   22.11    0.00    5.66    0.00    0.00   14.65    0.00    0.00    0.00   57.58
19:15:53     all   23.02    0.00    5.88    0.00    0.00   15.09    0.00    0.00    0.00   56.01
19:15:54     all   24.27    0.00    6.33    0.00    0.00   13.98    0.00    0.00    0.00   55.41
19:15:55     all   22.57    0.00    6.04    0.00    0.00   13.39    0.00    0.00    0.00   58.01
19:15:56     all   21.30    0.00    6.49    0.52    0.00   13.25    0.00    0.00    0.00   58.44
19:15:57     all   22.05    0.00    5.77    0.00    0.00   13.39    0.00    0.00    0.00   58.79
19:15:58     all   23.72    0.00    6.12    0.00    0.00   15.82    0.00    0.00    0.00   54.34
19:15:59     all   22.37    0.00    5.26    0.00    0.00   13.68    0.00    0.00    0.00   58.68
19:16:00     all   22.37    0.00    5.91    0.00    0.00   13.37    0.00    0.00    0.00   58.35
19:16:01     all   21.93    0.00    6.27    0.26    0.00   13.32    0.00    0.00    0.00   58.22
19:16:02     all   21.20    0.00    6.54    0.00    0.00   13.87    0.00    0.00    0.00   58.38
19:16:03     all   22.51    0.00    6.28    0.00    0.00   12.83    0.00    0.00    0.00   58.38
19:16:04     all   21.69    0.00    6.35    0.00    0.00   12.96    0.00    0.00    0.00   58.99
19:16:05     all   21.96    0.00    5.94    0.00    0.00   14.99    0.00    0.00    0.00   57.11
19:16:06     all   22.74    0.00    5.68    0.00    0.00   13.70    0.00    0.00    0.00   57.88
19:16:07     all   21.91    0.00    6.44    0.00    0.00   15.21    0.00    0.00    0.00   56.44
19:16:08     all   22.70    0.00    5.10    0.00    0.00   16.58    0.00    0.00    0.00   55.61
19:16:09     all   23.37    0.00    5.28    0.00    0.00   15.58    0.00    0.00    0.00   55.78
19:16:10     all   22.57    0.00    6.82    0.00    0.00   13.39    0.00    0.00    0.00   57.22
19:16:11     all   23.22    0.00    6.60    0.00    0.00   12.66    0.00    0.00    0.00   57.52
19:16:12     all   21.65    0.00    6.44    0.00    0.00   14.95    0.00    0.00    0.00   56.96
19:16:13     all   23.82    0.00    7.07    0.00    0.00   15.97    0.00    0.00    0.00   53.14
19:16:14     all   22.28    0.00    5.96    0.00    0.00   14.51    0.00    0.00    0.00   57.25
19:16:15     all   23.20    0.00    6.19    0.00    0.00   15.21    0.00    0.00    0.00   55.41
19:16:16     all   22.76    0.00    5.88    0.00    0.00   15.60    0.00    0.00    0.00   55.75
19:16:17     all   22.28    0.00    5.44    0.00    0.00   15.80    0.00    0.00    0.00   56.48
19:16:18     all   22.45    0.00    5.87    0.26    0.00   14.03    0.00    0.00    0.00   57.40
19:16:19     all    3.78    0.00    2.27    0.00    0.00    1.51    0.00    0.00    0.00   92.44
19:16:20     all    0.25    0.00    0.00    0.00    0.00    0.00    0.00    0.00    0.00   99.75
19:16:21     all    0.25    0.00    0.00    0.00    0.00    0.00    0.00    0.00    0.00   99.75
19:16:22     all    0.00    0.00    0.00    0.00    0.00    0.00    0.00    0.00    0.00  100.00
19:16:23     all    0.00    0.00    0.00    0.00    0.00    0.00    0.00    0.00    0.00  100.00
19:16:24     all    0.00    0.00    0.00    0.00    0.00    0.00    0.00    0.00    0.00  100.00
19:16:25     all    0.00    0.00    0.00    0.00    0.00    0.00    0.00    0.00    0.00  100.00
19:16:26     all    0.00    0.00    0.00    0.00    0.00    0.00    0.00    0.00    0.00  100.00
19:16:27     all    0.00    0.00    0.00    0.00    0.00    0.00    0.00    0.00    0.00  100.00
19:16:28     all    0.25    0.00    0.00    0.00    0.00    0.00    0.00    0.00    0.00   99.75
