Linux 6.8.0-1064-azure (csb-bench-host-azure) 	08/16/26 	_x86_64_	(4 CPU)

08:58:02     CPU    %usr   %nice    %sys %iowait    %irq   %soft  %steal  %guest  %gnice   %idle
08:58:03     all    2.53    0.00    3.03   93.69    0.00    0.00    0.00    0.00    0.00    0.76
08:58:04     all    0.00    0.00    0.00  100.00    0.00    0.00    0.00    0.00    0.00    0.00
08:58:05     all    0.25    0.00    0.25   99.50    0.00    0.00    0.00    0.00    0.00    0.00
08:58:06     all    0.00    0.00    0.00  100.00    0.00    0.00    0.00    0.00    0.00    0.00
08:58:07     all    0.00    0.00    0.00  100.00    0.00    0.00    0.00    0.00    0.00    0.00
08:58:08     all    0.00    0.00    0.00  100.00    0.00    0.00    0.00    0.00    0.00    0.00
08:58:09     all    0.00    0.00    0.00  100.00    0.00    0.00    0.00    0.00    0.00    0.00
08:58:10     all    0.00    0.00    0.00  100.00    0.00    0.00    0.00    0.00    0.00    0.00
08:58:11     all    0.00    0.00    0.25   99.75    0.00    0.00    0.00    0.00    0.00    0.00
08:58:12     all    0.25    0.00    0.00   99.75    0.00    0.00    0.00    0.00    0.00    0.00
08:58:13     all    0.00    0.00    0.25   99.75    0.00    0.00    0.00    0.00    0.00    0.00
08:58:14     all    0.00    0.00    0.25   99.50    0.00    0.25    0.00    0.00    0.00    0.00
08:58:15     all    0.00    0.00    0.00  100.00    0.00    0.00    0.00    0.00    0.00    0.00
08:58:16     all    0.25    0.00    0.00   99.75    0.00    0.00    0.00    0.00    0.00    0.00
08:58:17     all    0.00    0.00    0.00  100.00    0.00    0.00    0.00    0.00    0.00    0.00
08:58:18     all    0.25    0.00    0.25   99.50    0.00    0.00    0.00    0.00    0.00    0.00
08:58:19     all    0.25    0.00    0.00   99.75    0.00    0.00    0.00    0.00    0.00    0.00
08:58:20     all    0.00    0.00    0.00  100.00    0.00    0.00    0.00    0.00    0.00    0.00
08:58:21     all    0.00    0.00    0.00  100.00    0.00    0.00    0.00    0.00    0.00    0.00
08:58:22     all    0.00    0.00    0.00  100.00    0.00    0.00    0.00    0.00    0.00    0.00
08:58:23     all    0.25    0.00    0.75   99.00    0.00    0.00    0.00    0.00    0.00    0.00
08:58:24     all    0.00    0.00    0.00  100.00    0.00    0.00    0.00    0.00    0.00    0.00
08:58:25     all    0.00    0.00    0.00  100.00    0.00    0.00    0.00    0.00    0.00    0.00
08:58:26     all    0.00    0.00    0.00  100.00    0.00    0.00    0.00    0.00    0.00    0.00
08:58:27     all    0.00    0.00    0.00  100.00    0.00    0.00    0.00    0.00    0.00    0.00
08:58:28     all    0.00    0.00    0.00  100.00    0.00    0.00    0.00    0.00    0.00    0.00
08:58:29     all    0.25    0.00    0.00   99.75    0.00    0.00    0.00    0.00    0.00    0.00
08:58:30     all    0.00    0.00    0.00  100.00    0.00    0.00    0.00    0.00    0.00    0.00
08:58:31     all    0.00    0.00    0.25   99.75    0.00    0.00    0.00    0.00    0.00    0.00
08:58:32     all    0.25    0.00    1.00   98.25    0.00    0.50    0.00    0.00    0.00    0.00
08:58:33     all    0.00    0.00    0.00  100.00    0.00    0.00    0.00    0.00    0.00    0.00
08:58:34     all    0.00    0.00    0.00  100.00    0.00    0.00    0.00    0.00    0.00    0.00
08:58:35     all    0.25    0.00    0.25   99.50    0.00    0.00    0.00    0.00    0.00    0.00
08:58:36     all    0.00    0.00    0.00  100.00    0.00    0.00    0.00    0.00    0.00    0.00
08:58:37     all    0.00    0.00    0.00  100.00    0.00    0.00    0.00    0.00    0.00    0.00
08:58:38     all    0.00    0.00    0.00  100.00    0.00    0.00    0.00    0.00    0.00    0.00
08:58:39     all    0.00    0.00    0.25   99.75    0.00    0.00    0.00    0.00    0.00    0.00
08:58:40     all    0.00    0.00    0.00  100.00    0.00    0.00    0.00    0.00    0.00    0.00
08:58:41     all    0.25    0.00    0.25   99.50    0.00    0.00    0.00    0.00    0.00    0.00
08:58:42     all    0.25    0.00    0.00   99.75    0.00    0.00    0.00    0.00    0.00    0.00
08:58:43     all    0.00    0.00    0.00  100.00    0.00    0.00    0.00    0.00    0.00    0.00
08:58:44     all    0.00    0.00    0.00  100.00    0.00    0.00    0.00    0.00    0.00    0.00
08:58:45     all    0.00    0.00    0.00  100.00    0.00    0.00    0.00    0.00    0.00    0.00
08:58:46     all    0.25    0.00    0.00   99.75    0.00    0.00    0.00    0.00    0.00    0.00
08:58:47     all    0.00    0.00    0.25   99.75    0.00    0.00    0.00    0.00    0.00    0.00
08:58:48     all    0.00    0.00    0.50   99.50    0.00    0.00    0.00    0.00    0.00    0.00
08:58:49     all    0.00    0.00    0.00  100.00    0.00    0.00    0.00    0.00    0.00    0.00
08:58:50     all    0.00    0.00    0.00  100.00    0.00    0.00    0.00    0.00    0.00    0.00
08:58:51     all    0.25    0.00    0.25   99.50    0.00    0.00    0.00    0.00    0.00    0.00
08:58:52     all    0.00    0.00    0.00  100.00    0.00    0.00    0.00    0.00    0.00    0.00
08:58:53     all    0.00    0.00    0.00  100.00    0.00    0.00    0.00    0.00    0.00    0.00
08:58:54     all    0.00    0.00    0.00   99.75    0.00    0.25    0.00    0.00    0.00    0.00
08:58:55     all    0.00    0.00    0.00  100.00    0.00    0.00    0.00    0.00    0.00    0.00
08:58:56     all    0.00    0.00    0.00  100.00    0.00    0.00    0.00    0.00    0.00    0.00
08:58:57     all    0.25    0.00    0.00   99.75    0.00    0.00    0.00    0.00    0.00    0.00
08:58:58     all    0.00    0.00    0.25   99.75    0.00    0.00    0.00    0.00    0.00    0.00
08:58:59     all    0.00    0.00    0.25   99.75    0.00    0.00    0.00    0.00    0.00    0.00
08:59:00     all    0.25    0.00    0.25   99.50    0.00    0.00    0.00    0.00    0.00    0.00
08:59:01     all    0.00    0.00    0.00  100.00    0.00    0.00    0.00    0.00    0.00    0.00
08:59:02     all    0.00    0.00    0.00  100.00    0.00    0.00    0.00    0.00    0.00    0.00
08:59:03     all    0.00    0.00    0.00  100.00    0.00    0.00    0.00    0.00    0.00    0.00
08:59:04     all    0.00    0.00    0.00  100.00    0.00    0.00    0.00    0.00    0.00    0.00
08:59:05     all    0.00    0.00    0.25   99.75    0.00    0.00    0.00    0.00    0.00    0.00
08:59:06     all    0.00    0.00    0.00  100.00    0.00    0.00    0.00    0.00    0.00    0.00
08:59:07     all    0.00    0.00    0.00  100.00    0.00    0.00    0.00    0.00    0.00    0.00
08:59:08     all    0.00    0.00    0.00  100.00    0.00    0.00    0.00    0.00    0.00    0.00
08:59:09     all    0.00    0.00    0.00  100.00    0.00    0.00    0.00    0.00    0.00    0.00
08:59:10     all    0.00    0.00    0.25   99.75    0.00    0.00    0.00    0.00    0.00    0.00
08:59:11     all    0.00    0.00    0.25   99.75    0.00    0.00    0.00    0.00    0.00    0.00
08:59:12     all    0.25    0.00    0.00   99.75    0.00    0.00    0.00    0.00    0.00    0.00
08:59:13     all    0.00    0.00    0.25   99.75    0.00    0.00    0.00    0.00    0.00    0.00
08:59:14     all    0.25    0.00    0.00   99.75    0.00    0.00    0.00    0.00    0.00    0.00
08:59:15     all    0.00    0.00    0.00  100.00    0.00    0.00    0.00    0.00    0.00    0.00
08:59:16     all    0.00    0.00    0.25   99.75    0.00    0.00    0.00    0.00    0.00    0.00
08:59:17     all    0.00    0.00    0.25   99.75    0.00    0.00    0.00    0.00    0.00    0.00
08:59:18     all    0.00    0.00    0.00  100.00    0.00    0.00    0.00    0.00    0.00    0.00
08:59:19     all    0.00    0.00    0.00  100.00    0.00    0.00    0.00    0.00    0.00    0.00
08:59:20     all    0.25    0.00    0.00   99.75    0.00    0.00    0.00    0.00    0.00    0.00
08:59:21     all    0.00    0.00    0.00  100.00    0.00    0.00    0.00    0.00    0.00    0.00
08:59:22     all    0.00    0.00    0.00  100.00    0.00    0.00    0.00    0.00    0.00    0.00
08:59:23     all    0.25    0.00    0.00   99.50    0.00    0.25    0.00    0.00    0.00    0.00
08:59:24     all    0.00    0.00    0.50   99.50    0.00    0.00    0.00    0.00    0.00    0.00
08:59:25     all    0.00    0.00    0.00  100.00    0.00    0.00    0.00    0.00    0.00    0.00
08:59:26     all    0.00    0.00    0.00  100.00    0.00    0.00    0.00    0.00    0.00    0.00
08:59:27     all    0.00    0.00    0.00  100.00    0.00    0.00    0.00    0.00    0.00    0.00
08:59:28     all    0.00    0.00    0.00  100.00    0.00    0.00    0.00    0.00    0.00    0.00
08:59:29     all    0.25    0.00    0.00   99.75    0.00    0.00    0.00    0.00    0.00    0.00
08:59:30     all    0.00    0.00    0.25   99.50    0.00    0.25    0.00    0.00    0.00    0.00
08:59:31     all    0.25    0.00    0.00   99.75    0.00    0.00    0.00    0.00    0.00    0.00
08:59:32     all    0.00    0.00    1.25   98.75    0.00    0.00    0.00    0.00    0.00    0.00
08:59:33     all    0.00    0.00    0.00  100.00    0.00    0.00    0.00    0.00    0.00    0.00
08:59:34     all    0.00    0.00    0.00  100.00    0.00    0.00    0.00    0.00    0.00    0.00
08:59:35     all    0.00    0.00    0.00  100.00    0.00    0.00    0.00    0.00    0.00    0.00
08:59:36     all    0.25    0.00    0.00   99.75    0.00    0.00    0.00    0.00    0.00    0.00
08:59:37     all    0.00    0.00    0.25   99.75    0.00    0.00    0.00    0.00    0.00    0.00
08:59:38     all    0.00    0.00    0.00  100.00    0.00    0.00    0.00    0.00    0.00    0.00
08:59:39     all    0.00    0.00    0.00  100.00    0.00    0.00    0.00    0.00    0.00    0.00
08:59:40     all    0.00    0.00    0.25   99.75    0.00    0.00    0.00    0.00    0.00    0.00
08:59:41     all    0.00    0.00    0.00  100.00    0.00    0.00    0.00    0.00    0.00    0.00
08:59:42     all    0.00    0.00    0.25   99.75    0.00    0.00    0.00    0.00    0.00    0.00
08:59:43     all    0.00    0.00    0.00  100.00    0.00    0.00    0.00    0.00    0.00    0.00
08:59:44     all    0.25    0.00    0.00   99.75    0.00    0.00    0.00    0.00    0.00    0.00
08:59:45     all    0.00    0.00    0.00  100.00    0.00    0.00    0.00    0.00    0.00    0.00
08:59:46     all    0.00    0.00    0.00  100.00    0.00    0.00    0.00    0.00    0.00    0.00
08:59:47     all    0.00    0.00    0.00  100.00    0.00    0.00    0.00    0.00    0.00    0.00
08:59:48     all    0.00    0.00    0.00  100.00    0.00    0.00    0.00    0.00    0.00    0.00
08:59:49     all    0.00    0.00    0.00   99.75    0.00    0.25    0.00    0.00    0.00    0.00
08:59:50     all    0.25    0.00    0.25   99.50    0.00    0.00    0.00    0.00    0.00    0.00
08:59:51     all    0.00    0.00    0.50   99.50    0.00    0.00    0.00    0.00    0.00    0.00
08:59:52     all    0.00    0.00    0.00  100.00    0.00    0.00    0.00    0.00    0.00    0.00
08:59:53     all    0.00    0.00    0.00  100.00    0.00    0.00    0.00    0.00    0.00    0.00
08:59:54     all    0.00    0.00    0.00  100.00    0.00    0.00    0.00    0.00    0.00    0.00
08:59:55     all    0.25    0.00    0.00   99.75    0.00    0.00    0.00    0.00    0.00    0.00
08:59:56     all    0.00    0.00    0.00  100.00    0.00    0.00    0.00    0.00    0.00    0.00
08:59:57     all    0.00    0.00    0.00  100.00    0.00    0.00    0.00    0.00    0.00    0.00
08:59:58     all    0.25    0.00    0.00   99.75    0.00    0.00    0.00    0.00    0.00    0.00
08:59:59     all    0.00    0.00    0.00  100.00    0.00    0.00    0.00    0.00    0.00    0.00
09:00:00     all    0.25    0.00    0.25   99.50    0.00    0.00    0.00    0.00    0.00    0.00
09:00:01     all    0.50    0.00    0.75   98.51    0.00    0.25    0.00    0.00    0.00    0.00
09:00:02     all    0.25    0.00    0.00   99.75    0.00    0.00    0.00    0.00    0.00    0.00
09:00:03     all    0.00    0.00    0.00  100.00    0.00    0.00    0.00    0.00    0.00    0.00
09:00:04     all    0.00    0.00    0.00  100.00    0.00    0.00    0.00    0.00    0.00    0.00
09:00:05     all    0.00    0.00    0.00  100.00    0.00    0.00    0.00    0.00    0.00    0.00
09:00:06     all    0.00    0.00    0.00  100.00    0.00    0.00    0.00    0.00    0.00    0.00
09:00:07     all    0.00    0.00    0.00   99.75    0.00    0.25    0.00    0.00    0.00    0.00
09:00:08     all    0.00    0.00    0.25   99.75    0.00    0.00    0.00    0.00    0.00    0.00
09:00:09     all    0.00    0.00    0.00  100.00    0.00    0.00    0.00    0.00    0.00    0.00
09:00:10     all    0.00    0.00    0.25   99.75    0.00    0.00    0.00    0.00    0.00    0.00
09:00:11     all    0.00    0.00    0.00  100.00    0.00    0.00    0.00    0.00    0.00    0.00
09:00:12     all    0.00    0.00    0.00  100.00    0.00    0.00    0.00    0.00    0.00    0.00
09:00:13     all    0.25    0.00    0.00   99.75    0.00    0.00    0.00    0.00    0.00    0.00
09:00:14     all    0.00    0.00    0.00  100.00    0.00    0.00    0.00    0.00    0.00    0.00
09:00:15     all    0.00    0.00    0.00  100.00    0.00    0.00    0.00    0.00    0.00    0.00
09:00:16     all    0.00    0.00    0.00  100.00    0.00    0.00    0.00    0.00    0.00    0.00
09:00:17     all    0.00    0.00    0.25   99.75    0.00    0.00    0.00    0.00    0.00    0.00
09:00:18     all    0.00    0.00    0.00  100.00    0.00    0.00    0.00    0.00    0.00    0.00
09:00:19     all    0.25    0.00    0.00   99.75    0.00    0.00    0.00    0.00    0.00    0.00
09:00:20     all    0.25    0.00    0.25   99.50    0.00    0.00    0.00    0.00    0.00    0.00
09:00:21     all    0.00    0.00    0.25   99.75    0.00    0.00    0.00    0.00    0.00    0.00
09:00:22     all    0.00    0.00    0.00  100.00    0.00    0.00    0.00    0.00    0.00    0.00
09:00:23     all    0.00    0.00    0.25   99.75    0.00    0.00    0.00    0.00    0.00    0.00
09:00:24     all    0.00    0.00    0.00  100.00    0.00    0.00    0.00    0.00    0.00    0.00
09:00:25     all    0.00    0.00    0.00   99.75    0.00    0.25    0.00    0.00    0.00    0.00
09:00:26     all    0.00    0.00    0.00  100.00    0.00    0.00    0.00    0.00    0.00    0.00
09:00:27     all    0.00    0.00    0.00  100.00    0.00    0.00    0.00    0.00    0.00    0.00
09:00:28     all    0.00    0.00    0.00  100.00    0.00    0.00    0.00    0.00    0.00    0.00
09:00:29     all    0.25    0.00    0.00   99.75    0.00    0.00    0.00    0.00    0.00    0.00
09:00:30     all    0.00    0.00    0.75   99.25    0.00    0.00    0.00    0.00    0.00    0.00
09:00:31     all    0.75    0.00    0.00   99.25    0.00    0.00    0.00    0.00    0.00    0.00
09:00:32     all    0.00    0.00    0.76   99.24    0.00    0.00    0.00    0.00    0.00    0.00
09:00:33     all    0.00    0.00    0.50   99.50    0.00    0.00    0.00    0.00    0.00    0.00
09:00:34     all    0.00    0.00    0.00  100.00    0.00    0.00    0.00    0.00    0.00    0.00
09:00:35     all    0.00    0.00    0.25   99.75    0.00    0.00    0.00    0.00    0.00    0.00
09:00:36     all    0.00    0.00    0.00  100.00    0.00    0.00    0.00    0.00    0.00    0.00
09:00:37     all    0.25    0.00    0.00   99.75    0.00    0.00    0.00    0.00    0.00    0.00
09:00:38     all    0.00    0.00    0.00  100.00    0.00    0.00    0.00    0.00    0.00    0.00
09:00:39     all    0.00    0.00    0.25   99.75    0.00    0.00    0.00    0.00    0.00    0.00
09:00:40     all    0.25    0.00    0.00   99.75    0.00    0.00    0.00    0.00    0.00    0.00
09:00:41     all    0.00    0.00    0.25   99.75    0.00    0.00    0.00    0.00    0.00    0.00
09:00:42     all    0.00    0.00    0.00  100.00    0.00    0.00    0.00    0.00    0.00    0.00
09:00:43     all    0.00    0.00    0.00  100.00    0.00    0.00    0.00    0.00    0.00    0.00
09:00:44     all    0.00    0.00    0.00  100.00    0.00    0.00    0.00    0.00    0.00    0.00
09:00:45     all    0.00    0.00    0.00  100.00    0.00    0.00    0.00    0.00    0.00    0.00
09:00:46     all    0.00    0.00    0.00  100.00    0.00    0.00    0.00    0.00    0.00    0.00
09:00:47     all    0.00    0.00    0.00  100.00    0.00    0.00    0.00    0.00    0.00    0.00
09:00:48     all    0.00    0.00    0.25   99.75    0.00    0.00    0.00    0.00    0.00    0.00
09:00:49     all    0.25    0.00    0.25   99.50    0.00    0.00    0.00    0.00    0.00    0.00
09:00:50     all    0.00    0.00    0.50   99.50    0.00    0.00    0.00    0.00    0.00    0.00
09:00:51     all    0.00    0.00    0.00  100.00    0.00    0.00    0.00    0.00    0.00    0.00
09:00:52     all    0.00    0.00    0.00  100.00    0.00    0.00    0.00    0.00    0.00    0.00
09:00:53     all    0.00    0.00    0.00  100.00    0.00    0.00    0.00    0.00    0.00    0.00
09:00:54     all    0.00    0.00    0.00  100.00    0.00    0.00    0.00    0.00    0.00    0.00
09:00:55     all    0.50    0.00    0.25   99.01    0.00    0.25    0.00    0.00    0.00    0.00
09:00:56     all    0.00    0.00    0.00  100.00    0.00    0.00    0.00    0.00    0.00    0.00
09:00:57     all    0.00    0.00    0.00  100.00    0.00    0.00    0.00    0.00    0.00    0.00
09:00:58     all    0.00    0.00    0.00  100.00    0.00    0.00    0.00    0.00    0.00    0.00
09:00:59     all    0.00    0.00    0.25   99.75    0.00    0.00    0.00    0.00    0.00    0.00
09:01:00     all    0.00    0.00    0.00  100.00    0.00    0.00    0.00    0.00    0.00    0.00
09:01:01     all    0.00    0.00    0.50   99.50    0.00    0.00    0.00    0.00    0.00    0.00
09:01:02     all    0.25    0.00    0.00   99.75    0.00    0.00    0.00    0.00    0.00    0.00
09:01:03     all    0.00    0.00    0.00  100.00    0.00    0.00    0.00    0.00    0.00    0.00
09:01:04     all    0.00    0.00    0.00  100.00    0.00    0.00    0.00    0.00    0.00    0.00
09:01:05     all    0.00    0.00    0.25   99.75    0.00    0.00    0.00    0.00    0.00    0.00
09:01:06     all    0.00    0.00    0.00  100.00    0.00    0.00    0.00    0.00    0.00    0.00
09:01:07     all    0.25    0.00    0.00   99.75    0.00    0.00    0.00    0.00    0.00    0.00
09:01:08     all    0.00    0.00    0.00  100.00    0.00    0.00    0.00    0.00    0.00    0.00
09:01:09     all    0.00    0.00    0.00  100.00    0.00    0.00    0.00    0.00    0.00    0.00
09:01:10     all    0.00    0.00    0.25   99.75    0.00    0.00    0.00    0.00    0.00    0.00
09:01:11     all    0.00    0.00    0.00  100.00    0.00    0.00    0.00    0.00    0.00    0.00
09:01:12     all    0.00    0.00    0.25   99.75    0.00    0.00    0.00    0.00    0.00    0.00
09:01:13     all    0.25    0.00    0.00   99.75    0.00    0.00    0.00    0.00    0.00    0.00
09:01:14     all    0.00    0.00    0.00  100.00    0.00    0.00    0.00    0.00    0.00    0.00
09:01:15     all    0.00    0.00    0.00  100.00    0.00    0.00    0.00    0.00    0.00    0.00
09:01:16     all    0.00    0.00    0.00  100.00    0.00    0.00    0.00    0.00    0.00    0.00
09:01:17     all    0.00    0.00    0.00  100.00    0.00    0.00    0.00    0.00    0.00    0.00
09:01:18     all    0.00    0.00    0.25   99.75    0.00    0.00    0.00    0.00    0.00    0.00
09:01:19     all    0.25    0.00    0.00   99.75    0.00    0.00    0.00    0.00    0.00    0.00
09:01:20     all    0.00    0.00    0.25   99.75    0.00    0.00    0.00    0.00    0.00    0.00
09:01:21     all    0.00    0.00    0.00  100.00    0.00    0.00    0.00    0.00    0.00    0.00
09:01:22     all    0.00    0.00    0.00  100.00    0.00    0.00    0.00    0.00    0.00    0.00
09:01:23     all    0.00    0.00    0.25   99.75    0.00    0.00    0.00    0.00    0.00    0.00
09:01:24     all    0.00    0.00    0.00  100.00    0.00    0.00    0.00    0.00    0.00    0.00
09:01:25     all    0.25    0.00    0.25   99.50    0.00    0.00    0.00    0.00    0.00    0.00
09:01:26     all    0.00    0.00    0.25   99.75    0.00    0.00    0.00    0.00    0.00    0.00
09:01:27     all    0.00    0.00    0.25   99.75    0.00    0.00    0.00    0.00    0.00    0.00
09:01:28     all    0.00    0.00    0.00  100.00    0.00    0.00    0.00    0.00    0.00    0.00
09:01:29     all    0.00    0.00    0.00   99.75    0.00    0.25    0.00    0.00    0.00    0.00
09:01:30     all    0.00    0.00    0.00  100.00    0.00    0.00    0.00    0.00    0.00    0.00
09:01:31     all    0.25    0.00    0.00   99.75    0.00    0.00    0.00    0.00    0.00    0.00
09:01:32     all    0.25    0.00    1.00   98.51    0.00    0.25    0.00    0.00    0.00    0.00
09:01:33     all    0.00    0.00    0.00  100.00    0.00    0.00    0.00    0.00    0.00    0.00
09:01:34     all    0.25    0.00    0.25   99.50    0.00    0.00    0.00    0.00    0.00    0.00
09:01:35     all    0.00    0.00    0.00  100.00    0.00    0.00    0.00    0.00    0.00    0.00
09:01:36     all    0.00    0.00    0.25   99.75    0.00    0.00    0.00    0.00    0.00    0.00
09:01:37     all    0.00    0.00    0.00  100.00    0.00    0.00    0.00    0.00    0.00    0.00
09:01:38     all    0.00    0.00    0.25   99.75    0.00    0.00    0.00    0.00    0.00    0.00
09:01:39     all    0.25    0.00    0.50   99.25    0.00    0.00    0.00    0.00    0.00    0.00
09:01:40     all    0.25    0.00    0.00   99.75    0.00    0.00    0.00    0.00    0.00    0.00
09:01:41     all    0.00    0.00    0.00  100.00    0.00    0.00    0.00    0.00    0.00    0.00
09:01:42     all    0.00    0.00    0.00  100.00    0.00    0.00    0.00    0.00    0.00    0.00
09:01:43     all    0.25    0.00    0.00   99.75    0.00    0.00    0.00    0.00    0.00    0.00
09:01:44     all    0.00    0.00    0.25   99.75    0.00    0.00    0.00    0.00    0.00    0.00
09:01:45     all    0.25    0.00    0.00   99.75    0.00    0.00    0.00    0.00    0.00    0.00
09:01:46     all    0.00    0.00    0.00  100.00    0.00    0.00    0.00    0.00    0.00    0.00
09:01:47     all    0.00    0.00    0.25   99.75    0.00    0.00    0.00    0.00    0.00    0.00
09:01:48     all    0.00    0.00    0.25   99.75    0.00    0.00    0.00    0.00    0.00    0.00
09:01:49     all    0.00    0.00    0.00  100.00    0.00    0.00    0.00    0.00    0.00    0.00
09:01:50     all    0.00    0.00    0.00  100.00    0.00    0.00    0.00    0.00    0.00    0.00
09:01:51     all    0.00    0.00    0.00  100.00    0.00    0.00    0.00    0.00    0.00    0.00
09:01:52     all    0.00    0.00    0.00  100.00    0.00    0.00    0.00    0.00    0.00    0.00
09:01:53     all    0.00    0.00    0.25   99.75    0.00    0.00    0.00    0.00    0.00    0.00
09:01:54     all    0.00    0.00    0.00  100.00    0.00    0.00    0.00    0.00    0.00    0.00
09:01:55     all    0.25    0.00    0.25   99.50    0.00    0.00    0.00    0.00    0.00    0.00
09:01:56     all    0.00    0.00    0.00  100.00    0.00    0.00    0.00    0.00    0.00    0.00
09:01:57     all    0.00    0.00    0.00  100.00    0.00    0.00    0.00    0.00    0.00    0.00
09:01:58     all    0.00    0.00    0.00  100.00    0.00    0.00    0.00    0.00    0.00    0.00
09:01:59     all    0.00    0.00    0.00  100.00    0.00    0.00    0.00    0.00    0.00    0.00
09:02:00     all    0.00    0.00    0.25   99.75    0.00    0.00    0.00    0.00    0.00    0.00
09:02:01     all    0.00    0.00    0.00  100.00    0.00    0.00    0.00    0.00    0.00    0.00
09:02:02     all    0.25    0.00    0.00   99.50    0.00    0.25    0.00    0.00    0.00    0.00
09:02:03     all    0.00    0.00    0.25   99.75    0.00    0.00    0.00    0.00    0.00    0.00
09:02:04     all    0.00    0.00    0.00  100.00    0.00    0.00    0.00    0.00    0.00    0.00
09:02:05     all    0.00    0.00    0.25   99.75    0.00    0.00    0.00    0.00    0.00    0.00
09:02:06     all    0.00    0.00    0.25   99.75    0.00    0.00    0.00    0.00    0.00    0.00
09:02:07     all    0.25    0.00    0.25   99.50    0.00    0.00    0.00    0.00    0.00    0.00
09:02:08     all    0.00    0.00    0.00  100.00    0.00    0.00    0.00    0.00    0.00    0.00
09:02:09     all    0.00    0.00    0.00  100.00    0.00    0.00    0.00    0.00    0.00    0.00
09:02:10     all    0.25    0.00    0.00   99.75    0.00    0.00    0.00    0.00    0.00    0.00
09:02:11     all    0.00    0.00    0.00  100.00    0.00    0.00    0.00    0.00    0.00    0.00
09:02:12     all    0.25    0.00    0.00   99.75    0.00    0.00    0.00    0.00    0.00    0.00
09:02:13     all    0.00    0.00    0.00  100.00    0.00    0.00    0.00    0.00    0.00    0.00
09:02:14     all    0.00    0.00    0.00  100.00    0.00    0.00    0.00    0.00    0.00    0.00
09:02:15     all    0.00    0.00    0.25   99.75    0.00    0.00    0.00    0.00    0.00    0.00
09:02:16     all    0.00    0.00    0.00  100.00    0.00    0.00    0.00    0.00    0.00    0.00
09:02:17     all    0.00    0.00    0.00  100.00    0.00    0.00    0.00    0.00    0.00    0.00
09:02:18     all    0.00    0.00    0.25   99.75    0.00    0.00    0.00    0.00    0.00    0.00
09:02:19     all    0.25    0.00    0.00   99.75    0.00    0.00    0.00    0.00    0.00    0.00
09:02:20     all    0.00    0.00    0.25   99.75    0.00    0.00    0.00    0.00    0.00    0.00
09:02:21     all    0.25    0.00    0.25   99.50    0.00    0.00    0.00    0.00    0.00    0.00
09:02:22     all    0.00    0.00    0.25   99.75    0.00    0.00    0.00    0.00    0.00    0.00
09:02:23     all    0.00    0.00    0.00  100.00    0.00    0.00    0.00    0.00    0.00    0.00
09:02:24     all    0.00    0.00    0.00  100.00    0.00    0.00    0.00    0.00    0.00    0.00
09:02:25     all    0.25    0.00    0.00   99.75    0.00    0.00    0.00    0.00    0.00    0.00
09:02:26     all    0.00    0.00    0.25   99.75    0.00    0.00    0.00    0.00    0.00    0.00
09:02:27     all    0.25    0.00    0.00   99.75    0.00    0.00    0.00    0.00    0.00    0.00
09:02:28     all    0.00    0.00    0.00  100.00    0.00    0.00    0.00    0.00    0.00    0.00
09:02:29     all    0.00    0.00    0.00  100.00    0.00    0.00    0.00    0.00    0.00    0.00
09:02:30     all    0.00    0.00    0.00  100.00    0.00    0.00    0.00    0.00    0.00    0.00
09:02:31     all    0.25    0.00    0.00   99.75    0.00    0.00    0.00    0.00    0.00    0.00
09:02:32     all    0.25    0.00    1.25   98.25    0.00    0.25    0.00    0.00    0.00    0.00
09:02:33     all    0.00    0.00    0.25   99.75    0.00    0.00    0.00    0.00    0.00    0.00
09:02:34     all    0.00    0.00    0.00  100.00    0.00    0.00    0.00    0.00    0.00    0.00
09:02:35     all    0.00    0.00    0.00  100.00    0.00    0.00    0.00    0.00    0.00    0.00
09:02:36     all    0.00    0.00    0.25   99.75    0.00    0.00    0.00    0.00    0.00    0.00
09:02:37     all    0.25    0.00    0.00   99.75    0.00    0.00    0.00    0.00    0.00    0.00
09:02:38     all    0.00    0.00    0.25   99.75    0.00    0.00    0.00    0.00    0.00    0.00
09:02:39     all    0.00    0.00    0.00  100.00    0.00    0.00    0.00    0.00    0.00    0.00
09:02:40     all    0.00    0.00    0.00  100.00    0.00    0.00    0.00    0.00    0.00    0.00
09:02:41     all    0.00    0.00    0.00  100.00    0.00    0.00    0.00    0.00    0.00    0.00
09:02:42     all    0.00    0.00    0.00   95.24    0.00    0.00    0.00    0.00    0.00    4.76
09:02:43     all    0.50    0.00    0.25   33.17    0.00    0.00    0.00    0.00    0.00   66.08
09:02:44     all    0.00    0.00    0.00    0.25    0.00    0.00    0.00    0.00    0.00   99.75
09:02:45     all    0.00    0.00    0.00    0.00    0.00    0.00    0.00    0.00    0.00  100.00
09:02:46     all    0.00    0.00    0.00    0.00    0.00    0.00    0.00    0.00    0.00  100.00
09:02:47     all    0.00    0.00    0.25    0.00    0.00    0.00    0.00    0.00    0.00   99.75
09:02:48     all    0.00    0.00    0.00    0.00    0.00    0.00    0.00    0.00    0.00  100.00
09:02:49     all    0.00    0.00    0.00    0.00    0.00    0.00    0.00    0.00    0.00  100.00
09:02:50     all    0.00    0.00    0.25    0.25    0.00    0.00    0.00    0.00    0.00   99.50
09:02:51     all    0.00    0.00    0.00    0.00    0.00    0.00    0.00    0.00    0.00  100.00
09:02:52     all    0.25    0.00    0.00    0.00    0.00    0.00    0.00    0.00    0.00   99.75
