Linux 6.8.0-1062-azure (csb-bench-host-azure) 	08/04/26 	_x86_64_	(4 CPU)

20:15:53     CPU    %usr   %nice    %sys %iowait    %irq   %soft  %steal  %guest  %gnice   %idle
20:15:54     all   46.73    0.00    2.26    0.00    0.00    0.75    0.00    0.00    0.00   50.25
20:15:55     all   41.48    0.00    2.04    0.00    0.00    0.51    0.00    0.00    0.00   55.98
20:15:56     all   36.04    0.00    2.28    0.00    0.00    0.76    0.00    0.00    0.00   60.91
20:15:57     all   43.04    0.00    1.52    0.00    0.00    0.51    0.00    0.00    0.00   54.94
20:15:58     all   28.43    0.00    2.03    0.00    0.00    0.76    0.00    0.00    0.00   68.78
20:15:59     all   28.68    0.00    2.03    0.00    0.00    0.76    0.00    0.00    0.00   68.53
20:16:00     all   39.65    0.00    2.02    0.00    0.00    0.76    0.00    0.00    0.00   57.58
20:16:01     all   45.84    0.00    1.76    0.00    0.00    1.26    0.00    0.00    0.00   51.13
20:16:02     all   32.32    0.00    1.78    0.25    0.00    0.51    0.00    0.00    0.00   65.14
20:16:03     all   40.25    0.00    1.52    0.00    0.00    0.76    0.00    0.00    0.00   57.47
20:16:04     all   31.89    0.00    1.53    0.00    0.00    0.51    0.00    0.00    0.00   66.07
20:16:05     all   36.46    0.00    1.77    0.00    0.00    0.51    0.00    0.00    0.00   61.27
20:16:06     all   36.71    0.00    2.03    0.00    0.00    0.76    0.00    0.00    0.00   60.51
20:16:07     all   35.53    0.00    2.03    0.00    0.00    0.25    0.00    0.00    0.00   62.18
20:16:08     all   38.07    0.00    1.27    0.51    0.00    0.76    0.00    0.00    0.00   59.39
20:16:09     all   46.10    0.00    1.76    0.25    0.00    1.01    0.00    0.00    0.00   50.88
20:16:10     all   35.19    0.00    1.77    0.00    0.00    0.51    0.00    0.00    0.00   62.53
20:16:11     all   32.06    0.00    2.04    0.00    0.00    0.51    0.00    0.00    0.00   65.39
20:16:12     all   32.06    0.00    1.53    0.00    0.00    0.25    0.00    0.00    0.00   66.16
20:16:13     all    0.00    0.00    0.00    0.00    0.00    0.00    0.00    0.00    0.00  100.00
20:16:14     all    0.00    0.00    0.00    0.00    0.00    0.00    0.00    0.00    0.00  100.00
20:16:15     all    0.25    0.00    0.25    0.00    0.00    0.00    0.00    0.00    0.00   99.50
20:16:16     all    0.00    0.00    0.00    0.00    0.00    0.00    0.00    0.00    0.00  100.00
20:16:17     all    2.50    0.00    0.50    0.00    0.00    0.00    0.00    0.00    0.00   97.00
20:16:18     all   29.59    0.00    1.28    0.00    0.00    0.77    0.00    0.00    0.00   68.37
20:16:19     all   35.68    0.00    2.01    0.00    0.00    0.50    0.00    0.00    0.00   61.81
20:16:20     all   37.53    0.00    1.76    0.25    0.00    0.25    0.00    0.00    0.00   60.20
20:16:21     all   29.62    0.00    1.77    0.00    0.00    1.01    0.00    0.00    0.00   67.59
20:16:22     all   43.19    0.00    2.06    0.00    0.00    0.00    0.00    0.00    0.00   54.76
20:16:23     all   30.73    0.00    1.76    0.00    0.00    0.76    0.00    0.00    0.00   66.75
20:16:24     all   31.55    0.00    1.53    0.00    0.00    0.51    0.00    0.00    0.00   66.41
20:16:25     all   54.08    0.00    1.28    0.00    0.00    0.00    0.00    0.00    0.00   44.64
20:16:26     all   44.81    0.00    1.77    0.25    0.00    0.76    0.00    0.00    0.00   52.41
20:16:27     all   32.15    0.00    1.52    0.00    0.00    0.51    0.00    0.00    0.00   65.82
20:16:28     all   34.69    0.00    1.28    0.00    0.00    0.00    0.00    0.00    0.00   64.03
20:16:29     all   41.96    0.00    2.01    0.00    0.00    0.75    0.00    0.00    0.00   55.28
20:16:30     all   31.71    0.00    1.28    0.00    0.00    0.26    0.00    0.00    0.00   66.75
20:16:31     all   45.41    0.00    1.79    0.26    0.00    0.77    0.00    0.00    0.00   51.79
20:16:32     all   33.84    0.00    1.77    0.00    0.00    0.51    0.00    0.00    0.00   63.89
20:16:33     all   36.39    0.00    1.27    0.00    0.00    0.51    0.00    0.00    0.00   61.83
20:16:34     all   35.88    0.00    1.78    0.00    0.00    0.00    0.00    0.00    0.00   62.34
20:16:35     all   51.63    0.00    1.50    0.00    0.00    1.00    0.00    0.00    0.00   45.86
20:16:36     all   32.31    0.00    1.28    0.26    0.00    0.26    0.00    0.00    0.00   65.90
20:16:37     all   36.27    0.00    1.76    0.00    0.00    0.50    0.00    0.00    0.00   61.46
20:16:38     all   44.44    0.00    1.26    0.00    0.00    0.51    0.00    0.00    0.00   53.79
20:16:39     all   38.78    0.00    1.79    0.00    0.00    0.77    0.00    0.00    0.00   58.67
20:16:40     all   35.88    0.00    1.78    0.00    0.00    0.25    0.00    0.00    0.00   62.09
20:16:41     all   33.59    0.00    2.29    0.00    0.00    0.76    0.00    0.00    0.00   63.36
20:16:42     all   31.88    0.00    1.80    0.00    0.00    0.00    0.00    0.00    0.00   66.32
20:16:43     all   37.37    0.00    1.77    0.00    0.00    0.76    0.00    0.00    0.00   60.10
20:16:44     all   33.42    0.00    1.79    0.00    0.00    0.26    0.00    0.00    0.00   64.54
20:16:45     all   61.21    0.00    1.01    0.00    0.00    0.50    0.00    0.00    0.00   37.28
20:16:46     all   34.09    0.00    1.52    0.00    0.00    0.76    0.00    0.00    0.00   63.64
20:16:47     all   33.75    0.00    2.27    0.00    0.00    0.25    0.00    0.00    0.00   63.73
20:16:48     all   44.16    0.00    1.52    0.51    0.00    0.25    0.00    0.00    0.00   53.55
20:16:49     all   40.10    0.00    1.50    0.00    0.00    0.75    0.00    0.00    0.00   57.64
20:16:50     all   35.20    0.00    1.28    0.00    0.00    0.51    0.00    0.00    0.00   63.01
20:16:51     all   39.55    0.00    2.02    0.00    0.00    0.50    0.00    0.00    0.00   57.93
20:16:52     all   34.02    0.00    1.79    0.00    0.00    0.51    0.00    0.00    0.00   63.68
20:16:53     all   37.76    0.00    1.28    0.00    0.00    0.26    0.00    0.00    0.00   60.71
20:16:54     all   34.92    0.00    1.51    0.00    0.00    0.75    0.00    0.00    0.00   62.81
20:16:55     all   41.94    0.00    1.28    0.00    0.00    0.00    0.00    0.00    0.00   56.78
20:16:56     all   33.16    0.00    1.52    0.00    0.00    0.51    0.00    0.00    0.00   64.81
20:16:57     all   27.46    0.00    2.02    0.00    0.00    0.50    0.00    0.00    0.00   70.03
20:16:58     all   35.53    0.00    1.78    0.00    0.00    0.00    0.00    0.00    0.00   62.69
20:16:59     all   36.48    0.00    1.53    0.00    0.00    0.51    0.00    0.00    0.00   61.48
20:17:00     all   44.19    0.00    1.52    0.00    0.00    0.51    0.00    0.00    0.00   53.79
20:17:01     all   34.43    0.00    2.03    0.00    0.00    0.25    0.00    0.00    0.00   63.29
20:17:02     all   31.57    0.00    2.27    0.00    0.00    0.51    0.00    0.00    0.00   65.66
20:17:03     all   38.07    0.00    1.78    0.00    0.00    1.02    0.00    0.00    0.00   59.14
20:17:04     all   43.54    0.00    1.77    0.00    0.00    0.51    0.00    0.00    0.00   54.18
20:17:05     all   38.68    0.00    1.02    0.00    0.00    0.00    0.00    0.00    0.00   60.31
20:17:06     all   30.71    0.00    2.28    0.00    0.00    0.51    0.00    0.00    0.00   66.50
20:17:07     all   29.80    0.00    1.26    0.00    0.00    0.51    0.00    0.00    0.00   68.43
20:17:08     all   53.81    0.00    1.52    0.25    0.00    0.51    0.00    0.00    0.00   43.91
20:17:09     all   32.49    0.00    1.52    0.00    0.00    0.51    0.00    0.00    0.00   65.48
20:17:10     all   30.10    0.00    1.28    0.00    0.00    0.26    0.00    0.00    0.00   68.37
20:17:11     all   34.68    0.00    1.77    0.00    0.00    0.25    0.00    0.00    0.00   63.29
20:17:12     all   35.10    0.00    1.77    0.00    0.00    0.76    0.00    0.00    0.00   62.37
20:17:13     all   33.92    0.00    1.52    0.25    0.00    0.76    0.00    0.00    0.00   63.54
20:17:14     all   35.90    0.00    1.54    0.00    0.00    0.26    0.00    0.00    0.00   62.31
20:17:15     all   36.02    0.00    1.51    0.00    0.00    0.76    0.00    0.00    0.00   61.71
20:17:16     all   36.87    0.00    2.02    0.00    0.00    0.76    0.00    0.00    0.00   60.35
20:17:17     all   39.95    0.00    1.53    0.00    0.00    0.00    0.00    0.00    0.00   58.52
20:17:18     all   41.71    0.00    1.76    0.00    0.00    0.50    0.00    0.00    0.00   56.03
20:17:19     all   40.20    0.00    1.27    0.00    0.00    0.51    0.00    0.00    0.00   58.02
20:17:20     all   27.48    0.00    1.53    0.00    0.00    0.00    0.00    0.00    0.00   70.99
20:17:21     all   38.07    0.00    2.28    0.00    0.00    0.76    0.00    0.00    0.00   58.88
20:17:22     all   42.64    0.00    2.03    0.00    0.00    0.51    0.00    0.00    0.00   54.82
20:17:23     all   37.97    0.00    1.27    0.25    0.00    0.51    0.00    0.00    0.00   60.00
20:17:24     all   30.46    0.00    1.78    0.00    0.00    0.25    0.00    0.00    0.00   67.51
20:17:25     all   35.71    0.00    1.28    0.00    0.00    0.51    0.00    0.00    0.00   62.50
20:17:26     all   27.62    0.00    1.53    0.00    0.00    0.26    0.00    0.00    0.00   70.59
20:17:27     all   43.61    0.00    1.75    0.00    0.00    1.00    0.00    0.00    0.00   53.63
20:17:28     all   41.48    0.00    1.78    0.00    0.00    0.25    0.00    0.00    0.00   56.49
20:17:29     all   30.87    0.00    1.53    0.51    0.00    0.77    0.00    0.00    0.00   66.33
20:17:30     all   33.84    0.00    1.27    0.00    0.00    0.51    0.00    0.00    0.00   64.38
20:17:31     all   34.35    0.00    1.53    0.00    0.00    0.25    0.00    0.00    0.00   63.87
20:17:32     all   47.36    0.00    1.26    0.00    0.00    0.50    0.00    0.00    0.00   50.88
20:17:33     all   41.27    0.00    1.52    0.00    0.00    1.01    0.00    0.00    0.00   56.20
20:17:34     all   44.90    0.00    1.28    0.00    0.00    0.26    0.00    0.00    0.00   53.57
20:17:35     all   46.85    0.00    1.51    0.00    0.00    1.01    0.00    0.00    0.00   50.63
20:17:36     all   53.69    0.00    1.53    0.00    0.00    0.25    0.00    0.00    0.00   44.53
20:17:37     all   37.06    0.00    1.78    0.00    0.00    0.25    0.00    0.00    0.00   60.91
20:17:38     all   31.22    0.00    1.52    0.00    0.00    0.51    0.00    0.00    0.00   66.75
20:17:39     all   35.19    0.00    1.52    0.00    0.00    0.51    0.00    0.00    0.00   62.78
20:17:40     all   38.83    0.00    2.03    0.25    0.00    0.51    0.00    0.00    0.00   58.38
20:17:41     all   30.03    0.00    1.53    0.00    0.00    0.25    0.00    0.00    0.00   68.19
20:17:42     all   44.67    0.00    1.78    0.00    0.00    0.76    0.00    0.00    0.00   52.79
20:17:43     all   34.69    0.00    1.53    0.00    0.00    0.26    0.00    0.00    0.00   63.52
20:17:44     all   28.03    0.00    2.02    0.00    0.00    0.25    0.00    0.00    0.00   69.70
20:17:45     all   31.65    0.00    1.77    0.00    0.00    0.51    0.00    0.00    0.00   66.08
20:17:46     all   37.15    0.00    1.78    0.00    0.00    0.51    0.00    0.00    0.00   60.56
20:17:47     all    0.25    0.00    0.00    0.00    0.00    0.00    0.00    0.00    0.00   99.75
20:17:48     all    0.25    0.00    0.00    0.00    0.00    0.00    0.00    0.00    0.00   99.75
20:17:49     all    0.00    0.00    0.00    0.00    0.00    0.00    0.00    0.00    0.00  100.00
20:17:50     all    0.00    0.00    0.00    0.00    0.00    0.00    0.00    0.00    0.00  100.00
20:17:51     all    1.51    0.00    0.00    0.00    0.00    0.00    0.00    0.00    0.00   98.49
20:17:52     all   29.52    0.00    2.54    0.00    0.00    0.00    0.00    0.00    0.00   67.94
20:17:53     all   33.84    0.00    1.77    0.00    0.00    0.76    0.00    0.00    0.00   63.64
20:17:54     all   36.67    0.00    1.28    0.00    0.00    0.26    0.00    0.00    0.00   61.79
20:17:55     all   37.78    0.00    1.51    0.00    0.00    0.50    0.00    0.00    0.00   60.20
20:17:56     all   50.89    0.00    1.53    0.00    0.00    0.00    0.00    0.00    0.00   47.58
20:17:57     all   60.35    0.00    1.26    0.00    0.00    1.01    0.00    0.00    0.00   37.37
20:17:58     all   42.20    0.00    1.53    0.00    0.00    0.26    0.00    0.00    0.00   56.01
20:17:59     all   38.48    0.00    1.52    0.00    0.00    0.51    0.00    0.00    0.00   59.49
20:18:00     all   44.02    0.00    1.53    0.00    0.00    0.51    0.00    0.00    0.00   53.94
20:18:01     all   37.22    0.00    1.52    0.00    0.00    0.51    0.00    0.00    0.00   60.76
20:18:02     all   34.60    0.00    1.26    0.76    0.00    0.51    0.00    0.00    0.00   62.88
20:18:03     all   28.24    0.00    1.53    0.00    0.00    0.51    0.00    0.00    0.00   69.72
20:18:04     all   34.10    0.00    1.27    0.00    0.00    0.51    0.00    0.00    0.00   64.12
20:18:05     all   42.28    0.00    1.77    0.00    0.00    0.25    0.00    0.00    0.00   55.70
20:18:06     all   30.38    0.00    1.52    0.00    0.00    0.51    0.00    0.00    0.00   67.59
20:18:07     all   39.39    0.00    1.02    0.00    0.00    0.26    0.00    0.00    0.00   59.34
20:18:08     all   34.61    0.00    1.78    0.00    0.00    0.51    0.00    0.00    0.00   63.10
20:18:09     all   36.90    0.00    2.29    0.00    0.00    0.51    0.00    0.00    0.00   60.31
20:18:10     all   47.46    0.00    1.52    0.00    0.00    0.51    0.00    0.00    0.00   50.51
20:18:11     all   33.16    0.00    1.27    0.00    0.00    0.51    0.00    0.00    0.00   65.06
20:18:12     all   34.09    0.00    1.77    0.00    0.00    0.76    0.00    0.00    0.00   63.38
20:18:13     all   29.95    0.00    1.52    0.00    0.00    0.51    0.00    0.00    0.00   68.02
20:18:14     all   38.82    0.00    1.54    0.00    0.00    0.00    0.00    0.00    0.00   59.64
20:18:15     all   35.84    0.00    2.01    0.00    0.00    0.75    0.00    0.00    0.00   61.40
20:18:16     all   28.42    0.00    1.55    0.00    0.00    0.26    0.00    0.00    0.00   69.77
20:18:17     all   31.47    0.00    1.78    0.00    0.00    0.51    0.00    0.00    0.00   66.24
20:18:18     all   31.30    0.00    2.04    0.25    0.00    0.25    0.00    0.00    0.00   66.16
20:18:19     all   31.65    0.00    1.52    0.00    0.00    0.51    0.00    0.00    0.00   66.33
20:18:20     all   45.34    0.00    1.51    0.00    0.00    0.76    0.00    0.00    0.00   52.39
20:18:21     all   28.72    0.00    2.05    0.00    0.00    0.26    0.00    0.00    0.00   68.97
20:18:22     all   36.62    0.00    2.02    0.00    0.00    0.76    0.00    0.00    0.00   60.61
20:18:23     all   27.81    0.00    1.53    0.00    0.00    0.00    0.00    0.00    0.00   70.66
20:18:24     all   29.82    0.00    1.75    0.25    0.00    0.75    0.00    0.00    0.00   67.42
20:18:25     all   36.83    0.00    1.02    0.00    0.00    0.26    0.00    0.00    0.00   61.89
20:18:26     all   36.27    0.00    1.76    0.00    0.00    0.76    0.00    0.00    0.00   61.21
20:18:27     all   41.33    0.00    1.28    0.00    0.00    0.77    0.00    0.00    0.00   56.63
20:18:28     all   34.10    0.00    1.78    0.00    0.00    0.25    0.00    0.00    0.00   63.87
20:18:29     all   33.17    0.00    1.76    0.25    0.00    0.50    0.00    0.00    0.00   64.32
20:18:30     all   33.92    0.00    1.77    0.00    0.00    0.51    0.00    0.00    0.00   63.80
20:18:31     all   47.36    0.00    1.51    0.00    0.00    0.50    0.00    0.00    0.00   50.63
20:18:32     all   43.29    0.00    1.27    0.00    0.00    0.51    0.00    0.00    0.00   54.94
20:18:33     all   49.24    0.00    1.52    0.00    0.00    0.76    0.00    0.00    0.00   48.48
20:18:34     all   42.53    0.00    1.77    0.00    0.00    0.51    0.00    0.00    0.00   55.19
20:18:35     all   41.56    0.00    1.76    0.00    0.00    0.50    0.00    0.00    0.00   56.17
20:18:36     all   35.71    0.00    1.02    0.00    0.00    0.51    0.00    0.00    0.00   62.76
20:18:37     all   44.30    0.00    1.27    0.00    0.00    0.51    0.00    0.00    0.00   53.92
20:18:38     all   36.13    0.00    1.78    0.00    0.00    0.51    0.00    0.00    0.00   61.58
20:18:39     all   45.69    0.00    0.76    0.00    0.00    0.76    0.00    0.00    0.00   52.79
20:18:40     all   37.31    0.00    1.52    0.25    0.00    0.25    0.00    0.00    0.00   60.66
20:18:41     all   34.52    0.00    1.52    0.00    0.00    0.76    0.00    0.00    0.00   63.20
20:18:42     all   36.36    0.00    1.52    0.00    0.00    0.25    0.00    0.00    0.00   61.87
20:18:43     all   53.05    0.00    1.02    0.00    0.00    0.76    0.00    0.00    0.00   45.18
20:18:44     all   33.67    0.00    1.77    0.00    0.00    0.76    0.00    0.00    0.00   63.80
20:18:45     all   31.55    0.00    2.04    0.51    0.00    0.25    0.00    0.00    0.00   65.65
20:18:46     all   39.20    0.00    1.51    0.00    0.00    0.50    0.00    0.00    0.00   58.79
20:18:47     all   40.66    0.00    1.26    0.00    0.00    0.51    0.00    0.00    0.00   57.58
20:18:48     all   33.93    0.00    1.79    0.00    0.00    0.26    0.00    0.00    0.00   64.03
20:18:49     all   42.03    0.00    2.03    0.00    0.00    0.51    0.00    0.00    0.00   55.44
20:18:50     all   34.51    0.00    2.02    0.25    0.00    0.76    0.00    0.00    0.00   62.47
20:18:51     all   40.46    0.00    1.53    0.00    0.00    0.51    0.00    0.00    0.00   57.51
20:18:52     all   33.33    0.00    2.04    0.00    0.00    0.25    0.00    0.00    0.00   64.38
20:18:53     all   34.09    0.00    1.52    0.00    0.00    0.76    0.00    0.00    0.00   63.64
20:18:54     all   40.25    0.00    1.77    0.00    0.00    0.51    0.00    0.00    0.00   57.47
20:18:55     all   40.61    0.00    1.27    0.00    0.00    0.51    0.00    0.00    0.00   57.61
20:18:56     all   37.97    0.00    1.27    0.00    0.00    0.51    0.00    0.00    0.00   60.25
20:18:57     all   43.54    0.00    2.03    0.00    0.00    0.51    0.00    0.00    0.00   53.92
20:18:58     all   39.34    0.00    1.27    0.00    0.00    0.51    0.00    0.00    0.00   58.88
20:18:59     all   24.94    0.00    1.26    0.00    0.00    0.50    0.00    0.00    0.00   73.30
20:19:00     all   40.20    0.00    2.29    0.51    0.00    0.25    0.00    0.00    0.00   56.74
20:19:01     all   30.96    0.00    2.03    0.00    0.00    0.25    0.00    0.00    0.00   66.75
20:19:02     all   40.56    0.00    1.53    0.00    0.00    0.77    0.00    0.00    0.00   57.14
20:19:03     all   40.91    0.00    2.02    0.00    0.00    0.51    0.00    0.00    0.00   56.57
20:19:04     all   37.72    0.00    1.52    0.00    0.00    0.76    0.00    0.00    0.00   60.00
20:19:05     all   27.99    0.00    2.04    0.00    0.00    0.25    0.00    0.00    0.00   69.72
20:19:06     all   36.39    0.00    2.04    0.00    0.00    0.25    0.00    0.00    0.00   61.32
20:19:07     all   44.05    0.00    1.27    0.00    0.00    0.76    0.00    0.00    0.00   53.92
20:19:08     all   42.39    0.00    1.78    0.00    0.00    0.51    0.00    0.00    0.00   55.33
20:19:09     all   34.26    0.00    1.76    0.00    0.00    0.50    0.00    0.00    0.00   63.48
20:19:10     all   46.43    0.00    2.04    0.00    0.00    0.51    0.00    0.00    0.00   51.02
20:19:11     all   47.45    0.00    1.28    0.00    0.00    0.26    0.00    0.00    0.00   51.02
20:19:12     all   34.68    0.00    1.27    0.00    0.00    0.51    0.00    0.00    0.00   63.54
20:19:13     all   45.94    0.00    1.27    0.25    0.00    0.25    0.00    0.00    0.00   52.28
20:19:14     all   39.49    0.00    2.03    0.00    0.00    0.76    0.00    0.00    0.00   57.72
20:19:15     all   30.46    0.00    1.27    0.00    0.00    0.76    0.00    0.00    0.00   67.51
20:19:16     all   29.44    0.00    1.78    0.00    0.00    0.25    0.00    0.00    0.00   68.53
20:19:17     all   41.18    0.00    1.28    0.00    0.00    0.51    0.00    0.00    0.00   57.03
20:19:18     all   31.47    0.00    2.03    0.25    0.00    0.51    0.00    0.00    0.00   65.74
20:19:19     all   41.22    0.00    1.02    0.00    0.00    0.76    0.00    0.00    0.00   57.00
20:19:20     all   39.49    0.00    2.03    0.00    0.00    0.25    0.00    0.00    0.00   58.23
20:19:21     all   31.22    0.00    2.79    0.00    0.00    0.51    0.00    0.00    0.00   65.48
20:19:22     all   45.69    0.00    1.52    0.00    0.00    0.76    0.00    0.00    0.00   52.03
20:19:23     all   36.22    0.00    1.28    0.00    0.00    0.26    0.00    0.00    0.00   62.24
20:19:24     all   35.03    0.00    1.52    0.00    0.00    0.76    0.00    0.00    0.00   62.69
20:19:25     all   31.20    0.00    1.02    0.00    0.00    0.26    0.00    0.00    0.00   67.52
20:19:26     all   43.11    0.00    1.79    0.00    0.00    0.26    0.00    0.00    0.00   54.85
20:19:27     all   32.32    0.00    1.52    0.00    0.00    0.76    0.00    0.00    0.00   65.40
20:19:28     all   30.87    0.00    1.53    0.26    0.00    0.00    0.00    0.00    0.00   67.35
20:19:29     all   48.11    0.00    1.51    0.00    0.00    0.50    0.00    0.00    0.00   49.87
20:19:30     all   36.80    0.00    1.52    0.00    0.00    0.76    0.00    0.00    0.00   60.91
20:19:31     all   39.09    0.00    1.52    0.00    0.00    0.25    0.00    0.00    0.00   59.14
20:19:32     all   43.99    0.00    1.53    0.00    0.00    0.51    0.00    0.00    0.00   53.96
20:19:33     all   40.31    0.00    1.28    0.00    0.00    0.51    0.00    0.00    0.00   57.91
20:19:34     all   38.54    0.00    1.76    0.25    0.00    0.76    0.00    0.00    0.00   58.69
20:19:35     all   32.14    0.00    1.02    0.00    0.00    0.51    0.00    0.00    0.00   66.33
20:19:36     all   43.97    0.00    1.76    0.00    0.00    0.75    0.00    0.00    0.00   53.52
20:19:37     all   23.02    0.00    1.02    0.00    0.00    0.00    0.00    0.00    0.00   75.96
20:19:38     all   37.66    0.00    1.27    0.00    0.00    0.51    0.00    0.00    0.00   60.56
20:19:39     all   30.89    0.00    2.03    0.00    0.00    0.51    0.00    0.00    0.00   66.58
20:19:40     all   52.78    0.00    1.77    0.00    0.00    0.51    0.00    0.00    0.00   44.95
20:19:41     all   36.76    0.00    1.80    0.00    0.00    0.26    0.00    0.00    0.00   61.18
20:19:42     all   36.11    0.00    2.02    0.00    0.00    0.76    0.00    0.00    0.00   61.11
20:19:43     all   44.39    0.00    1.53    0.00    0.00    0.26    0.00    0.00    0.00   53.83
20:19:44     all   28.17    0.00    1.52    0.00    0.00    0.76    0.00    0.00    0.00   69.54
20:19:45     all   32.74    0.00    2.03    0.00    0.00    0.51    0.00    0.00    0.00   64.72
20:19:46     all   39.59    0.00    1.78    0.00    0.00    0.00    0.00    0.00    0.00   58.63
20:19:47     all   43.00    0.00    1.27    0.00    0.00    1.02    0.00    0.00    0.00   54.71
20:19:48     all   35.52    0.00    1.51    0.00    0.00    0.50    0.00    0.00    0.00   62.47
20:19:49     all   40.00    0.00    1.28    0.00    0.00    0.00    0.00    0.00    0.00   58.72
20:19:50     all   40.61    0.00    2.54    0.00    0.00    0.25    0.00    0.00    0.00   56.60
20:19:51     all   35.43    0.00    1.51    0.00    0.00    0.75    0.00    0.00    0.00   62.31
20:19:52     all   34.27    0.00    1.28    0.00    0.00    0.00    0.00    0.00    0.00   64.45
20:19:53     all   33.59    0.00    1.52    0.00    0.00    0.76    0.00    0.00    0.00   64.14
20:19:54     all   44.76    0.00    1.53    0.00    0.00    0.26    0.00    0.00    0.00   53.45
20:19:55     all   43.43    0.00    1.77    0.00    0.00    0.76    0.00    0.00    0.00   54.04
20:19:56     all    1.50    0.00    0.25    0.00    0.00    0.25    0.00    0.00    0.00   98.00
20:19:57     all    0.00    0.00    0.00    0.00    0.00    0.00    0.00    0.00    0.00  100.00
20:19:58     all    0.25    0.00    0.00    0.00    0.00    0.00    0.00    0.00    0.00   99.75
20:19:59     all    0.00    0.00    0.00    0.00    0.00    0.00    0.00    0.00    0.00  100.00
20:20:00     all    0.00    0.00    0.00    0.25    0.00    0.00    0.00    0.00    0.00   99.75
20:20:01     all   39.85    0.00    1.52    0.00    0.00    0.51    0.00    0.00    0.00   58.12
20:20:02     all   40.51    0.00    1.54    0.00    0.00    0.00    0.00    0.00    0.00   57.95
20:20:03     all   29.44    0.00    1.27    0.00    0.00    0.76    0.00    0.00    0.00   68.53
20:20:04     all   39.19    0.00    1.53    0.00    0.00    0.25    0.00    0.00    0.00   59.03
20:20:05     all   34.09    0.00    1.26    0.00    0.00    0.76    0.00    0.00    0.00   63.89
20:20:06     all   38.04    0.00    2.02    0.76    0.00    0.50    0.00    0.00    0.00   58.69
20:20:07     all   44.02    0.00    1.53    0.00    0.00    0.25    0.00    0.00    0.00   54.20
20:20:08     all   34.26    0.00    2.02    0.00    0.00    0.76    0.00    0.00    0.00   62.97
20:20:09     all   34.09    0.00    1.77    0.00    0.00    0.76    0.00    0.00    0.00   63.38
20:20:10     all   34.86    0.00    1.78    0.00    0.00    0.25    0.00    0.00    0.00   63.10
20:20:11     all   31.04    0.00    1.27    0.00    0.00    0.51    0.00    0.00    0.00   67.18
20:20:12     all   34.17    0.00    1.76    0.00    0.00    1.01    0.00    0.00    0.00   63.07
20:20:13     all   35.04    0.00    1.28    0.00    0.00    0.26    0.00    0.00    0.00   63.43
20:20:14     all   42.03    0.00    1.27    0.00    0.00    0.76    0.00    0.00    0.00   55.95
20:20:15     all   35.28    0.00    1.52    0.00    0.00    0.25    0.00    0.00    0.00   62.94
20:20:16     all   34.76    0.00    1.51    0.00    0.00    0.25    0.00    0.00    0.00   63.48
20:20:17     all   42.46    0.00    1.28    0.00    0.00    0.51    0.00    0.00    0.00   55.75
20:20:18     all   49.75    0.00    2.03    0.00    0.00    0.51    0.00    0.00    0.00   47.72
20:20:19     all   30.03    0.00    1.78    0.00    0.00    0.51    0.00    0.00    0.00   67.68
20:20:20     all   32.74    0.00    1.28    0.00    0.00    0.51    0.00    0.00    0.00   65.47
20:20:21     all   44.44    0.00    2.02    0.00    0.00    0.76    0.00    0.00    0.00   52.78
20:20:22     all   31.30    0.00    1.78    0.00    0.00    0.25    0.00    0.00    0.00   66.67
20:20:23     all   30.28    0.00    1.53    0.00    0.00    0.25    0.00    0.00    0.00   67.94
20:20:24     all   52.01    0.00    1.51    0.00    0.00    0.75    0.00    0.00    0.00   45.73
20:20:25     all   37.66    0.00    1.78    0.00    0.00    0.51    0.00    0.00    0.00   60.05
20:20:26     all   29.52    0.00    1.53    0.00    0.00    0.76    0.00    0.00    0.00   68.19
20:20:27     all   25.32    0.00    1.77    0.25    0.00    0.51    0.00    0.00    0.00   72.15
20:20:28     all   41.37    0.00    2.28    0.00    0.00    0.00    0.00    0.00    0.00   56.35
20:20:29     all   38.23    0.00    1.52    0.00    0.00    0.51    0.00    0.00    0.00   59.75
20:20:30     all   39.95    0.00    1.53    0.00    0.00    0.76    0.00    0.00    0.00   57.76
20:20:31     all   35.11    0.00    2.04    0.00    0.00    0.00    0.00    0.00    0.00   62.85
20:20:32     all   24.94    0.00    1.26    0.25    0.00    0.76    0.00    0.00    0.00   72.80
20:20:33     all   24.68    0.00    2.29    0.00    0.00    0.25    0.00    0.00    0.00   72.77
20:20:34     all   37.88    0.00    1.77    0.00    0.00    0.76    0.00    0.00    0.00   59.60
20:20:35     all   33.84    0.00    1.53    0.00    0.00    0.76    0.00    0.00    0.00   63.87
20:20:36     all   35.55    0.00    1.79    0.00    0.00    0.51    0.00    0.00    0.00   62.15
20:20:37     all   58.93    0.00    2.30    0.00    0.00    0.00    0.00    0.00    0.00   38.78
20:20:38     all   39.49    0.00    1.27    0.00    0.00    0.76    0.00    0.00    0.00   58.48
20:20:39     all   27.30    0.00    1.53    0.00    0.00    0.26    0.00    0.00    0.00   70.92
20:20:40     all   36.71    0.00    2.28    0.00    0.00    0.76    0.00    0.00    0.00   60.25
20:20:41     all   32.23    0.00    1.52    0.00    0.00    0.25    0.00    0.00    0.00   65.99
20:20:42     all   32.32    0.00    1.52    0.00    0.00    0.76    0.00    0.00    0.00   65.40
20:20:43     all   40.10    0.00    1.29    0.00    0.00    0.00    0.00    0.00    0.00   58.61
20:20:44     all   36.96    0.00    1.77    0.00    0.00    0.51    0.00    0.00    0.00   60.76
20:20:45     all   34.17    0.00    1.51    0.00    0.00    0.50    0.00    0.00    0.00   63.82
20:20:46     all   41.18    0.00    1.79    0.00    0.00    0.51    0.00    0.00    0.00   56.52
20:20:47     all   37.85    0.00    1.02    0.00    0.00    0.26    0.00    0.00    0.00   60.87
20:20:48     all   46.45    0.00    1.78    0.25    0.00    0.51    0.00    0.00    0.00   51.02
20:20:49     all   40.36    0.00    1.78    0.00    0.00    0.51    0.00    0.00    0.00   57.36
20:20:50     all   38.79    0.00    2.02    0.00    0.00    1.01    0.00    0.00    0.00   58.19
20:20:51     all   45.52    0.00    1.28    0.00    0.00    0.00    0.00    0.00    0.00   53.20
20:20:52     all   45.41    0.00    1.53    0.00    0.00    0.77    0.00    0.00    0.00   52.30
20:20:53     all   48.48    0.00    1.52    0.51    0.00    0.25    0.00    0.00    0.00   49.24
20:20:54     all   31.39    0.00    2.28    0.00    0.00    1.01    0.00    0.00    0.00   65.32
20:20:55     all   43.11    0.00    1.02    0.00    0.00    0.26    0.00    0.00    0.00   55.61
20:20:56     all   46.37    0.00    1.50    0.00    0.00    0.75    0.00    0.00    0.00   51.38
20:20:57     all   45.18    0.00    1.27    0.00    0.00    0.76    0.00    0.00    0.00   52.79
20:20:58     all   32.82    0.00    1.27    0.00    0.00    0.25    0.00    0.00    0.00   65.65
20:20:59     all   34.85    0.00    1.26    0.00    0.00    0.51    0.00    0.00    0.00   63.38
20:21:00     all   17.09    0.00    1.51    0.00    0.00    0.00    0.00    0.00    0.00   81.41
20:21:01     all    0.00    0.00    0.00    0.00    0.00    0.00    0.00    0.00    0.00  100.00
20:21:02     all    0.00    0.00    0.00    0.25    0.00    0.00    0.00    0.00    0.00   99.75
20:21:03     all    0.00    0.00    0.00    0.00    0.00    0.00    0.00    0.00    0.00  100.00
20:21:04     all    0.00    0.00    0.00    0.00    0.00    0.00    0.00    0.00    0.00  100.00
20:21:05     all   13.10    0.00    0.50    0.00    0.00    0.50    0.00    0.00    0.00   85.89
20:21:06     all   43.11    0.00    1.02    0.00    0.00    0.00    0.00    0.00    0.00   55.87
20:21:07     all   36.87    0.00    1.77    0.00    0.00    0.76    0.00    0.00    0.00   60.61
20:21:08     all   41.37    0.00    1.27    0.00    0.00    0.51    0.00    0.00    0.00   56.85
20:21:09     all   40.05    0.00    1.53    0.00    0.00    0.26    0.00    0.00    0.00   58.16
20:21:10     all   27.07    0.00    1.75    0.00    0.00    0.75    0.00    0.00    0.00   70.43
20:21:11     all   40.10    0.00    1.27    0.25    0.00    0.51    0.00    0.00    0.00   57.87
20:21:12     all   47.84    0.00    1.27    0.00    0.00    0.51    0.00    0.00    0.00   50.38
20:21:13     all   29.70    0.00    2.03    0.00    0.00    0.25    0.00    0.00    0.00   68.02
20:21:14     all   36.11    0.00    2.02    0.00    0.00    0.76    0.00    0.00    0.00   61.11
20:21:15     all   42.46    0.00    1.28    0.00    0.00    0.26    0.00    0.00    0.00   56.01
20:21:16     all   36.73    0.00    1.79    0.00    0.00    0.51    0.00    0.00    0.00   60.97
20:21:17     all   31.39    0.00    2.28    0.00    0.00    0.51    0.00    0.00    0.00   65.82
20:21:18     all   39.34    0.00    1.27    0.00    0.00    0.51    0.00    0.00    0.00   58.88
20:21:19     all   29.37    0.00    1.52    0.00    0.00    0.51    0.00    0.00    0.00   68.61
20:21:20     all   36.80    0.00    2.03    0.00    0.00    0.76    0.00    0.00    0.00   60.41
20:21:21     all   33.08    0.00    2.31    0.00    0.00    0.00    0.00    0.00    0.00   64.62
20:21:22     all   29.47    0.00    1.76    0.00    0.00    0.76    0.00    0.00    0.00   68.01
20:21:23     all   31.81    0.00    1.27    0.00    0.00    0.25    0.00    0.00    0.00   66.67
20:21:24     all   34.61    0.00    1.27    0.00    0.00    0.25    0.00    0.00    0.00   63.87
20:21:25     all   32.91    0.00    1.53    0.00    0.00    1.02    0.00    0.00    0.00   64.54
20:21:26     all   31.46    0.00    1.79    0.26    0.00    0.00    0.00    0.00    0.00   66.50
20:21:27     all   31.58    0.00    1.75    0.00    0.00    1.00    0.00    0.00    0.00   65.66
20:21:28     all   49.24    0.00    1.02    0.00    0.00    0.25    0.00    0.00    0.00   49.49
20:21:29     all   50.00    0.00    1.27    0.00    0.00    0.25    0.00    0.00    0.00   48.48
20:21:30     all   44.92    0.00    1.78    0.00    0.00    1.02    0.00    0.00    0.00   52.28
20:21:31     all   48.10    0.00    1.52    0.00    0.00    0.76    0.00    0.00    0.00   49.62
20:21:32     all   35.62    0.00    1.02    0.00    0.00    0.25    0.00    0.00    0.00   63.10
20:21:33     all   30.05    0.00    2.27    0.00    0.00    0.51    0.00    0.00    0.00   67.17
20:21:34     all   37.53    0.00    1.76    0.00    0.00    0.50    0.00    0.00    0.00   60.20
20:21:35     all   41.94    0.00    1.02    0.00    0.00    0.26    0.00    0.00    0.00   56.78
20:21:36     all   37.22    0.00    1.52    0.00    0.00    0.51    0.00    0.00    0.00   60.76
20:21:37     all   37.95    0.00    1.79    0.00    0.00    0.26    0.00    0.00    0.00   60.00
20:21:38     all   34.70    0.00    1.03    0.00    0.00    0.26    0.00    0.00    0.00   64.01
20:21:39     all   32.74    0.00    2.03    0.00    0.00    0.76    0.00    0.00    0.00   64.47
20:21:40     all   40.46    0.00    2.04    0.00    0.00    0.51    0.00    0.00    0.00   57.00
20:21:41     all   38.07    0.00    2.03    0.00    0.00    0.51    0.00    0.00    0.00   59.39
20:21:42     all   37.53    0.00    2.02    0.00    0.00    0.76    0.00    0.00    0.00   59.70
20:21:43     all   30.33    0.00    1.29    0.26    0.00    0.00    0.00    0.00    0.00   68.12
20:21:44     all   33.84    0.00    1.77    0.00    0.00    0.51    0.00    0.00    0.00   63.89
20:21:45     all   46.58    0.00    1.52    0.00    0.00    0.76    0.00    0.00    0.00   51.14
20:21:46     all   36.96    0.00    0.51    0.00    0.00    0.51    0.00    0.00    0.00   62.03
20:21:47     all   33.92    0.00    1.52    0.00    0.00    0.00    0.00    0.00    0.00   64.56
20:21:48     all   38.99    0.00    1.52    0.00    0.00    0.25    0.00    0.00    0.00   59.24
20:21:49     all   48.22    0.00    1.52    0.00    0.00    0.76    0.00    0.00    0.00   49.49
20:21:50     all   32.06    0.00    1.78    0.00    0.00    0.76    0.00    0.00    0.00   65.39
20:21:51     all   39.80    0.00    1.76    0.00    0.00    0.50    0.00    0.00    0.00   57.93
20:21:52     all   28.32    0.00    1.79    0.00    0.00    0.26    0.00    0.00    0.00   69.64
20:21:53     all   33.67    0.00    1.02    0.00    0.00    0.77    0.00    0.00    0.00   64.54
20:21:54     all   34.18    0.00    2.03    0.51    0.00    0.25    0.00    0.00    0.00   63.04
20:21:55     all   36.20    0.00    1.77    0.00    0.00    0.51    0.00    0.00    0.00   61.52
20:21:56     all   33.50    0.00    1.76    0.00    0.00    0.50    0.00    0.00    0.00   64.23
20:21:57     all   35.26    0.00    1.51    0.00    0.00    0.76    0.00    0.00    0.00   62.47
20:21:58     all   36.22    0.00    1.53    0.00    0.00    0.00    0.00    0.00    0.00   62.24
20:21:59     all   35.62    0.00    2.04    0.00    0.00    0.76    0.00    0.00    0.00   61.58
20:22:00     all   37.82    0.00    1.52    0.00    0.00    0.25    0.00    0.00    0.00   60.41
20:22:01     all   39.29    0.00    1.53    0.00    0.00    0.51    0.00    0.00    0.00   58.67
20:22:02     all   40.86    0.00    1.52    0.00    0.00    0.51    0.00    0.00    0.00   57.11
20:22:03     all   40.61    0.00    1.52    0.25    0.00    0.51    0.00    0.00    0.00   57.11
20:22:04     all   32.58    0.00    2.27    0.00    0.00    0.25    0.00    0.00    0.00   64.90
20:22:05     all   33.76    0.00    1.02    0.00    0.00    1.02    0.00    0.00    0.00   64.21
20:22:06     all   37.60    0.00    1.53    0.00    0.00    0.00    0.00    0.00    0.00   60.87
20:22:07     all   35.68    0.00    1.51    0.25    0.00    0.75    0.00    0.00    0.00   61.81
20:22:08     all   42.86    0.00    1.53    0.26    0.00    0.51    0.00    0.00    0.00   54.85
20:22:09     all   27.88    0.00    1.53    0.00    0.00    0.26    0.00    0.00    0.00   70.33
20:22:10     all   29.52    0.00    1.53    0.00    0.00    0.51    0.00    0.00    0.00   68.45
20:22:11     all   38.89    0.00    1.26    0.00    0.00    0.76    0.00    0.00    0.00   59.09
20:22:12     all   34.52    0.00    1.52    0.00    0.00    0.51    0.00    0.00    0.00   63.45
20:22:13     all   46.58    0.00    1.77    0.00    0.00    0.51    0.00    0.00    0.00   51.14
20:22:14     all   32.91    0.00    1.28    0.00    0.00    0.00    0.00    0.00    0.00   65.82
20:22:15     all   33.59    0.00    1.52    0.00    0.00    0.76    0.00    0.00    0.00   64.14
20:22:16     all   37.56    0.00    2.28    0.00    0.00    0.25    0.00    0.00    0.00   59.90
20:22:17     all   39.39    0.00    2.27    0.00    0.00    0.51    0.00    0.00    0.00   57.83
20:22:18     all   35.35    0.00    1.77    0.25    0.00    0.25    0.00    0.00    0.00   62.37
20:22:19     all   41.41    0.00    1.26    0.00    0.00    0.51    0.00    0.00    0.00   56.82
20:22:20     all   41.48    0.00    1.78    0.00    0.00    0.51    0.00    0.00    0.00   56.23
20:22:21     all   48.85    0.00    2.29    0.00    0.00    0.51    0.00    0.00    0.00   48.35
20:22:22     all   33.50    0.00    1.52    0.00    0.00    0.51    0.00    0.00    0.00   64.47
20:22:23     all   35.86    0.00    2.02    0.00    0.00    0.76    0.00    0.00    0.00   61.36
20:22:24     all   25.95    0.00    1.78    0.76    0.00    0.25    0.00    0.00    0.00   71.25
20:22:25     all   41.12    0.00    1.27    0.00    0.00    0.00    0.00    0.00    0.00   57.61
20:22:26     all   29.62    0.00    1.52    0.00    0.00    1.01    0.00    0.00    0.00   67.85
20:22:27     all   35.71    0.00    1.53    0.00    0.00    0.26    0.00    0.00    0.00   62.50
20:22:28     all   33.08    0.00    1.77    0.00    0.00    0.51    0.00    0.00    0.00   64.65
20:22:29     all   28.93    0.00    1.52    0.00    0.00    0.25    0.00    0.00    0.00   69.29
20:22:30     all   34.52    0.00    1.52    0.25    0.00    0.51    0.00    0.00    0.00   63.20
20:22:31     all   44.27    0.00    1.78    0.00    0.00    0.51    0.00    0.00    0.00   53.44
20:22:32     all   35.95    0.00    1.77    0.00    0.00    0.51    0.00    0.00    0.00   61.77
20:22:33     all   39.14    0.00    1.26    0.00    0.00    0.76    0.00    0.00    0.00   58.84
20:22:34     all   34.01    0.00    2.03    0.00    0.00    0.51    0.00    0.00    0.00   63.45
20:22:35     all   43.37    0.00    1.79    0.00    0.00    0.51    0.00    0.00    0.00   54.34
20:22:36     all   51.52    0.00    1.27    0.00    0.00    0.51    0.00    0.00    0.00   46.70
20:22:37     all   51.77    0.00    1.26    0.00    0.00    0.76    0.00    0.00    0.00   46.21
20:22:38     all   25.51    0.00    2.27    0.00    0.00    0.25    0.00    0.00    0.00   71.97
20:22:39     all   43.94    0.00    1.52    0.00    0.00    0.76    0.00    0.00    0.00   53.79
20:22:40     all   35.37    0.00    1.53    0.00    0.00    0.25    0.00    0.00    0.00   62.85
20:22:41     all   35.53    0.00    2.28    0.00    0.00    0.25    0.00    0.00    0.00   61.93
20:22:42     all   44.44    0.00    1.77    0.25    0.00    0.51    0.00    0.00    0.00   53.03
20:22:43     all   29.26    0.00    1.53    0.00    0.00    0.76    0.00    0.00    0.00   68.45
20:22:44     all   31.12    0.00    1.79    0.00    0.00    0.51    0.00    0.00    0.00   66.58
20:22:45     all   37.50    0.00    1.28    0.00    0.00    0.51    0.00    0.00    0.00   60.71
20:22:46     all   39.14    0.00    1.52    0.00    0.00    0.51    0.00    0.00    0.00   58.84
20:22:47     all   50.38    0.00    1.27    0.00    0.00    0.76    0.00    0.00    0.00   47.58
20:22:48     all   40.10    0.00    1.52    0.00    0.00    0.51    0.00    0.00    0.00   57.87
20:22:49     all   38.38    0.00    1.77    0.00    0.00    0.25    0.00    0.00    0.00   59.60
20:22:50     all   48.86    0.00    1.52    0.00    0.00    0.51    0.00    0.00    0.00   49.11
20:22:51     all   48.74    0.00    1.77    0.00    0.00    0.76    0.00    0.00    0.00   48.74
20:22:52     all   44.02    0.00    1.27    0.25    0.00    0.51    0.00    0.00    0.00   53.94
20:22:53     all   35.55    0.00    2.05    0.00    0.00    0.26    0.00    0.00    0.00   62.15
20:22:54     all   29.47    0.00    1.76    0.00    0.00    0.50    0.00    0.00    0.00   68.26
20:22:55     all   28.75    0.00    2.04    0.00    0.00    0.25    0.00    0.00    0.00   68.96
20:22:56     all   37.56    0.00    1.27    0.00    0.00    0.25    0.00    0.00    0.00   60.91
20:22:57     all   35.46    0.00    1.28    0.00    0.00    0.77    0.00    0.00    0.00   62.50
20:22:58     all   42.71    0.00    1.53    0.00    0.00    0.26    0.00    0.00    0.00   55.50
20:22:59     all   24.68    0.00    2.04    0.00    0.00    0.51    0.00    0.00    0.00   72.77
20:23:00     all   32.83    0.00    1.52    0.00    0.00    0.25    0.00    0.00    0.00   65.40
20:23:01     all   34.44    0.00    1.28    0.00    0.00    0.77    0.00    0.00    0.00   63.52
20:23:02     all   29.47    0.00    1.51    0.00    0.00    0.50    0.00    0.00    0.00   68.51
20:23:03     all   38.78    0.00    1.79    0.26    0.00    0.26    0.00    0.00    0.00   58.93
20:23:04     all   49.62    0.00    1.27    0.00    0.00    0.51    0.00    0.00    0.00   48.61
20:23:05     all   38.10    0.00    1.75    0.00    0.00    0.75    0.00    0.00    0.00   59.40
20:23:06     all   36.48    0.00    1.79    0.00    0.00    0.00    0.00    0.00    0.00   61.73
20:23:07     all   57.47    0.00    1.52    0.00    0.00    1.01    0.00    0.00    0.00   40.00
20:23:08     all   30.28    0.00    1.78    0.00    0.00    0.00    0.00    0.00    0.00   67.94
20:23:09     all   42.42    0.00    2.27    0.25    0.00    0.51    0.00    0.00    0.00   54.55
20:23:10     all   35.46    0.00    1.28    0.00    0.00    0.51    0.00    0.00    0.00   62.76
20:23:11     all   44.84    0.00    1.51    0.00    0.00    0.50    0.00    0.00    0.00   53.15
20:23:12     all   34.61    0.00    2.04    0.00    0.00    0.25    0.00    0.00    0.00   63.10
20:23:13     all   42.28    0.00    1.27    0.00    0.00    0.76    0.00    0.00    0.00   55.70
20:23:14     all   29.67    0.00    1.28    0.00    0.00    0.00    0.00    0.00    0.00   69.05
20:23:15     all   36.20    0.00    1.27    0.00    0.00    0.51    0.00    0.00    0.00   62.03
20:23:16     all   42.17    0.00    1.52    0.00    0.00    0.76    0.00    0.00    0.00   55.56
20:23:17     all   31.39    0.00    2.03    0.00    0.00    0.25    0.00    0.00    0.00   66.33
20:23:18     all   35.86    0.00    1.52    0.00    0.00    0.76    0.00    0.00    0.00   61.87
20:23:19     all   27.23    0.00    1.53    0.00    0.00    0.00    0.00    0.00    0.00   71.25
20:23:20     all   40.15    0.00    1.28    0.00    0.00    0.26    0.00    0.00    0.00   58.31
20:23:21     all   48.50    0.00    3.00    0.00    0.00    1.00    0.00    0.00    0.00   47.50
20:23:22     all   31.20    0.00    1.53    0.00    0.00    0.00    0.00    0.00    0.00   67.26
20:23:23     all   37.97    0.00    1.52    0.00    0.00    0.76    0.00    0.00    0.00   59.75
20:23:24     all   40.61    0.00    1.27    0.00    0.00    0.25    0.00    0.00    0.00   57.87
20:23:25     all   36.96    0.00    1.77    0.25    0.00    0.51    0.00    0.00    0.00   60.51
20:23:26     all   38.48    0.00    1.52    0.00    0.00    1.01    0.00    0.00    0.00   58.99
20:23:27     all   43.77    0.00    1.53    0.00    0.00    0.00    0.00    0.00    0.00   54.71
20:23:28     all   50.00    0.00    1.52    0.00    0.00    0.51    0.00    0.00    0.00   47.98
20:23:29     all   50.63    0.00    1.51    0.00    0.00    0.50    0.00    0.00    0.00   47.36
20:23:30     all   32.49    0.00    1.52    0.00    0.00    0.25    0.00    0.00    0.00   65.74
20:23:31     all   31.39    0.00    1.77    0.00    0.00    0.51    0.00    0.00    0.00   66.33
20:23:32     all   38.42    0.00    1.53    0.00    0.00    0.51    0.00    0.00    0.00   59.54
20:23:33     all   41.37    0.00    1.52    0.00    0.00    0.51    0.00    0.00    0.00   56.60
20:23:34     all   32.57    0.00    1.27    0.00    0.00    0.00    0.00    0.00    0.00   66.16
20:23:35     all   30.15    0.00    2.01    0.00    0.00    0.75    0.00    0.00    0.00   67.09
20:23:36     all   46.56    0.00    2.04    0.00    0.00    0.51    0.00    0.00    0.00   50.89
20:23:37     all   37.50    0.00    1.53    0.00    0.00    0.26    0.00    0.00    0.00   60.71
20:23:38     all   42.21    0.00    1.26    0.00    0.00    0.75    0.00    0.00    0.00   55.78
20:23:39     all   38.68    0.00    1.78    0.25    0.00    0.00    0.00    0.00    0.00   59.29
20:23:40     all   35.18    0.00    1.76    0.00    0.00    0.50    0.00    0.00    0.00   62.56
20:23:41     all   31.12    0.00    1.53    0.00    0.00    0.51    0.00    0.00    0.00   66.84
20:23:42     all   39.54    0.00    1.53    0.00    0.00    0.51    0.00    0.00    0.00   58.42
20:23:43     all   45.23    0.00    2.01    0.00    0.00    0.75    0.00    0.00    0.00   52.01
20:23:44     all   38.68    0.00    1.02    0.00    0.00    0.51    0.00    0.00    0.00   59.80
20:23:45     all   35.01    0.00    1.76    0.00    0.00    0.50    0.00    0.00    0.00   62.72
20:23:46     all   38.52    0.00    1.53    0.00    0.00    0.26    0.00    0.00    0.00   59.69
20:23:47     all   42.17    0.00    2.02    0.25    0.00    0.51    0.00    0.00    0.00   55.05
20:23:48     all   39.85    0.00    1.52    0.00    0.00    0.51    0.00    0.00    0.00   58.12
20:23:49     all   35.10    0.00    2.02    0.51    0.00    0.51    0.00    0.00    0.00   61.87
20:23:50     all   41.33    0.00    1.53    0.00    0.00    0.00    0.00    0.00    0.00   57.14
20:23:51     all   41.10    0.00    1.75    0.00    0.00    0.75    0.00    0.00    0.00   56.39
20:23:52     all   45.78    0.00    0.77    0.00    0.00    0.26    0.00    0.00    0.00   53.20
20:23:53     all   30.71    0.00    2.03    0.00    0.00    0.51    0.00    0.00    0.00   66.75
20:23:54     all   43.43    0.00    1.01    0.00    0.00    0.51    0.00    0.00    0.00   55.05
20:23:55     all   34.60    0.00    1.52    0.00    0.00    0.51    0.00    0.00    0.00   63.38
20:23:56     all   42.28    0.00    1.52    0.00    0.00    0.76    0.00    0.00    0.00   55.44
20:23:57     all   39.69    0.00    2.04    0.00    0.00    0.00    0.00    0.00    0.00   58.27
20:23:58     all   36.55    0.00    1.27    0.25    0.00    0.76    0.00    0.00    0.00   61.17
20:23:59     all   37.72    0.00    1.52    0.00    0.00    0.25    0.00    0.00    0.00   60.51
20:24:00     all   39.54    0.00    1.28    0.00    0.00    0.51    0.00    0.00    0.00   58.67
20:24:01     all   30.81    0.00    1.77    0.00    0.00    0.51    0.00    0.00    0.00   66.92
20:24:02     all   40.00    0.00    1.77    0.00    0.00    0.25    0.00    0.00    0.00   57.97
20:24:03     all   46.21    0.00    1.26    0.00    0.00    0.76    0.00    0.00    0.00   51.77
20:24:04     all   34.95    0.00    1.53    0.00    0.00    0.00    0.00    0.00    0.00   63.52
20:24:05     all   26.26    0.00    1.77    0.00    0.00    1.01    0.00    0.00    0.00   70.96
20:24:06     all   34.18    0.00    2.03    0.00    0.00    0.25    0.00    0.00    0.00   63.54
20:24:07     all   41.18    0.00    1.02    0.00    0.00    0.26    0.00    0.00    0.00   57.54
20:24:08     all   39.49    0.00    2.03    0.00    0.00    0.25    0.00    0.00    0.00   58.23
20:24:09     all   41.77    0.00    1.77    0.00    0.00    0.76    0.00    0.00    0.00   55.70
20:24:10     all   34.02    0.00    1.28    0.00    0.00    0.51    0.00    0.00    0.00   64.19
20:24:11     all   35.26    0.00    1.76    0.00    0.00    0.50    0.00    0.00    0.00   62.47
20:24:12     all   30.85    0.00    1.29    0.00    0.00    0.00    0.00    0.00    0.00   67.87
20:24:13     all   29.22    0.00    1.76    0.00    0.00    0.76    0.00    0.00    0.00   68.26
20:24:14     all   50.26    0.00    1.53    0.26    0.00    0.51    0.00    0.00    0.00   47.45
20:24:15     all   30.90    0.00    1.76    0.00    0.00    1.01    0.00    0.00    0.00   66.33
20:24:16     all   36.96    0.00    1.27    0.00    0.00    0.25    0.00    0.00    0.00   61.52
20:24:17     all   36.71    0.00    1.77    0.00    0.00    0.51    0.00    0.00    0.00   61.01
20:24:18     all   32.32    0.00    1.53    0.00    0.00    0.51    0.00    0.00    0.00   65.65
20:24:19     all   39.49    0.00    1.27    0.00    0.00    0.51    0.00    0.00    0.00   58.73
20:24:20     all   41.48    0.00    2.04    0.00    0.00    0.25    0.00    0.00    0.00   56.23
20:24:21     all   31.74    0.00    2.52    0.00    0.00    0.76    0.00    0.00    0.00   64.99
20:24:22     all   31.30    0.00    1.53    0.00    0.00    0.51    0.00    0.00    0.00   66.67
20:24:23     all   22.76    0.00    1.28    0.00    0.00    0.51    0.00    0.00    0.00   75.45
20:24:24     all   39.29    0.00    1.76    0.25    0.00    0.76    0.00    0.00    0.00   57.93
20:24:25     all   56.09    0.00    1.27    0.00    0.00    0.51    0.00    0.00    0.00   42.13
20:24:26     all   46.82    0.00    1.53    0.00    0.00    0.25    0.00    0.00    0.00   51.40
20:24:27     all   43.48    0.00    1.79    0.00    0.00    0.51    0.00    0.00    0.00   54.22
20:24:28     all   34.01    0.00    1.76    0.00    0.00    0.50    0.00    0.00    0.00   63.73
20:24:29     all   35.11    0.00    1.27    0.00    0.00    0.25    0.00    0.00    0.00   63.36
20:24:30     all   33.16    0.00    1.77    0.00    0.00    0.51    0.00    0.00    0.00   64.56
20:24:31     all   28.61    0.00    2.28    0.00    0.00    0.25    0.00    0.00    0.00   68.86
20:24:32     all   26.84    0.00    1.77    0.00    0.00    0.76    0.00    0.00    0.00   70.63
20:24:33     all   33.67    0.00    2.78    0.00    0.00    0.25    0.00    0.00    0.00   63.29
20:24:34     all   43.51    0.00    1.53    0.00    0.00    0.51    0.00    0.00    0.00   54.45
20:24:35     all   38.58    0.00    1.78    0.00    0.00    0.25    0.00    0.00    0.00   59.39
20:24:36     all   40.46    0.00    1.27    0.25    0.00    0.76    0.00    0.00    0.00   57.25
20:24:37     all   43.91    0.00    1.52    0.00    0.00    0.25    0.00    0.00    0.00   54.31
20:24:38     all   36.39    0.00    1.53    0.00    0.00    0.51    0.00    0.00    0.00   61.58
20:24:39     all   47.99    0.00    1.51    0.00    0.00    0.75    0.00    0.00    0.00   49.75
20:24:40     all   55.08    0.00    1.52    0.00    0.00    0.76    0.00    0.00    0.00   42.64
20:24:41     all   32.16    0.00    1.76    0.25    0.00    0.75    0.00    0.00    0.00   65.08
20:24:42     all   38.36    0.00    1.28    0.00    0.00    0.00    0.00    0.00    0.00   60.36
20:24:43     all   27.20    0.00    1.76    0.00    0.00    1.01    0.00    0.00    0.00   70.03
20:24:44     all   36.90    0.00    1.53    0.00    0.00    0.25    0.00    0.00    0.00   61.32
20:24:45     all   39.90    0.00    2.53    0.00    0.00    0.25    0.00    0.00    0.00   57.32
20:24:46     all   30.96    0.00    1.52    0.00    0.00    1.02    0.00    0.00    0.00   66.50
20:24:47     all   35.53    0.00    1.52    0.00    0.00    0.25    0.00    0.00    0.00   62.69
20:24:48     all   38.58    0.00    1.78    0.00    0.00    0.51    0.00    0.00    0.00   59.14
20:24:49     all   38.58    0.00    1.78    0.00    0.00    0.25    0.00    0.00    0.00   59.39
20:24:50     all   39.18    0.00    1.03    0.00    0.00    0.00    0.00    0.00    0.00   59.79
20:24:51     all   37.09    0.00    2.26    0.00    0.00    0.75    0.00    0.00    0.00   59.90
20:24:52     all   39.24    0.00    1.77    0.51    0.00    0.51    0.00    0.00    0.00   57.97
20:24:53     all   56.63    0.00    1.53    0.00    0.00    0.51    0.00    0.00    0.00   41.33
20:24:54     all   39.75    0.00    1.77    0.00    0.00    0.51    0.00    0.00    0.00   57.97
20:24:55     all   42.60    0.00    1.79    0.00    0.00    0.26    0.00    0.00    0.00   55.36
20:24:56     all   46.85    0.00    1.01    0.00    0.00    0.76    0.00    0.00    0.00   51.39
20:24:57     all   27.62    0.00    2.05    0.00    0.00    0.00    0.00    0.00    0.00   70.33
20:24:58     all   34.09    0.00    1.26    0.25    0.00    1.01    0.00    0.00    0.00   63.38
20:24:59     all   37.72    0.00    2.03    0.00    0.00    0.51    0.00    0.00    0.00   59.75
20:25:00     all   41.07    0.00    1.53    0.00    0.00    0.51    0.00    0.00    0.00   56.89
20:25:01     all   49.87    0.00    1.52    0.00    0.00    0.25    0.00    0.00    0.00   48.35
20:25:02     all   30.79    0.00    1.78    0.00    0.00    0.51    0.00    0.00    0.00   66.92
20:25:03     all   40.66    0.00    1.53    0.00    0.00    0.77    0.00    0.00    0.00   57.03
20:25:04     all   29.29    0.00    1.77    0.00    0.00    0.51    0.00    0.00    0.00   68.43
20:25:05     all   29.01    0.00    1.78    0.00    0.00    0.51    0.00    0.00    0.00   68.70
20:25:06     all   29.01    0.00    2.04    0.00    0.00    0.51    0.00    0.00    0.00   68.45
20:25:07     all   43.40    0.00    1.27    0.00    0.00    0.76    0.00    0.00    0.00   54.57
20:25:08     all   47.31    0.00    1.53    0.00    0.00    0.00    0.00    0.00    0.00   51.15
20:25:09     all   46.85    0.00    1.51    0.50    0.00    1.01    0.00    0.00    0.00   50.13
20:25:10     all   37.66    0.00    1.78    0.00    0.00    0.25    0.00    0.00    0.00   60.31
20:25:11     all   40.97    0.00    1.53    0.00    0.00    0.51    0.00    0.00    0.00   57.00
20:25:12     all   42.39    0.00    1.27    0.00    0.00    0.51    0.00    0.00    0.00   55.84
20:25:13     all   36.87    0.00    1.52    0.00    0.00    0.51    0.00    0.00    0.00   61.11
20:25:14     all   45.57    0.00    1.27    0.00    0.00    0.51    0.00    0.00    0.00   52.66
20:25:15     all   39.34    0.00    1.78    0.00    0.00    0.51    0.00    0.00    0.00   58.38
20:25:16     all   27.74    0.00    1.78    0.00    0.00    0.25    0.00    0.00    0.00   70.23
20:25:17     all   48.10    0.00    1.52    0.00    0.00    1.01    0.00    0.00    0.00   49.37
20:25:18     all   37.82    0.00    1.52    0.00    0.00    0.00    0.00    0.00    0.00   60.66
20:25:19     all   27.96    0.00    2.27    0.00    0.00    0.50    0.00    0.00    0.00   69.27
20:25:20     all   39.85    0.00    1.78    0.00    0.00    0.51    0.00    0.00    0.00   57.87
20:25:21     all   34.10    0.00    2.29    0.25    0.00    0.76    0.00    0.00    0.00   62.60
20:25:22     all   40.71    0.00    1.53    0.00    0.00    0.25    0.00    0.00    0.00   57.51
20:25:23     all   39.85    0.00    1.27    0.00    0.00    0.51    0.00    0.00    0.00   58.38
20:25:24     all   36.87    0.00    2.02    0.00    0.00    0.76    0.00    0.00    0.00   60.35
20:25:25     all   43.29    0.00    2.03    0.00    0.00    0.51    0.00    0.00    0.00   54.18
20:25:26     all   34.44    0.00    1.28    0.26    0.00    0.51    0.00    0.00    0.00   63.52
20:25:27     all   31.30    0.00    1.53    0.00    0.00    0.25    0.00    0.00    0.00   66.92
20:25:28     all   45.94    0.00    1.27    0.00    0.00    0.76    0.00    0.00    0.00   52.03
20:25:29     all   34.52    0.00    1.78    0.00    0.00    0.25    0.00    0.00    0.00   63.45
20:25:30     all   34.25    0.00    1.50    0.00    0.00    1.00    0.00    0.00    0.00   63.25
20:25:31     all   30.43    0.00    1.79    0.26    0.00    0.26    0.00    0.00    0.00   67.26
20:25:32     all   41.16    0.00    2.02    0.00    0.00    0.76    0.00    0.00    0.00   56.06
20:25:33     all   36.20    0.00    1.77    0.00    0.00    0.51    0.00    0.00    0.00   61.52
20:25:34     all   32.48    0.00    1.53    0.00    0.00    0.00    0.00    0.00    0.00   65.98
20:25:35     all   50.38    0.00    1.75    0.00    0.00    1.00    0.00    0.00    0.00   46.87
20:25:36     all   41.28    0.00    1.03    0.00    0.00    0.51    0.00    0.00    0.00   57.18
20:25:37     all   37.56    0.00    2.03    0.00    0.00    0.51    0.00    0.00    0.00   59.90
20:25:38     all   39.64    0.00    1.28    0.00    0.00    0.51    0.00    0.00    0.00   58.57
20:25:39     all   33.00    0.00    1.76    0.00    0.00    0.50    0.00    0.00    0.00   64.74
20:25:40     all   37.72    0.00    2.28    0.00    0.00    0.25    0.00    0.00    0.00   59.75
20:25:41     all   34.01    0.00    1.27    0.25    0.00    0.51    0.00    0.00    0.00   63.96
20:25:42     all   34.60    0.00    1.52    0.00    0.00    1.01    0.00    0.00    0.00   62.88
20:25:43     all   40.97    0.00    1.78    0.00    0.00    0.00    0.00    0.00    0.00   57.25
20:25:44     all   33.25    0.00    1.52    0.00    0.00    0.25    0.00    0.00    0.00   64.97
20:25:45     all   40.05    0.00    1.51    0.00    0.00    0.50    0.00    0.00    0.00   57.93
20:25:46     all   42.64    0.00    1.78    0.00    0.00    0.51    0.00    0.00    0.00   55.08
20:25:47     all   43.40    0.00    1.78    0.00    0.00    0.51    0.00    0.00    0.00   54.31
20:25:48     all   33.92    0.00    1.77    0.00    0.00    0.76    0.00    0.00    0.00   63.54
20:25:49     all   44.50    0.00    1.79    0.00    0.00    0.51    0.00    0.00    0.00   53.20
20:25:50     all   51.02    0.00    1.02    0.00    0.00    0.51    0.00    0.00    0.00   47.46
20:25:51     all   33.92    0.00    2.01    0.00    0.00    0.50    0.00    0.00    0.00   63.57
20:25:52     all   38.27    0.00    2.04    0.00    0.00    0.00    0.00    0.00    0.00   59.69
20:25:53     all   34.34    0.00    1.77    0.00    0.00    0.51    0.00    0.00    0.00   63.38
20:25:54     all   37.88    0.00    1.52    0.00    0.00    0.51    0.00    0.00    0.00   60.10
20:25:55     all   32.74    0.00    1.79    0.00    0.00    0.00    0.00    0.00    0.00   65.47
20:25:56     all   33.84    0.00    2.02    0.00    0.00    0.76    0.00    0.00    0.00   63.38
20:25:57     all   35.28    0.00    1.02    0.25    0.00    0.25    0.00    0.00    0.00   63.20
20:25:58     all   41.06    0.00    1.76    0.00    0.00    0.76    0.00    0.00    0.00   56.42
20:25:59     all   36.04    0.00    1.52    0.00    0.00    0.51    0.00    0.00    0.00   61.93
20:26:00     all   50.00    0.00    2.02    0.00    0.00    0.51    0.00    0.00    0.00   47.47
20:26:01     all   41.48    0.00    1.27    0.00    0.00    0.25    0.00    0.00    0.00   57.00
20:26:02     all   37.15    0.00    1.53    0.00    0.00    0.51    0.00    0.00    0.00   60.81
20:26:03     all   54.71    0.00    1.02    0.00    0.00    0.51    0.00    0.00    0.00   43.77
20:26:04     all   32.49    0.00    1.78    0.00    0.00    0.76    0.00    0.00    0.00   64.97
20:26:05     all   41.10    0.00    2.51    0.00    0.00    0.25    0.00    0.00    0.00   56.14
20:26:06     all   35.46    0.00    1.02    0.00    0.00    1.02    0.00    0.00    0.00   62.50
20:26:07     all   33.08    0.00    1.77    0.51    0.00    0.25    0.00    0.00    0.00   64.39
20:26:08     all   46.19    0.00    1.52    0.00    0.00    0.51    0.00    0.00    0.00   51.78
20:26:09     all   40.81    0.00    1.51    0.00    0.00    0.50    0.00    0.00    0.00   57.18
20:26:10     all   35.37    0.00    1.53    0.00    0.00    0.51    0.00    0.00    0.00   62.60
20:26:11     all   40.61    0.00    2.03    0.00    0.00    0.25    0.00    0.00    0.00   57.11
20:26:12     all   34.10    0.00    1.27    0.00    0.00    0.51    0.00    0.00    0.00   64.12
20:26:13     all   42.60    0.00    1.28    0.00    0.00    0.26    0.00    0.00    0.00   55.87
20:26:14     all   41.67    0.00    1.26    0.00    0.00    0.51    0.00    0.00    0.00   56.57
20:26:15     all   32.74    0.00    1.78    0.00    0.00    0.51    0.00    0.00    0.00   64.97
20:26:16     all   37.63    0.00    1.52    0.00    0.00    0.25    0.00    0.00    0.00   60.61
20:26:17     all   36.04    0.00    1.78    0.00    0.00    0.76    0.00    0.00    0.00   61.42
20:26:18     all   34.61    0.00    1.53    0.00    0.00    0.25    0.00    0.00    0.00   63.61
20:26:19     all   46.19    0.00    1.52    0.00    0.00    0.51    0.00    0.00    0.00   51.78
20:26:20     all   39.85    0.00    1.54    0.00    0.00    0.26    0.00    0.00    0.00   58.35
20:26:21     all   47.98    0.00    2.53    0.00    0.00    1.01    0.00    0.00    0.00   48.48
20:26:22     all   40.71    0.00    1.27    0.25    0.00    0.51    0.00    0.00    0.00   57.25
20:26:23     all   45.41    0.00    1.28    0.00    0.00    0.26    0.00    0.00    0.00   53.06
20:26:24     all   35.10    0.00    1.52    0.00    0.00    0.76    0.00    0.00    0.00   62.63
20:26:25     all   40.51    0.00    1.77    0.00    0.00    0.51    0.00    0.00    0.00   57.22
20:26:26     all   31.63    0.00    1.28    0.00    0.00    0.26    0.00    0.00    0.00   66.84
20:26:27     all   35.95    0.00    1.77    0.25    0.00    0.76    0.00    0.00    0.00   61.27
20:26:28     all   39.29    0.00    1.79    0.00    0.00    0.26    0.00    0.00    0.00   58.67
20:26:29     all   41.41    0.00    1.52    0.00    0.00    0.25    0.00    0.00    0.00   56.82
20:26:30     all   36.96    0.00    1.52    0.00    0.00    0.51    0.00    0.00    0.00   61.01
20:26:31     all   31.04    0.00    1.78    0.00    0.00    0.76    0.00    0.00    0.00   66.41
20:26:32     all   47.07    0.00    1.02    0.00    0.00    0.76    0.00    0.00    0.00   51.15
20:26:33     all   32.32    0.00    1.78    0.00    0.00    0.25    0.00    0.00    0.00   65.65
20:26:34     all   34.09    0.00    2.02    0.00    0.00    0.25    0.00    0.00    0.00   63.64
20:26:35     all   30.05    0.00    1.26    0.00    0.00    0.51    0.00    0.00    0.00   68.18
20:26:36     all   53.42    0.00    2.03    0.00    0.00    0.51    0.00    0.00    0.00   44.05
20:26:37     all   31.03    0.00    1.28    0.00    0.00    0.00    0.00    0.00    0.00   67.69
20:26:38     all   34.68    0.00    1.77    0.00    0.00    0.25    0.00    0.00    0.00   63.29
20:26:39     all   35.35    0.00    1.77    0.25    0.00    0.76    0.00    0.00    0.00   61.87
20:26:40     all   33.42    0.00    1.28    0.00    0.00    0.00    0.00    0.00    0.00   65.31
20:26:41     all   31.06    0.00    1.77    0.00    0.00    1.01    0.00    0.00    0.00   66.16
20:26:42     all   50.13    0.00    1.77    0.00    0.00    0.51    0.00    0.00    0.00   47.59
20:26:43     all   33.59    0.00    1.02    0.00    0.00    0.25    0.00    0.00    0.00   65.14
20:26:44     all   28.83    0.00    1.79    0.00    0.00    0.77    0.00    0.00    0.00   68.62
20:26:45     all   33.93    0.00    2.04    0.00    0.00    0.26    0.00    0.00    0.00   63.78
20:26:46     all   37.63    0.00    1.77    0.00    0.00    0.25    0.00    0.00    0.00   60.35
20:26:47     all   31.47    0.00    1.52    0.00    0.00    0.76    0.00    0.00    0.00   66.24
20:26:48     all   42.39    0.00    1.27    0.00    0.00    0.25    0.00    0.00    0.00   56.09
20:26:49     all   38.50    0.00    2.00    0.00    0.00    0.75    0.00    0.00    0.00   58.75
20:26:50     all   30.87    0.00    1.53    0.00    0.00    0.00    0.00    0.00    0.00   67.60
20:26:51     all   34.66    0.00    2.49    0.25    0.00    0.75    0.00    0.00    0.00   61.85
20:26:52     all   43.91    0.00    1.27    0.00    0.00    0.76    0.00    0.00    0.00   54.06
20:26:53     all   35.62    0.00    1.53    0.00    0.00    0.25    0.00    0.00    0.00   62.60
20:26:54     all   24.56    0.00    1.77    0.00    0.00    0.51    0.00    0.00    0.00   73.16
20:26:55     all   31.98    0.00    1.52    0.00    0.00    0.51    0.00    0.00    0.00   65.99
20:26:56     all   36.80    0.00    1.27    0.00    0.00    0.51    0.00    0.00    0.00   61.42
20:26:57     all   34.77    0.00    1.52    0.00    0.00    0.51    0.00    0.00    0.00   63.20
20:26:58     all   41.56    0.00    2.02    0.00    0.00    0.50    0.00    0.00    0.00   55.92
20:26:59     all   31.47    0.00    1.78    0.00    0.00    0.51    0.00    0.00    0.00   66.24
20:27:00     all   40.05    0.00    1.28    0.00    0.00    0.51    0.00    0.00    0.00   58.16
20:27:01     all   38.93    0.00    1.02    0.00    0.00    0.51    0.00    0.00    0.00   59.54
20:27:02     all   36.52    0.00    1.26    0.25    0.00    0.50    0.00    0.00    0.00   61.46
20:27:03     all   54.94    0.00    1.01    0.00    0.00    0.51    0.00    0.00    0.00   43.54
20:27:04     all   31.46    0.00    1.53    0.00    0.00    0.00    0.00    0.00    0.00   67.01
20:27:05     all   60.25    0.00    1.75    0.00    0.00    0.75    0.00    0.00    0.00   37.25
20:27:06     all   35.88    0.00    1.78    0.00    0.00    0.00    0.00    0.00    0.00   62.34
20:27:07     all   45.59    0.00    1.26    0.00    0.00    1.01    0.00    0.00    0.00   52.14
20:27:08     all   27.16    0.00    2.03    0.25    0.00    0.51    0.00    0.00    0.00   70.05
20:27:09     all   24.42    0.00    2.31    0.00    0.00    0.26    0.00    0.00    0.00   73.01
20:27:10     all   47.61    0.00    2.02    0.00    0.00    0.50    0.00    0.00    0.00   49.87
20:27:11     all   33.33    0.00    1.27    0.00    0.00    0.25    0.00    0.00    0.00   65.14
20:27:12     all   31.57    0.00    1.26    0.00    0.00    0.51    0.00    0.00    0.00   66.67
20:27:13     all   37.37    0.00    1.01    0.25    0.00    0.51    0.00    0.00    0.00   60.86
20:27:14     all   33.84    0.00    1.78    0.00    0.00    0.51    0.00    0.00    0.00   63.87
20:27:15     all   38.13    0.00    2.02    0.00    0.00    0.51    0.00    0.00    0.00   59.34
20:27:16     all   31.81    0.00    1.02    0.00    0.00    0.51    0.00    0.00    0.00   66.67
20:27:17     all   36.32    0.00    2.05    0.00    0.00    0.26    0.00    0.00    0.00   61.38
20:27:18     all   42.28    0.00    1.77    0.00    0.00    0.51    0.00    0.00    0.00   55.44
20:27:19     all   41.62    0.00    1.52    0.00    0.00    0.25    0.00    0.00    0.00   56.60
20:27:20     all   40.71    0.00    1.78    0.00    0.00    0.25    0.00    0.00    0.00   57.25
20:27:21     all   38.13    0.00    2.02    0.00    0.00    0.76    0.00    0.00    0.00   59.09
20:27:22     all   45.55    0.00    2.04    0.00    0.00    0.25    0.00    0.00    0.00   52.16
20:27:23     all   31.91    0.00    1.76    0.00    0.00    0.75    0.00    0.00    0.00   65.58
20:27:24     all   52.78    0.00    1.77    0.00    0.00    0.51    0.00    0.00    0.00   44.95
20:27:25     all   29.74    0.00    1.28    0.26    0.00    0.26    0.00    0.00    0.00   68.46
20:27:26     all   44.16    0.00    1.27    0.00    0.00    0.51    0.00    0.00    0.00   54.06
20:27:27     all   29.37    0.00    1.27    0.00    0.00    0.51    0.00    0.00    0.00   68.86
20:27:28     all   26.40    0.00    2.03    0.00    0.00    0.51    0.00    0.00    0.00   71.07
20:27:29     all   33.08    0.00    1.53    0.00    0.00    0.25    0.00    0.00    0.00   65.14
20:27:30     all   56.31    0.00    1.52    0.00    0.00    0.76    0.00    0.00    0.00   41.41
20:27:31     all   32.65    0.00    1.28    0.00    0.00    0.26    0.00    0.00    0.00   65.82
20:27:32     all   41.52    0.00    1.77    0.00    0.00    0.25    0.00    0.00    0.00   56.46
20:27:33     all   27.16    0.00    1.52    0.00    0.00    0.25    0.00    0.00    0.00   71.07
20:27:34     all   40.81    0.00    2.02    0.00    0.00    1.01    0.00    0.00    0.00   56.17
20:27:35     all   41.94    0.00    1.28    0.26    0.00    0.00    0.00    0.00    0.00   56.52
20:27:36     all   39.24    0.00    1.52    0.00    0.00    0.51    0.00    0.00    0.00   58.73
20:27:37     all   45.43    0.00    1.78    0.00    0.00    0.51    0.00    0.00    0.00   52.28
20:27:38     all   33.84    0.00    1.27    0.00    0.00    0.51    0.00    0.00    0.00   64.38
20:27:39     all   34.01    0.00    1.52    0.00    0.00    0.51    0.00    0.00    0.00   63.96
20:27:40     all   35.64    0.00    1.03    0.00    0.00    0.26    0.00    0.00    0.00   63.08
20:27:41     all   40.00    0.00    1.52    0.00    0.00    0.51    0.00    0.00    0.00   57.97
20:27:42     all   33.67    0.00    1.77    0.00    0.00    0.51    0.00    0.00    0.00   64.05
20:27:43     all   40.66    0.00    1.77    0.00    0.00    0.76    0.00    0.00    0.00   56.82
20:27:44     all   34.01    0.00    1.27    0.00    0.00    0.25    0.00    0.00    0.00   64.47
20:27:45     all   38.64    0.00    1.52    0.51    0.00    0.25    0.00    0.00    0.00   59.09
20:27:46     all   44.16    0.00    1.27    0.00    0.00    1.02    0.00    0.00    0.00   53.55
20:27:47     all   29.62    0.00    1.52    0.00    0.00    0.25    0.00    0.00    0.00   68.61
20:27:48     all   42.32    0.00    1.76    0.00    0.00    0.25    0.00    0.00    0.00   55.67
20:27:49     all   42.13    0.00    1.52    0.00    0.00    0.76    0.00    0.00    0.00   55.58
20:27:50     all   42.32    0.00    1.76    0.00    0.00    0.50    0.00    0.00    0.00   55.42
20:27:51     all   39.34    0.00    1.27    0.00    0.00    1.02    0.00    0.00    0.00   58.38
20:27:52     all   32.91    0.00    1.52    0.00    0.00    0.25    0.00    0.00    0.00   65.32
20:27:53     all   40.20    0.00    1.53    0.00    0.00    0.51    0.00    0.00    0.00   57.76
20:27:54     all   49.37    0.00    1.77    0.00    0.00    0.51    0.00    0.00    0.00   48.35
20:27:55     all   39.24    0.00    1.77    0.00    0.00    0.51    0.00    0.00    0.00   58.48
20:27:56     all   51.39    0.00    1.52    0.00    0.00    0.51    0.00    0.00    0.00   46.58
20:27:57     all   42.86    0.00    1.02    0.26    0.00    0.26    0.00    0.00    0.00   55.61
20:27:58     all   39.14    0.00    1.77    0.00    0.00    1.01    0.00    0.00    0.00   58.08
20:27:59     all   40.86    0.00    1.52    0.00    0.00    0.51    0.00    0.00    0.00   57.11
20:28:00     all   29.77    0.00    1.27    0.00    0.00    0.51    0.00    0.00    0.00   68.45
20:28:01     all   47.34    0.00    1.77    0.00    0.00    0.51    0.00    0.00    0.00   50.38
20:28:02     all   30.28    0.00    2.29    0.00    0.00    0.25    0.00    0.00    0.00   67.18
20:28:03     all   43.26    0.00    1.02    0.25    0.00    0.76    0.00    0.00    0.00   54.71
20:28:04     all   47.31    0.00    1.28    0.00    0.00    0.00    0.00    0.00    0.00   51.41
20:28:05     all   40.36    0.00    1.52    0.00    0.00    0.76    0.00    0.00    0.00   57.36
20:28:06     all   29.11    0.00    1.77    0.00    0.00    0.25    0.00    0.00    0.00   68.86
20:28:07     all   42.68    0.00    1.77    0.00    0.00    0.76    0.00    0.00    0.00   54.80
20:28:08     all   37.82    0.00    2.03    0.00    0.00    0.25    0.00    0.00    0.00   59.90
20:28:09     all   38.99    0.00    1.52    0.00    0.00    1.01    0.00    0.00    0.00   58.48
20:28:10     all   34.10    0.00    1.78    0.00    0.00    0.51    0.00    0.00    0.00   63.61
20:28:11     all   44.33    0.00    1.76    0.00    0.00    0.50    0.00    0.00    0.00   53.40
20:28:12     all   38.62    0.00    1.02    0.00    0.00    0.51    0.00    0.00    0.00   59.85
20:28:13     all   34.18    0.00    1.79    0.00    0.00    0.00    0.00    0.00    0.00   64.03
20:28:14     all   39.95    0.00    1.53    0.00    0.00    0.51    0.00    0.00    0.00   58.02
20:28:15     all   36.62    0.00    2.02    0.00    0.00    0.51    0.00    0.00    0.00   60.86
20:28:16     all   37.66    0.00    1.53    0.25    0.00    0.25    0.00    0.00    0.00   60.31
20:28:17     all   37.22    0.00    1.77    0.00    0.00    0.25    0.00    0.00    0.00   60.76
20:28:18     all   28.97    0.00    1.76    0.25    0.00    0.76    0.00    0.00    0.00   68.26
20:28:19     all   29.31    0.00    1.03    0.00    0.00    0.26    0.00    0.00    0.00   69.41
20:28:20     all   37.97    0.00    1.27    0.00    0.00    0.51    0.00    0.00    0.00   60.25
20:28:21     all   29.01    0.00    3.05    0.00    0.00    0.51    0.00    0.00    0.00   67.43
20:28:22     all   38.42    0.00    1.78    0.00    0.00    0.25    0.00    0.00    0.00   59.54
20:28:23     all   42.03    0.00    1.77    0.25    0.00    0.76    0.00    0.00    0.00   55.19
20:28:24     all   45.43    0.00    1.52    0.00    0.00    0.25    0.00    0.00    0.00   52.79
20:28:25     all   39.34    0.00    1.78    0.00    0.00    0.51    0.00    0.00    0.00   58.38
20:28:26     all   37.12    0.00    1.26    0.00    0.00    0.76    0.00    0.00    0.00   60.86
20:28:27     all   35.28    0.00    2.03    0.00    0.00    0.51    0.00    0.00    0.00   62.18
20:28:28     all   29.40    0.00    2.26    0.25    0.00    0.50    0.00    0.00    0.00   67.59
20:28:29     all   35.90    0.00    1.03    0.00    0.00    0.26    0.00    0.00    0.00   62.82
20:28:30     all   45.82    0.00    2.03    0.00    0.00    0.51    0.00    0.00    0.00   51.65
20:28:31     all   44.92    0.00    1.52    0.00    0.00    0.76    0.00    0.00    0.00   52.79
20:28:32     all   32.49    0.00    1.76    0.00    0.00    0.25    0.00    0.00    0.00   65.49
20:28:33     all   33.16    0.00    1.27    0.00    0.00    0.51    0.00    0.00    0.00   65.06
20:28:34     all   23.59    0.00    1.54    0.00    0.00    0.26    0.00    0.00    0.00   74.62
20:28:35     all   38.60    0.00    1.75    0.00    0.00    0.50    0.00    0.00    0.00   59.15
20:28:36     all   45.15    0.00    1.79    0.00    0.00    0.51    0.00    0.00    0.00   52.55
20:28:37     all   38.58    0.00    1.27    0.00    0.00    0.76    0.00    0.00    0.00   59.39
20:28:38     all   38.99    0.00    1.52    0.00    0.00    0.25    0.00    0.00    0.00   59.24
20:28:39     all   32.57    0.00    1.78    0.25    0.00    0.25    0.00    0.00    0.00   65.14
20:28:40     all   40.76    0.00    1.27    0.00    0.00    0.76    0.00    0.00    0.00   57.22
20:28:41     all   41.73    0.00    1.53    0.00    0.00    0.25    0.00    0.00    0.00   56.49
20:28:42     all   35.03    0.00    1.78    0.00    0.00    0.51    0.00    0.00    0.00   62.69
20:28:43     all   53.55    0.00    1.52    0.00    0.00    0.25    0.00    0.00    0.00   44.67
20:28:44     all   39.69    0.00    0.76    0.00    0.00    0.51    0.00    0.00    0.00   59.03
20:28:45     all   45.20    0.00    1.77    0.25    0.00    0.76    0.00    0.00    0.00   52.02
20:28:46     all   38.42    0.00    1.78    0.00    0.00    0.25    0.00    0.00    0.00   59.54
20:28:47     all   29.87    0.00    1.52    0.00    0.00    0.76    0.00    0.00    0.00   67.85
20:28:48     all   34.95    0.00    1.79    0.00    0.00    0.00    0.00    0.00    0.00   63.27
20:28:49     all   40.30    0.00    1.76    0.00    0.00    0.50    0.00    0.00    0.00   57.43
20:28:50     all   40.00    0.00    1.52    0.00    0.00    0.51    0.00    0.00    0.00   57.97
20:28:51     all   43.73    0.00    1.79    0.00    0.00    0.00    0.00    0.00    0.00   54.48
20:28:52     all   39.24    0.00    1.27    0.00    0.00    0.51    0.00    0.00    0.00   58.99
20:28:53     all   24.94    0.00    2.52    0.00    0.00    0.50    0.00    0.00    0.00   72.04
20:28:54     all   33.93    0.00    1.53    0.00    0.00    0.51    0.00    0.00    0.00   64.03
20:28:55     all   26.75    0.00    1.00    0.00    0.00    0.75    0.00    0.00    0.00   71.50
20:28:56     all    0.00    0.00    0.00    0.00    0.00    0.00    0.00    0.00    0.00  100.00
20:28:57     all    0.00    0.00    0.00    0.25    0.00    0.00    0.00    0.00    0.00   99.75
20:28:58     all    0.25    0.00    0.00    0.00    0.00    0.00    0.00    0.00    0.00   99.75
20:28:59     all    0.00    0.00    0.00    0.00    0.00    0.00    0.00    0.00    0.00  100.00
20:29:00     all   16.71    0.00    0.76    0.00    0.00    0.25    0.00    0.00    0.00   82.28
20:29:01     all   48.22    0.00    1.27    0.00    0.00    0.00    0.00    0.00    0.00   50.51
20:29:02     all   37.88    0.00    2.02    0.25    0.00    0.76    0.00    0.00    0.00   59.09
20:29:03     all   29.85    0.00    1.02    0.00    0.00    0.00    0.00    0.00    0.00   69.13
20:29:04     all   41.12    0.00    1.27    0.00    0.00    0.51    0.00    0.00    0.00   57.11
20:29:05     all   32.66    0.00    1.77    0.00    0.00    0.25    0.00    0.00    0.00   65.32
20:29:06     all   37.69    0.00    2.26    0.00    0.00    0.75    0.00    0.00    0.00   59.30
20:29:07     all   41.62    0.00    1.78    0.00    0.00    0.51    0.00    0.00    0.00   56.09
20:29:08     all   44.64    0.00    2.04    0.00    0.00    0.77    0.00    0.00    0.00   52.55
20:29:09     all   46.29    0.00    1.02    0.00    0.00    0.00    0.00    0.00    0.00   52.69
20:29:10     all   37.88    0.00    1.52    0.00    0.00    0.76    0.00    0.00    0.00   59.85
20:29:11     all   35.79    0.00    1.52    0.00    0.00    0.25    0.00    0.00    0.00   62.44
20:29:12     all   22.78    0.00    0.25    0.00    0.00    0.51    0.00    0.00    0.00   76.46
20:29:13     all   32.57    0.00    1.53    0.51    0.00    0.25    0.00    0.00    0.00   65.14
20:29:14     all   30.98    0.00    2.02    0.00    0.00    0.76    0.00    0.00    0.00   66.25
20:29:15     all   29.08    0.00    1.79    0.00    0.00    0.26    0.00    0.00    0.00   68.88
20:29:16     all   29.87    0.00    2.03    0.00    0.00    0.51    0.00    0.00    0.00   67.59
20:29:17     all   43.00    0.00    0.76    0.00    0.00    0.51    0.00    0.00    0.00   55.73
20:29:18     all   37.56    0.00    1.27    0.00    0.00    0.51    0.00    0.00    0.00   60.66
20:29:19     all   50.00    0.00    1.27    0.00    0.00    0.51    0.00    0.00    0.00   48.22
20:29:20     all   44.44    0.00    1.77    0.00    0.00    0.25    0.00    0.00    0.00   53.54
20:29:21     all   31.22    0.00    3.30    0.00    0.00    0.25    0.00    0.00    0.00   65.23
20:29:22     all   31.38    0.00    1.53    0.00    0.00    0.51    0.00    0.00    0.00   66.58
20:29:23     all   31.98    0.00    1.52    0.00    0.00    0.51    0.00    0.00    0.00   65.99
20:29:24     all   32.74    0.00    1.52    0.00    0.00    0.51    0.00    0.00    0.00   65.23
20:29:25     all   30.95    0.00    1.79    0.00    0.00    0.00    0.00    0.00    0.00   67.26
20:29:26     all   38.13    0.00    1.77    0.00    0.00    0.76    0.00    0.00    0.00   59.34
20:29:27     all   29.16    0.00    1.28    0.00    0.00    0.26    0.00    0.00    0.00   69.31
20:29:28     all   33.33    0.00    1.52    0.00    0.00    0.76    0.00    0.00    0.00   64.39
20:29:29     all   41.22    0.00    1.53    0.00    0.00    0.00    0.00    0.00    0.00   57.25
20:29:30     all   38.05    0.00    1.03    0.00    0.00    0.77    0.00    0.00    0.00   60.15
20:29:31     all   39.90    0.00    2.27    0.00    0.00    0.51    0.00    0.00    0.00   57.32
20:29:32     all   31.97    0.00    1.28    0.00    0.00    0.00    0.00    0.00    0.00   66.75
20:29:33     all   41.73    0.00    1.27    0.00    0.00    0.51    0.00    0.00    0.00   56.49
20:29:34     all   41.48    0.00    1.78    0.00    0.00    0.51    0.00    0.00    0.00   56.23
20:29:35     all   42.09    0.00    1.28    0.26    0.00    0.26    0.00    0.00    0.00   56.12
20:29:36     all   34.17    0.00    1.76    0.00    0.00    0.75    0.00    0.00    0.00   63.32
20:29:37     all   34.86    0.00    1.53    0.00    0.00    0.25    0.00    0.00    0.00   63.36
20:29:38     all   42.78    0.00    1.52    0.00    0.00    0.76    0.00    0.00    0.00   54.94
20:29:39     all   45.41    0.00    1.02    0.00    0.00    0.51    0.00    0.00    0.00   53.06
20:29:40     all   40.95    0.00    2.01    0.25    0.00    0.25    0.00    0.00    0.00   56.53
20:29:41     all   34.61    0.00    1.78    0.00    0.00    0.76    0.00    0.00    0.00   62.85
20:29:42     all   40.46    0.00    1.78    0.00    0.00    0.51    0.00    0.00    0.00   57.25
20:29:43     all   37.56    0.00    1.52    0.00    0.00    0.51    0.00    0.00    0.00   60.41
20:29:44     all   42.28    0.00    1.52    0.00    0.00    0.25    0.00    0.00    0.00   55.95
20:29:45     all   41.98    0.00    1.27    0.00    0.00    0.76    0.00    0.00    0.00   55.98
20:29:46     all   31.90    0.00    1.77    0.25    0.00    0.51    0.00    0.00    0.00   65.57
20:29:47     all   33.33    0.00    1.27    0.00    0.00    0.25    0.00    0.00    0.00   65.14
20:29:48     all   30.26    0.00    2.05    0.00    0.00    0.77    0.00    0.00    0.00   66.92
20:29:49     all   46.35    0.00    1.51    0.00    0.00    0.76    0.00    0.00    0.00   51.39
20:29:50     all   35.29    0.00    1.28    0.00    0.00    0.26    0.00    0.00    0.00   63.17
20:29:51     all   31.31    0.00    2.02    0.00    0.00    0.51    0.00    0.00    0.00   66.16
20:29:52     all   45.71    0.00    1.26    0.00    0.00    0.76    0.00    0.00    0.00   52.27
20:29:53     all   32.32    0.00    1.53    0.00    0.00    0.00    0.00    0.00    0.00   66.16
20:29:54     all   31.14    0.00    1.52    0.00    0.00    1.01    0.00    0.00    0.00   66.33
20:29:55     all   29.70    0.00    1.78    0.00    0.00    0.25    0.00    0.00    0.00   68.27
20:29:56     all   36.11    0.00    2.27    0.00    0.00    0.51    0.00    0.00    0.00   61.11
20:29:57     all   26.15    0.00    1.54    0.00    0.00    0.51    0.00    0.00    0.00   71.79
20:29:58     all   45.29    0.00    1.27    0.00    0.00    0.51    0.00    0.00    0.00   52.93
20:29:59     all   26.52    0.00    1.52    0.00    0.00    0.51    0.00    0.00    0.00   71.46
20:30:00     all   31.65    0.00    1.52    0.00    0.00    0.25    0.00    0.00    0.00   66.58
20:30:01     all   35.37    0.00    1.53    0.00    0.00    0.25    0.00    0.00    0.00   62.85
20:30:02     all   44.16    0.00    1.52    0.00    0.00    0.51    0.00    0.00    0.00   53.81
20:30:03     all   38.27    0.00    2.04    0.00    0.00    0.26    0.00    0.00    0.00   59.44
20:30:04     all   45.32    0.00    1.27    0.25    0.00    0.76    0.00    0.00    0.00   52.41
20:30:05     all   36.73    0.00    2.04    0.00    0.00    0.00    0.00    0.00    0.00   61.22
20:30:06     all   33.33    0.00    2.27    0.00    0.00    0.76    0.00    0.00    0.00   63.64
20:30:07     all   42.13    0.00    1.52    0.00    0.00    0.51    0.00    0.00    0.00   55.84
20:30:08     all   39.20    0.00    1.76    0.00    0.00    0.75    0.00    0.00    0.00   58.29
20:30:09     all   30.53    0.00    1.78    0.00    0.00    0.25    0.00    0.00    0.00   67.43
20:30:10     all   38.69    0.00    1.76    0.00    0.00    0.75    0.00    0.00    0.00   58.79
20:30:11     all   32.82    0.00    1.27    0.25    0.00    0.51    0.00    0.00    0.00   65.14
20:30:12     all   39.85    0.00    1.52    0.00    0.00    0.51    0.00    0.00    0.00   58.12
20:30:13     all   42.46    0.00    1.79    0.00    0.00    0.26    0.00    0.00    0.00   55.50
20:30:14     all   27.78    0.00    1.77    0.00    0.00    0.51    0.00    0.00    0.00   69.95
20:30:15     all   30.89    0.00    1.52    0.00    0.00    0.51    0.00    0.00    0.00   67.09
20:30:16     all   30.28    0.00    1.53    0.00    0.00    0.51    0.00    0.00    0.00   67.68
20:30:17     all   29.19    0.00    1.78    0.25    0.00    0.25    0.00    0.00    0.00   68.53
20:30:18     all   41.73    0.00    1.27    0.00    0.00    0.51    0.00    0.00    0.00   56.49
20:30:19     all   33.67    0.00    1.28    0.00    0.00    0.26    0.00    0.00    0.00   64.80
20:30:20     all   36.11    0.00    1.52    0.00    0.00    0.76    0.00    0.00    0.00   61.62
20:30:21     all   41.77    0.00    2.03    0.00    0.00    0.25    0.00    0.00    0.00   55.95
20:30:22     all   40.82    0.00    1.53    0.00    0.00    0.26    0.00    0.00    0.00   57.40
20:30:23     all   38.54    0.00    1.76    0.25    0.00    0.50    0.00    0.00    0.00   58.94
20:30:24     all   51.52    0.00    1.78    0.00    0.00    0.76    0.00    0.00    0.00   45.94
20:30:25     all   38.30    0.00    1.29    0.00    0.00    0.00    0.00    0.00    0.00   60.41
20:30:26     all   40.30    0.00    2.27    0.00    0.00    1.01    0.00    0.00    0.00   56.42
20:30:27     all   37.76    0.00    1.28    0.00    0.00    0.00    0.00    0.00    0.00   60.97
20:30:28     all   40.00    0.00    1.52    0.25    0.00    1.01    0.00    0.00    0.00   57.22
20:30:29     all   29.19    0.00    2.03    0.00    0.00    0.25    0.00    0.00    0.00   68.53
20:30:30     all   32.56    0.00    1.54    0.00    0.00    0.26    0.00    0.00    0.00   65.64
20:30:31     all   31.55    0.00    1.53    0.00    0.00    0.76    0.00    0.00    0.00   66.16
20:30:32     all   48.99    0.00    1.76    0.00    0.00    0.50    0.00    0.00    0.00   48.74
20:30:33     all   34.78    0.00    1.53    0.00    0.00    0.51    0.00    0.00    0.00   63.17
20:30:34     all   27.85    0.00    1.77    0.00    0.00    0.51    0.00    0.00    0.00   69.87
20:30:35     all   37.82    0.00    1.78    0.00    0.00    0.51    0.00    0.00    0.00   59.90
20:30:36     all   30.00    0.00    1.28    0.00    0.00    0.51    0.00    0.00    0.00   68.21
20:30:37     all   28.28    0.00    1.52    0.00    0.00    0.51    0.00    0.00    0.00   69.70
20:30:38     all   39.29    0.00    1.79    0.00    0.00    0.26    0.00    0.00    0.00   58.67
20:30:39     all   33.50    0.00    1.52    0.00    0.00    0.25    0.00    0.00    0.00   64.72
20:30:40     all   33.33    0.00    1.77    0.00    0.00    1.26    0.00    0.00    0.00   63.64
20:30:41     all   36.32    0.00    1.53    0.00    0.00    0.26    0.00    0.00    0.00   61.89
20:30:42     all   39.95    0.00    1.27    0.00    0.00    0.00    0.00    0.00    0.00   58.78
20:30:43     all   38.99    0.00    1.77    0.00    0.00    0.76    0.00    0.00    0.00   58.48
20:30:44     all   38.54    0.00    1.51    0.25    0.00    0.25    0.00    0.00    0.00   59.45
20:30:45     all   36.13    0.00    1.27    0.00    0.00    0.51    0.00    0.00    0.00   62.09
20:30:46     all   31.91    0.00    0.75    0.00    0.00    0.50    0.00    0.00    0.00   66.83
20:30:47     all   41.33    0.00    1.79    0.00    0.00    0.77    0.00    0.00    0.00   56.12
20:30:48     all   19.49    0.00    1.27    0.00    0.00    0.00    0.00    0.00    0.00   79.24
20:30:49     all   33.59    0.00    1.52    0.25    0.00    0.76    0.00    0.00    0.00   63.89
20:30:50     all   42.17    0.00    1.77    0.25    0.00    0.51    0.00    0.00    0.00   55.30
20:30:51     all   32.32    0.00    1.78    0.00    0.00    0.51    0.00    0.00    0.00   65.39
20:30:52     all   28.64    0.00    1.53    0.00    0.00    0.51    0.00    0.00    0.00   69.31
20:30:53     all   39.65    0.00    1.77    0.00    0.00    1.01    0.00    0.00    0.00   57.58
Average:     all   36.55    0.00    1.58    0.03    0.00    0.47    0.00    0.00    0.00   61.38
