Linux 6.8.0-1062-azure (csb-bench-host-azure) 	08/05/26 	_x86_64_	(4 CPU)

00:39:53     CPU    %usr   %nice    %sys %iowait    %irq   %soft  %steal  %guest  %gnice   %idle
00:39:54     all   51.50    0.00    3.00    0.00    0.00    0.25    0.00    0.00    0.00   45.25
00:39:55     all   24.74    0.00    2.30    0.26    0.00    0.51    0.00    0.00    0.00   72.19
00:39:56     all   24.75    0.00    2.02    0.00    0.00    0.51    0.00    0.00    0.00   72.73
00:39:57     all   24.48    0.00    2.32    0.00    0.00    0.26    0.00    0.00    0.00   72.94
00:39:58     all   27.89    0.00    1.51    0.00    0.00    1.01    0.00    0.00    0.00   69.60
00:39:59     all   23.72    0.00    2.04    0.00    0.00    0.00    0.00    0.00    0.00   74.23
00:40:00     all   22.98    0.00    1.26    0.00    0.00    0.51    0.00    0.00    0.00   75.25
00:40:01     all   23.08    0.00    2.56    1.03    0.00    0.26    0.00    0.00    0.00   73.08
00:40:02     all   19.39    0.00    1.79    0.00    0.00    0.77    0.00    0.00    0.00   78.06
00:40:03     all   25.89    0.00    1.78    0.00    0.00    0.51    0.00    0.00    0.00   71.83
00:40:04     all   23.29    0.00    2.03    0.00    0.00    0.51    0.00    0.00    0.00   74.18
00:40:05     all   30.87    0.00    1.28    0.00    0.00    0.51    0.00    0.00    0.00   67.35
00:40:06     all   23.41    0.00    2.04    0.00    0.00    0.51    0.00    0.00    0.00   74.05
00:40:07     all   28.03    0.00    2.78    0.00    0.00    1.01    0.00    0.00    0.00   68.18
00:40:08     all   23.39    0.00    1.54    0.00    0.00    0.26    0.00    0.00    0.00   74.81
00:40:09     all   30.03    0.00    1.78    0.00    0.00    0.51    0.00    0.00    0.00   67.68
00:40:10     all   25.00    0.00    2.53    0.00    0.00    0.51    0.00    0.00    0.00   71.97
00:40:11     all   25.83    0.00    2.05    0.00    0.00    0.26    0.00    0.00    0.00   71.87
00:40:12     all   23.16    0.00    1.78    0.00    0.00    1.27    0.00    0.00    0.00   73.79
00:40:13     all   27.99    0.00    2.04    0.51    0.00    0.51    0.00    0.00    0.00   68.96
00:40:14     all   26.68    0.00    2.00    0.00    0.00    1.00    0.00    0.00    0.00   70.32
00:40:15     all   25.95    0.00    2.04    0.00    0.00    0.51    0.00    0.00    0.00   71.50
00:40:16     all   26.58    0.00    2.53    0.00    0.00    0.51    0.00    0.00    0.00   70.38
00:40:17     all   24.81    0.00    1.28    0.00    0.00    0.51    0.00    0.00    0.00   73.40
00:40:18     all   26.58    0.00    1.52    0.00    0.00    0.76    0.00    0.00    0.00   71.14
00:40:19     all   28.17    0.00    1.78    0.00    0.00    0.51    0.00    0.00    0.00   69.54
00:40:20     all   26.01    0.00    2.53    0.00    0.00    0.51    0.00    0.00    0.00   70.96
00:40:21     all   31.63    0.00    2.55    0.00    0.00    0.77    0.00    0.00    0.00   65.05
00:40:22     all   25.00    0.00    2.27    0.00    0.00    0.51    0.00    0.00    0.00   72.22
00:40:23     all   22.68    0.00    1.80    0.00    0.00    0.52    0.00    0.00    0.00   75.00
00:40:24     all   22.22    0.00    2.02    0.00    0.00    0.51    0.00    0.00    0.00   75.25
00:40:25     all   21.72    0.00    1.52    0.00    0.00    0.25    0.00    0.00    0.00   76.52
00:40:26     all   22.82    0.00    2.05    0.00    0.00    0.77    0.00    0.00    0.00   74.36
00:40:27     all   26.77    0.00    1.26    0.00    0.00    0.76    0.00    0.00    0.00   71.21
00:40:28     all   22.53    0.00    2.28    0.00    0.00    1.01    0.00    0.00    0.00   74.18
00:40:29     all   27.53    0.00    1.52    0.00    0.00    0.25    0.00    0.00    0.00   70.71
00:40:30     all   25.13    0.00    2.28    0.00    0.00    0.76    0.00    0.00    0.00   71.83
00:40:31     all   22.88    0.00    1.80    0.00    0.00    0.51    0.00    0.00    0.00   74.81
00:40:32     all   24.05    0.00    2.03    0.00    0.00    0.51    0.00    0.00    0.00   73.42
00:40:33     all   22.25    0.00    2.05    0.00    0.00    0.77    0.00    0.00    0.00   74.94
00:40:34     all   23.16    0.00    2.80    0.00    0.00    0.76    0.00    0.00    0.00   73.28
00:40:35     all   19.80    0.00    1.52    0.00    0.00    1.02    0.00    0.00    0.00   77.66
00:40:36     all   28.50    0.00    2.29    0.00    0.00    0.51    0.00    0.00    0.00   68.70
00:40:37     all   24.55    0.00    2.05    0.00    0.00    0.26    0.00    0.00    0.00   73.15
00:40:38     all   24.87    0.00    2.54    0.00    0.00    0.51    0.00    0.00    0.00   72.08
00:40:39     all   22.51    0.00    2.30    0.00    0.00    0.51    0.00    0.00    0.00   74.68
00:40:40     all   24.69    0.00    2.02    0.00    0.00    0.76    0.00    0.00    0.00   72.54
00:40:41     all   24.10    0.00    2.05    0.00    0.00    0.26    0.00    0.00    0.00   73.59
00:40:42     all   22.22    0.00    2.53    0.25    0.00    1.26    0.00    0.00    0.00   73.74
00:40:43     all   28.32    0.00    1.53    0.00    0.00    0.26    0.00    0.00    0.00   69.90
00:40:44     all   24.05    0.00    1.77    0.00    0.00    0.51    0.00    0.00    0.00   73.67
00:40:45     all   20.00    0.00    1.52    0.00    0.00    0.51    0.00    0.00    0.00   77.97
00:40:46     all   23.16    0.00    2.04    0.00    0.00    0.51    0.00    0.00    0.00   74.30
00:40:47     all   27.27    0.00    1.26    0.00    0.00    0.51    0.00    0.00    0.00   70.96
00:40:48     all   21.88    0.00    1.78    0.51    0.00    0.51    0.00    0.00    0.00   75.32
00:40:49     all   24.62    0.00    2.03    0.00    0.00    0.51    0.00    0.00    0.00   72.84
00:40:50     all   24.49    0.00    2.04    0.00    0.00    0.51    0.00    0.00    0.00   72.96
00:40:51     all   25.51    0.00    2.04    0.00    0.00    0.51    0.00    0.00    0.00   71.94
00:40:52     all   25.00    0.00    2.04    0.00    0.00    0.77    0.00    0.00    0.00   72.19
00:40:53     all   23.04    0.00    2.03    0.00    0.00    0.51    0.00    0.00    0.00   74.43
00:40:54     all   22.65    0.00    2.29    0.00    0.00    0.51    0.00    0.00    0.00   74.55
00:40:55     all   32.32    0.00    2.02    0.00    0.00    0.51    0.00    0.00    0.00   65.15
00:40:56     all   24.81    0.00    1.77    0.00    0.00    0.51    0.00    0.00    0.00   72.91
00:40:57     all    7.81    0.00    0.50    0.00    0.00    0.25    0.00    0.00    0.00   91.44
00:40:58     all    0.00    0.00    0.00    0.00    0.00    0.00    0.00    0.00    0.00  100.00
00:40:59     all    0.25    0.00    0.00    0.00    0.00    0.00    0.00    0.00    0.00   99.75
00:41:00     all    0.25    0.00    0.00    0.00    0.00    0.00    0.00    0.00    0.00   99.75
00:41:01     all    0.00    0.00    0.00    0.00    0.00    0.00    0.00    0.00    0.00  100.00
00:41:02     all   22.08    0.00    1.52    0.00    0.00    0.51    0.00    0.00    0.00   75.89
00:41:03     all   21.21    0.00    1.77    0.00    0.00    0.51    0.00    0.00    0.00   76.52
00:41:04     all   24.43    0.00    2.54    0.00    0.00    0.76    0.00    0.00    0.00   72.26
00:41:05     all   22.84    0.00    2.03    0.00    0.00    0.76    0.00    0.00    0.00   74.37
00:41:06     all   22.59    0.00    2.79    0.25    0.00    0.76    0.00    0.00    0.00   73.60
00:41:07     all   23.17    0.00    2.27    0.00    0.00    0.76    0.00    0.00    0.00   73.80
00:41:08     all   22.45    0.00    2.04    0.00    0.00    0.51    0.00    0.00    0.00   75.00
00:41:09     all   24.30    0.00    2.05    0.26    0.00    0.26    0.00    0.00    0.00   73.15
00:41:10     all   23.10    0.00    1.78    0.00    0.00    0.76    0.00    0.00    0.00   74.37
00:41:11     all   23.98    0.00    2.04    0.00    0.00    0.51    0.00    0.00    0.00   73.47
00:41:12     all   24.68    0.00    1.78    0.00    0.00    0.00    0.00    0.00    0.00   73.54
00:41:13     all   24.30    0.00    2.28    0.00    0.00    0.76    0.00    0.00    0.00   72.66
00:41:14     all   27.78    0.00    1.77    0.00    0.00    0.51    0.00    0.00    0.00   69.95
00:41:15     all   22.90    0.00    1.53    0.00    0.00    0.76    0.00    0.00    0.00   74.81
00:41:16     all   22.45    0.00    2.55    0.26    0.00    0.77    0.00    0.00    0.00   73.98
00:41:17     all   28.86    0.00    2.03    0.00    0.00    0.76    0.00    0.00    0.00   68.35
00:41:18     all   27.48    0.00    1.78    0.00    0.00    0.51    0.00    0.00    0.00   70.23
00:41:19     all   27.92    0.00    2.28    0.00    0.00    0.51    0.00    0.00    0.00   69.29
00:41:20     all   26.85    0.00    2.05    0.00    0.00    0.77    0.00    0.00    0.00   70.33
00:41:21     all   24.87    0.00    3.30    0.25    0.00    0.51    0.00    0.00    0.00   71.07
00:41:22     all   25.82    0.00    2.03    0.00    0.00    1.27    0.00    0.00    0.00   70.89
00:41:23     all   27.16    0.00    2.28    0.00    0.00    0.51    0.00    0.00    0.00   70.05
00:41:24     all   24.49    0.00    2.02    0.00    0.00    1.01    0.00    0.00    0.00   72.47
00:41:25     all   24.74    0.00    2.04    0.00    0.00    0.26    0.00    0.00    0.00   72.96
00:41:26     all   24.55    0.00    1.53    0.00    0.00    0.77    0.00    0.00    0.00   73.15
00:41:27     all   21.83    0.00    1.78    0.25    0.00    0.51    0.00    0.00    0.00   75.63
00:41:28     all   22.08    0.00    3.05    0.00    0.00    0.76    0.00    0.00    0.00   74.11
00:41:29     all   23.47    0.00    1.28    0.00    0.00    0.77    0.00    0.00    0.00   74.49
00:41:30     all   24.18    0.00    2.52    0.00    0.00    0.76    0.00    0.00    0.00   72.54
00:41:31     all   30.28    0.00    1.53    0.00    0.00    0.76    0.00    0.00    0.00   67.43
00:41:32     all   25.00    0.00    1.79    0.00    0.00    0.77    0.00    0.00    0.00   72.45
00:41:33     all   29.29    0.00    1.77    0.00    0.00    0.51    0.00    0.00    0.00   68.43
00:41:34     all   23.86    0.00    1.78    0.00    0.00    0.51    0.00    0.00    0.00   73.86
00:41:35     all   24.49    0.00    2.27    0.00    0.00    0.76    0.00    0.00    0.00   72.47
00:41:36     all   23.98    0.00    1.53    0.00    0.00    0.26    0.00    0.00    0.00   74.23
00:41:37     all   22.34    0.00    2.03    0.00    0.00    1.02    0.00    0.00    0.00   74.62
00:41:38     all   27.16    0.00    2.03    0.00    0.00    0.25    0.00    0.00    0.00   70.56
00:41:39     all   24.94    0.00    2.27    0.00    0.00    1.01    0.00    0.00    0.00   71.79
00:41:40     all   27.34    0.00    2.28    0.00    0.00    0.76    0.00    0.00    0.00   69.62
00:41:41     all   22.84    0.00    1.27    0.00    0.00    0.51    0.00    0.00    0.00   75.38
00:41:42     all   23.08    0.00    2.82    0.26    0.00    0.51    0.00    0.00    0.00   73.33
00:41:43     all   25.13    0.00    2.03    0.00    0.00    0.25    0.00    0.00    0.00   72.59
00:41:44     all   32.07    0.00    1.26    0.00    0.00    0.76    0.00    0.00    0.00   65.91
00:41:45     all   24.74    0.00    1.53    0.00    0.00    0.51    0.00    0.00    0.00   73.21
00:41:46     all   30.05    0.00    2.02    0.00    0.00    0.76    0.00    0.00    0.00   67.17
00:41:47     all   23.72    0.00    1.53    0.26    0.00    0.51    0.00    0.00    0.00   73.98
00:41:48     all   30.13    0.00    2.28    0.00    0.00    1.01    0.00    0.00    0.00   66.58
00:41:49     all   28.50    0.00    1.53    0.00    0.00    0.51    0.00    0.00    0.00   69.47
00:41:50     all   23.87    0.00    2.01    0.00    0.00    0.50    0.00    0.00    0.00   73.62
00:41:51     all   24.81    0.00    1.79    0.00    0.00    0.00    0.00    0.00    0.00   73.40
00:41:52     all   22.19    0.00    2.04    0.00    0.00    1.02    0.00    0.00    0.00   74.74
00:41:53     all   27.16    0.00    1.52    0.25    0.00    0.51    0.00    0.00    0.00   70.56
00:41:54     all   24.87    0.00    2.28    0.00    0.00    0.76    0.00    0.00    0.00   72.08
00:41:55     all   22.90    0.00    2.29    0.00    0.00    0.51    0.00    0.00    0.00   74.30
00:41:56     all   25.00    0.00    2.04    0.00    0.00    0.26    0.00    0.00    0.00   72.70
00:41:57     all   25.19    0.00    1.78    0.25    0.00    0.51    0.00    0.00    0.00   72.26
00:41:58     all   27.27    0.00    2.02    0.00    0.00    0.76    0.00    0.00    0.00   69.95
00:41:59     all   31.98    0.00    1.78    0.00    0.00    0.51    0.00    0.00    0.00   65.74
00:42:00     all   23.02    0.00    2.56    0.00    0.00    0.77    0.00    0.00    0.00   73.66
00:42:01     all   22.84    0.00    2.28    0.00    0.00    0.51    0.00    0.00    0.00   74.37
00:42:02     all   26.21    0.00    2.04    0.00    0.00    0.51    0.00    0.00    0.00   71.25
00:42:03     all   25.00    0.00    1.28    0.00    0.00    0.77    0.00    0.00    0.00   72.96
00:42:04     all   25.13    0.00    2.54    0.00    0.00    0.51    0.00    0.00    0.00   71.83
00:42:05     all   22.92    0.00    2.02    0.00    0.00    0.50    0.00    0.00    0.00   74.56
00:42:06     all   24.74    0.00    2.06    0.00    0.00    0.52    0.00    0.00    0.00   72.68
00:42:07     all   24.62    0.00    2.28    0.00    0.00    0.76    0.00    0.00    0.00   72.34
00:42:08     all   26.92    0.00    1.79    0.00    0.00    0.51    0.00    0.00    0.00   70.77
00:42:09     all   25.06    0.00    2.28    0.00    0.00    0.76    0.00    0.00    0.00   71.90
00:42:10     all   24.87    0.00    2.03    0.00    0.00    0.51    0.00    0.00    0.00   72.59
00:42:11     all   22.65    0.00    2.04    0.00    0.00    0.76    0.00    0.00    0.00   74.55
00:42:12     all   29.40    0.00    2.01    0.00    0.00    0.50    0.00    0.00    0.00   68.09
00:42:13     all   24.55    0.00    1.53    0.00    0.00    0.77    0.00    0.00    0.00   73.15
00:42:14     all   23.35    0.00    2.28    0.00    0.00    0.25    0.00    0.00    0.00   74.11
00:42:15     all   30.71    0.00    2.28    0.00    0.00    0.51    0.00    0.00    0.00   66.50
00:42:16     all   23.35    0.00    2.28    0.00    0.00    0.76    0.00    0.00    0.00   73.60
00:42:17     all   32.49    0.00    1.76    0.00    0.00    0.76    0.00    0.00    0.00   64.99
00:42:18     all   28.24    0.00    1.30    0.00    0.00    0.00    0.00    0.00    0.00   70.47
00:42:19     all   28.46    0.00    2.52    0.50    0.00    0.76    0.00    0.00    0.00   67.76
00:42:20     all   23.37    0.00    2.26    0.00    0.00    0.75    0.00    0.00    0.00   73.62
00:42:21     all   27.16    0.00    3.05    0.00    0.00    0.25    0.00    0.00    0.00   69.54
00:42:22     all   27.18    0.00    2.05    0.00    0.00    0.51    0.00    0.00    0.00   70.26
00:42:23     all   23.53    0.00    1.28    0.00    0.00    0.26    0.00    0.00    0.00   74.94
00:42:24     all   22.61    0.00    2.76    0.25    0.00    1.01    0.00    0.00    0.00   73.37
00:42:25     all   23.53    0.00    2.05    0.00    0.00    0.77    0.00    0.00    0.00   73.66
00:42:26     all   26.26    0.00    1.77    0.00    0.00    0.76    0.00    0.00    0.00   71.21
00:42:27     all   24.68    0.00    2.04    0.00    0.00    0.25    0.00    0.00    0.00   73.03
00:42:28     all   24.94    0.00    1.78    0.00    0.00    0.76    0.00    0.00    0.00   72.52
00:42:29     all   24.62    0.00    1.78    0.00    0.00    1.02    0.00    0.00    0.00   72.59
00:42:30     all   29.87    0.00    1.52    0.00    0.00    0.51    0.00    0.00    0.00   68.10
00:42:31     all   26.97    0.00    2.04    0.00    0.00    0.51    0.00    0.00    0.00   70.48
00:42:32     all   23.35    0.00    1.78    0.00    0.00    0.51    0.00    0.00    0.00   74.37
00:42:33     all   24.62    0.00    2.28    0.00    0.00    0.76    0.00    0.00    0.00   72.34
00:42:34     all   23.98    0.00    2.30    0.00    0.00    0.51    0.00    0.00    0.00   73.21
00:42:35     all   23.16    0.00    2.29    0.00    0.00    0.51    0.00    0.00    0.00   74.05
00:42:36     all   27.11    0.00    1.79    0.00    0.00    0.77    0.00    0.00    0.00   70.33
00:42:37     all   22.90    0.00    2.04    0.00    0.00    0.76    0.00    0.00    0.00   74.30
00:42:38     all   25.88    0.00    2.26    0.00    0.00    1.01    0.00    0.00    0.00   70.85
00:42:39     all   22.56    0.00    1.54    0.00    0.00    0.77    0.00    0.00    0.00   75.13
00:42:40     all   22.70    0.00    2.30    0.00    0.00    0.51    0.00    0.00    0.00   74.49
00:42:41     all   22.65    0.00    2.29    0.00    0.00    0.76    0.00    0.00    0.00   74.30
00:42:42     all   23.27    0.00    1.79    0.00    0.00    0.26    0.00    0.00    0.00   74.68
00:42:43     all   32.83    0.00    1.75    0.00    0.00    0.75    0.00    0.00    0.00   64.66
00:42:44     all   26.74    0.00    2.06    0.00    0.00    0.26    0.00    0.00    0.00   70.95
00:42:45     all   26.72    0.00    2.04    0.00    0.00    0.76    0.00    0.00    0.00   70.48
00:42:46     all   23.60    0.00    2.03    0.00    0.00    0.76    0.00    0.00    0.00   73.60
00:42:47     all   24.43    0.00    1.78    0.00    0.00    0.25    0.00    0.00    0.00   73.54
00:42:48     all   24.24    0.00    2.02    0.00    0.00    1.01    0.00    0.00    0.00   72.73
00:42:49     all   25.32    0.00    1.01    0.00    0.00    0.00    0.00    0.00    0.00   73.67
00:42:50     all   28.50    0.00    2.04    0.25    0.00    0.76    0.00    0.00    0.00   68.45
00:42:51     all   26.46    0.00    2.29    0.00    0.00    0.51    0.00    0.00    0.00   70.74
00:42:52     all   25.19    0.00    1.51    0.00    0.00    1.01    0.00    0.00    0.00   72.29
00:42:53     all   22.28    0.00    2.53    0.00    0.00    0.51    0.00    0.00    0.00   74.68
00:42:54     all   25.13    0.00    1.79    0.00    0.00    0.51    0.00    0.00    0.00   72.56
00:42:55     all   31.31    0.00    1.77    0.00    0.00    0.76    0.00    0.00    0.00   66.16
00:42:56     all   24.94    0.00    2.52    0.25    0.00    0.50    0.00    0.00    0.00   71.79
00:42:57     all   24.43    0.00    2.04    0.00    0.00    0.51    0.00    0.00    0.00   73.03
00:42:58     all   24.81    0.00    2.03    0.25    0.00    1.27    0.00    0.00    0.00   71.65
00:42:59     all   28.39    0.00    1.53    0.00    0.00    0.26    0.00    0.00    0.00   69.82
00:43:00     all   23.10    0.00    2.54    0.00    0.00    0.51    0.00    0.00    0.00   73.86
00:43:01     all   28.83    0.00    2.04    0.00    0.00    0.77    0.00    0.00    0.00   68.37
00:43:02     all   22.70    0.00    1.79    0.26    0.00    0.51    0.00    0.00    0.00   74.74
00:43:03     all   22.34    0.00    1.78    0.00    0.00    0.76    0.00    0.00    0.00   75.13
00:43:04     all   27.34    0.00    1.52    0.00    0.00    0.51    0.00    0.00    0.00   70.63
00:43:05     all   25.26    0.00    1.79    0.00    0.00    0.26    0.00    0.00    0.00   72.70
00:43:06     all   25.06    0.00    1.79    0.00    0.00    0.51    0.00    0.00    0.00   72.63
00:43:07     all   24.94    0.00    2.04    0.00    0.00    0.76    0.00    0.00    0.00   72.26
00:43:08     all   22.73    0.00    1.77    0.25    0.00    0.76    0.00    0.00    0.00   74.49
00:43:09     all   25.26    0.00    1.79    0.00    0.00    0.26    0.00    0.00    0.00   72.70
00:43:10     all   23.16    0.00    1.53    0.00    0.00    0.76    0.00    0.00    0.00   74.55
00:43:11     all   22.84    0.00    2.03    0.00    0.00    0.25    0.00    0.00    0.00   74.87
00:43:12     all   22.61    0.00    2.01    0.00    0.00    0.75    0.00    0.00    0.00   74.62
00:43:13     all   24.94    0.00    2.54    0.00    0.00    0.25    0.00    0.00    0.00   72.26
00:43:14     all   25.70    0.00    2.04    0.00    0.00    0.76    0.00    0.00    0.00   71.50
00:43:15     all   24.11    0.00    2.28    0.00    0.00    0.51    0.00    0.00    0.00   73.10
00:43:16     all   23.27    0.00    1.79    0.00    0.00    0.51    0.00    0.00    0.00   74.42
00:43:17     all   26.70    0.00    1.76    0.00    0.00    0.76    0.00    0.00    0.00   70.78
00:43:18     all   29.92    0.00    2.56    0.00    0.00    0.26    0.00    0.00    0.00   67.26
00:43:19     all   30.26    0.00    1.28    0.26    0.00    0.77    0.00    0.00    0.00   67.44
00:43:20     all   25.19    0.00    2.27    0.00    0.00    0.76    0.00    0.00    0.00   71.79
00:43:21     all   27.99    0.00    3.31    0.00    0.00    0.76    0.00    0.00    0.00   67.94
00:43:22     all   22.84    0.00    1.52    0.00    0.00    0.76    0.00    0.00    0.00   74.87
00:43:23     all   27.25    0.00    1.80    0.00    0.00    0.51    0.00    0.00    0.00   70.44
00:43:24     all   22.03    0.00    2.53    0.00    0.00    0.76    0.00    0.00    0.00   74.68
00:43:25     all   22.45    0.00    2.30    0.00    0.00    0.26    0.00    0.00    0.00   75.00
00:43:26     all   31.06    0.00    2.02    0.00    0.00    0.76    0.00    0.00    0.00   66.16
00:43:27     all   26.85    0.00    1.28    0.00    0.00    0.26    0.00    0.00    0.00   71.61
00:43:28     all   30.15    0.00    2.01    0.00    0.00    1.01    0.00    0.00    0.00   66.83
00:43:29     all   26.58    0.00    2.28    0.51    0.00    0.25    0.00    0.00    0.00   70.38
00:43:30     all   24.62    0.00    1.78    0.00    0.00    0.76    0.00    0.00    0.00   72.84
00:43:31     all   32.32    0.00    1.78    0.00    0.00    0.25    0.00    0.00    0.00   65.65
00:43:32     all   25.13    0.00    2.26    0.00    0.00    1.26    0.00    0.00    0.00   71.36
00:43:33     all   22.94    0.00    1.29    0.00    0.00    0.26    0.00    0.00    0.00   75.52
00:43:34     all   22.47    0.00    2.27    0.00    0.00    0.51    0.00    0.00    0.00   74.75
00:43:35     all   29.44    0.00    1.52    0.00    0.00    0.76    0.00    0.00    0.00   68.27
00:43:36     all   22.76    0.00    2.30    0.00    0.00    0.77    0.00    0.00    0.00   74.17
00:43:37     all   24.75    0.00    2.53    0.00    0.00    0.25    0.00    0.00    0.00   72.47
00:43:38     all   24.74    0.00    1.79    0.00    0.00    0.51    0.00    0.00    0.00   72.96
00:43:39     all   21.12    0.00    2.04    0.00    0.00    0.25    0.00    0.00    0.00   76.59
00:43:40     all   23.23    0.00    2.02    0.00    0.00    0.76    0.00    0.00    0.00   73.99
00:43:41     all   27.37    0.00    2.05    0.00    0.00    0.77    0.00    0.00    0.00   69.82
00:43:42     all   22.98    0.00    2.02    0.00    0.00    0.76    0.00    0.00    0.00   74.24
00:43:43     all   25.06    0.00    2.03    0.00    0.00    0.51    0.00    0.00    0.00   72.41
00:43:44     all   26.67    0.00    1.28    0.00    0.00    0.77    0.00    0.00    0.00   71.28
00:43:45     all   24.37    0.00    2.03    0.00    0.00    0.51    0.00    0.00    0.00   73.10
00:43:46     all   24.23    0.00    2.04    0.26    0.00    0.77    0.00    0.00    0.00   72.70
00:43:47     all   27.09    0.00    2.03    0.00    0.00    0.51    0.00    0.00    0.00   70.38
00:43:48     all   22.25    0.00    1.53    0.00    0.00    0.51    0.00    0.00    0.00   75.70
00:43:49     all   25.26    0.00    1.53    0.00    0.00    0.26    0.00    0.00    0.00   72.96
00:43:50     all   22.14    0.00    2.04    0.00    0.00    0.76    0.00    0.00    0.00   75.06
00:43:51     all   23.39    0.00    1.80    0.00    0.00    0.51    0.00    0.00    0.00   74.29
00:43:52     all   27.16    0.00    1.78    0.00    0.00    0.51    0.00    0.00    0.00   70.56
00:43:53     all   25.45    0.00    1.78    0.00    0.00    0.76    0.00    0.00    0.00   72.01
00:43:54     all   25.32    0.00    1.79    0.00    0.00    0.26    0.00    0.00    0.00   72.63
00:43:55     all   26.79    0.00    1.53    0.00    0.00    0.77    0.00    0.00    0.00   70.92
00:43:56     all   25.63    0.00    2.03    0.00    0.00    0.25    0.00    0.00    0.00   72.08
00:43:57     all   25.63    0.00    2.28    0.25    0.00    0.51    0.00    0.00    0.00   71.32
00:43:58     all   26.46    0.00    2.04    0.25    0.00    0.76    0.00    0.00    0.00   70.48
00:43:59     all   26.84    0.00    2.03    0.00    0.00    0.76    0.00    0.00    0.00   70.38
00:44:00     all   22.84    0.00    2.28    0.00    0.00    0.51    0.00    0.00    0.00   74.37
00:44:01     all   23.86    0.00    2.03    0.00    0.00    0.51    0.00    0.00    0.00   73.60
00:44:02     all   26.58    0.00    2.53    0.00    0.00    0.76    0.00    0.00    0.00   70.13
00:44:03     all   25.06    0.00    2.53    0.00    0.00    0.76    0.00    0.00    0.00   71.65
00:44:04     all   23.59    0.00    1.79    0.00    0.00    0.51    0.00    0.00    0.00   74.10
00:44:05     all   24.81    0.00    2.26    0.00    0.00    0.75    0.00    0.00    0.00   72.18
00:44:06     all   25.26    0.00    1.80    0.00    0.00    0.52    0.00    0.00    0.00   72.42
00:44:07     all   22.70    0.00    2.30    0.26    0.00    0.51    0.00    0.00    0.00   74.23
00:44:08     all   26.90    0.00    1.78    0.00    0.00    0.76    0.00    0.00    0.00   70.56
00:44:09     all   25.19    0.00    1.78    0.00    0.00    0.25    0.00    0.00    0.00   72.77
00:44:10     all   26.65    0.00    1.78    0.00    0.00    1.02    0.00    0.00    0.00   70.56
00:44:11     all   31.90    0.00    1.52    0.00    0.00    0.51    0.00    0.00    0.00   66.08
00:44:12     all   22.42    0.00    2.02    0.00    0.00    0.76    0.00    0.00    0.00   74.81
00:44:13     all   23.35    0.00    2.03    0.25    0.00    0.51    0.00    0.00    0.00   73.86
00:44:14     all   23.21    0.00    2.30    0.00    0.00    0.26    0.00    0.00    0.00   74.23
00:44:15     all   27.20    0.00    1.76    0.00    0.00    0.50    0.00    0.00    0.00   70.53
00:44:16     all   22.84    0.00    2.03    0.00    0.00    0.51    0.00    0.00    0.00   74.62
00:44:17     all   22.84    0.00    2.03    0.00    0.00    0.51    0.00    0.00    0.00   74.62
00:44:18     all   24.74    0.00    2.04    0.00    0.00    0.77    0.00    0.00    0.00   72.45
00:44:19     all   25.13    0.00    1.78    0.00    0.00    0.25    0.00    0.00    0.00   72.84
00:44:20     all   24.69    0.00    2.77    0.00    0.00    0.76    0.00    0.00    0.00   71.79
00:44:21     all   22.96    0.00    3.06    0.00    0.00    0.51    0.00    0.00    0.00   73.47
00:44:22     all   23.68    0.00    3.27    0.00    0.00    0.76    0.00    0.00    0.00   72.29
00:44:23     all   32.74    0.00    1.52    0.25    0.00    0.51    0.00    0.00    0.00   64.97
00:44:24     all   25.19    0.00    1.78    0.00    0.00    0.25    0.00    0.00    0.00   72.77
00:44:25     all   30.69    0.00    1.79    0.00    0.00    0.77    0.00    0.00    0.00   66.75
00:44:26     all   22.90    0.00    2.54    0.00    0.00    0.51    0.00    0.00    0.00   74.05
00:44:27     all   27.09    0.00    2.78    0.00    0.00    0.25    0.00    0.00    0.00   69.87
00:44:28     all   22.82    0.00    1.79    0.00    0.00    0.77    0.00    0.00    0.00   74.62
00:44:29     all   24.43    0.00    2.54    0.00    0.00    0.51    0.00    0.00    0.00   72.52
00:44:30     all   24.68    0.00    2.04    0.00    0.00    0.51    0.00    0.00    0.00   72.77
00:44:31     all   24.87    0.00    2.03    0.00    0.00    1.02    0.00    0.00    0.00   72.08
00:44:32     all   23.10    0.00    2.28    0.00    0.00    0.25    0.00    0.00    0.00   74.37
00:44:33     all   23.27    0.00    1.53    0.26    0.00    0.51    0.00    0.00    0.00   74.42
00:44:34     all   32.58    0.00    1.52    0.00    0.00    0.76    0.00    0.00    0.00   65.15
00:44:35     all   23.35    0.00    2.03    0.00    0.00    0.76    0.00    0.00    0.00   73.86
00:44:36     all   22.59    0.00    2.28    0.00    0.00    0.76    0.00    0.00    0.00   74.37
00:44:37     all   24.74    0.00    1.28    0.00    0.00    0.51    0.00    0.00    0.00   73.47
00:44:38     all   25.00    0.00    2.27    0.25    0.00    0.25    0.00    0.00    0.00   72.22
00:44:39     all   22.39    0.00    1.27    0.00    0.00    0.76    0.00    0.00    0.00   75.57
00:44:40     all   23.41    0.00    2.29    0.00    0.00    0.51    0.00    0.00    0.00   73.79
00:44:41     all   26.97    0.00    2.04    0.00    0.00    0.25    0.00    0.00    0.00   70.74
00:44:42     all   22.84    0.00    2.54    0.00    0.00    0.76    0.00    0.00    0.00   73.86
00:44:43     all   24.74    0.00    1.79    0.26    0.00    0.51    0.00    0.00    0.00   72.70
00:44:44     all   25.00    0.00    2.04    0.00    0.00    0.26    0.00    0.00    0.00   72.70
00:44:45     all   24.43    0.00    2.04    0.00    0.00    0.76    0.00    0.00    0.00   72.77
00:44:46     all   23.48    0.00    2.27    0.00    0.00    0.76    0.00    0.00    0.00   73.48
00:44:47     all   23.35    0.00    2.03    0.00    0.00    1.02    0.00    0.00    0.00   73.60
00:44:48     all   26.95    0.00    2.02    0.25    0.00    0.50    0.00    0.00    0.00   70.28
00:44:49     all   22.37    0.00    1.80    0.00    0.00    0.51    0.00    0.00    0.00   75.32
00:44:50     all   22.39    0.00    2.54    0.00    0.00    1.02    0.00    0.00    0.00   74.05
00:44:51     all   29.59    0.00    1.53    0.00    0.00    0.51    0.00    0.00    0.00   68.37
00:44:52     all   26.84    0.00    2.28    0.00    0.00    0.51    0.00    0.00    0.00   70.38
00:44:53     all   25.51    0.00    1.28    0.26    0.00    0.51    0.00    0.00    0.00   72.45
00:44:54     all   24.74    0.00    2.30    0.00    0.00    0.26    0.00    0.00    0.00   72.70
00:44:55     all   24.87    0.00    2.28    0.00    0.00    0.76    0.00    0.00    0.00   72.08
00:44:56     all   26.02    0.00    2.04    0.00    0.00    0.51    0.00    0.00    0.00   71.43
00:44:57     all   23.35    0.00    2.28    0.00    0.00    1.02    0.00    0.00    0.00   73.35
00:44:58     all   27.30    0.00    1.79    0.00    0.00    0.51    0.00    0.00    0.00   70.41
00:44:59     all   25.19    0.00    2.02    0.00    0.00    1.01    0.00    0.00    0.00   71.79
00:45:00     all   27.30    0.00    1.53    0.00    0.00    0.51    0.00    0.00    0.00   70.66
00:45:01     all   26.33    0.00    2.53    0.51    0.00    0.51    0.00    0.00    0.00   70.13
00:45:02     all   22.84    0.00    1.78    0.00    0.00    0.76    0.00    0.00    0.00   74.62
00:45:03     all   25.00    0.00    1.79    0.00    0.00    0.26    0.00    0.00    0.00   72.96
00:45:04     all   24.68    0.00    3.05    0.00    0.00    0.51    0.00    0.00    0.00   71.76
00:45:05     all   28.46    0.00    2.27    0.00    0.00    1.01    0.00    0.00    0.00   68.26
00:45:06     all   23.02    0.00    2.30    0.00    0.00    0.77    0.00    0.00    0.00   73.91
00:45:07     all   22.90    0.00    2.29    0.25    0.00    0.51    0.00    0.00    0.00   74.05
00:45:08     all   24.05    0.00    2.03    0.00    0.00    1.01    0.00    0.00    0.00   72.91
00:45:09     all   23.21    0.00    2.30    0.00    0.00    0.26    0.00    0.00    0.00   74.23
00:45:10     all   22.84    0.00    2.03    0.00    0.00    1.02    0.00    0.00    0.00   74.11
00:45:11     all   26.77    0.00    1.77    0.00    0.00    0.76    0.00    0.00    0.00   70.71
00:45:12     all   23.21    0.00    2.30    0.00    0.00    0.51    0.00    0.00    0.00   73.98
00:45:13     all   18.83    0.00    2.29    0.00    0.00    0.51    0.00    0.00    0.00   78.37
00:45:14     all   20.66    0.00    2.04    0.00    0.00    0.51    0.00    0.00    0.00   76.79
00:45:15     all   25.19    0.00    1.78    0.00    0.00    0.25    0.00    0.00    0.00   72.77
00:45:16     all   25.45    0.00    1.53    0.00    0.00    1.02    0.00    0.00    0.00   72.01
00:45:17     all   24.56    0.00    2.28    0.00    0.00    0.51    0.00    0.00    0.00   72.66
00:45:18     all   25.32    0.00    2.53    0.00    0.00    0.51    0.00    0.00    0.00   71.65
00:45:19     all   24.68    0.00    1.27    0.51    0.00    0.51    0.00    0.00    0.00   73.03
00:45:20     all   22.98    0.00    1.77    0.00    0.00    0.51    0.00    0.00    0.00   74.75
00:45:21     all   22.96    0.00    3.32    0.00    0.00    0.77    0.00    0.00    0.00   72.96
00:45:22     all   24.37    0.00    2.79    0.00    0.00    0.51    0.00    0.00    0.00   72.34
00:45:23     all   22.76    0.00    1.79    0.00    0.00    0.26    0.00    0.00    0.00   75.19
00:45:24     all   23.23    0.00    1.77    0.25    0.00    0.76    0.00    0.00    0.00   73.99
00:45:25     all   22.14    0.00    1.53    0.00    0.00    0.76    0.00    0.00    0.00   75.57
00:45:26     all   23.66    0.00    2.29    0.00    0.00    0.25    0.00    0.00    0.00   73.79
00:45:27     all   25.63    0.00    1.78    0.00    0.00    0.76    0.00    0.00    0.00   71.83
00:45:28     all   23.17    0.00    2.27    0.00    0.00    0.76    0.00    0.00    0.00   73.80
00:45:29     all   30.53    0.00    1.53    0.00    0.00    0.25    0.00    0.00    0.00   67.68
00:45:30     all   24.68    0.00    1.78    0.00    0.00    0.76    0.00    0.00    0.00   72.77
00:45:31     all   23.21    0.00    1.28    0.00    0.00    0.77    0.00    0.00    0.00   74.74
00:45:32     all   23.23    0.00    2.78    0.00    0.00    0.76    0.00    0.00    0.00   73.23
00:45:33     all   28.86    0.00    1.52    0.00    0.00    0.25    0.00    0.00    0.00   69.37
00:45:34     all   25.38    0.00    1.27    0.00    0.00    0.51    0.00    0.00    0.00   72.84
00:45:35     all   28.17    0.00    2.03    0.00    0.00    0.51    0.00    0.00    0.00   69.29
00:45:36     all   22.45    0.00    2.04    0.00    0.00    0.77    0.00    0.00    0.00   74.74
00:45:37     all   25.51    0.00    1.52    0.00    0.00    0.76    0.00    0.00    0.00   72.22
00:45:38     all   27.37    0.00    2.05    0.00    0.00    0.00    0.00    0.00    0.00   70.59
00:45:39     all   25.38    0.00    2.54    0.00    0.00    0.76    0.00    0.00    0.00   71.32
00:45:40     all   23.23    0.00    1.77    0.25    0.00    0.76    0.00    0.00    0.00   73.99
00:45:41     all   27.81    0.00    1.79    0.00    0.00    0.26    0.00    0.00    0.00   70.15
00:45:42     all   25.89    0.00    1.52    0.00    0.00    1.02    0.00    0.00    0.00   71.57
00:45:43     all   34.35    0.00    2.04    0.00    0.00    0.25    0.00    0.00    0.00   63.36
00:45:44     all   21.88    0.00    2.04    0.00    0.00    1.02    0.00    0.00    0.00   75.06
00:45:45     all   27.62    0.00    1.53    0.00    0.00    0.26    0.00    0.00    0.00   70.59
00:45:46     all   22.90    0.00    2.54    0.25    0.00    0.51    0.00    0.00    0.00   73.79
00:45:47     all   24.49    0.00    2.04    0.00    0.00    0.51    0.00    0.00    0.00   72.96
00:45:48     all   24.94    0.00    1.53    0.00    0.00    0.51    0.00    0.00    0.00   73.03
00:45:49     all   22.47    0.00    2.53    0.00    0.00    0.51    0.00    0.00    0.00   74.49
00:45:50     all   27.85    0.00    2.28    0.00    0.00    0.76    0.00    0.00    0.00   69.11
00:45:51     all   25.95    0.00    1.78    0.00    0.00    0.76    0.00    0.00    0.00   71.50
00:45:52     all   29.90    0.00    2.01    0.25    0.00    0.75    0.00    0.00    0.00   67.09
00:45:53     all   27.16    0.00    2.03    0.00    0.00    0.76    0.00    0.00    0.00   70.05
00:45:54     all   25.06    0.00    2.28    0.00    0.00    0.51    0.00    0.00    0.00   72.15
00:45:55     all   23.41    0.00    1.78    0.00    0.00    0.51    0.00    0.00    0.00   74.30
00:45:56     all   25.77    0.00    1.79    0.00    0.00    0.51    0.00    0.00    0.00   71.94
00:45:57     all   24.94    0.00    1.78    0.25    0.00    0.76    0.00    0.00    0.00   72.26
00:45:58     all   17.22    0.00    1.77    0.00    0.00    0.51    0.00    0.00    0.00   80.51
00:45:59     all   24.49    0.00    1.79    0.00    0.00    0.51    0.00    0.00    0.00   73.21
00:46:00     all   25.77    0.00    2.55    0.00    0.00    0.77    0.00    0.00    0.00   70.92
00:46:01     all   25.13    0.00    1.78    0.00    0.00    0.76    0.00    0.00    0.00   72.34
00:46:02     all   28.50    0.00    1.78    0.25    0.00    0.00    0.00    0.00    0.00   69.47
00:46:03     all   25.00    0.00    1.53    0.00    0.00    0.77    0.00    0.00    0.00   72.70
00:46:04     all   22.45    0.00    1.28    0.00    0.00    0.51    0.00    0.00    0.00   75.77
00:46:05     all   29.72    0.00    1.76    0.00    0.00    1.01    0.00    0.00    0.00   67.51
00:46:06     all   27.34    0.00    2.28    0.00    0.00    0.25    0.00    0.00    0.00   70.13
00:46:07     all   22.42    0.00    2.58    0.26    0.00    0.52    0.00    0.00    0.00   74.23
00:46:08     all   24.74    0.00    1.79    0.00    0.00    0.77    0.00    0.00    0.00   72.70
00:46:09     all   21.83    0.00    2.54    0.00    0.00    0.76    0.00    0.00    0.00   74.87
00:46:10     all   30.20    0.00    1.78    0.00    0.00    0.76    0.00    0.00    0.00   67.26
00:46:11     all   23.33    0.00    2.31    0.00    0.00    0.26    0.00    0.00    0.00   74.10
00:46:12     all   25.45    0.00    1.27    0.00    0.00    0.51    0.00    0.00    0.00   72.77
00:46:13     all   27.30    0.00    1.28    0.00    0.00    0.77    0.00    0.00    0.00   70.66
00:46:14     all   23.04    0.00    2.03    0.00    0.00    0.76    0.00    0.00    0.00   74.18
00:46:15     all   14.32    0.00    1.51    0.00    0.00    0.25    0.00    0.00    0.00   83.92
00:46:16     all   24.62    0.00    2.28    0.00    0.00    0.76    0.00    0.00    0.00   72.34
00:46:17     all   22.14    0.00    1.78    0.51    0.00    0.51    0.00    0.00    0.00   75.06
00:46:18     all   24.75    0.00    2.02    0.00    0.00    0.76    0.00    0.00    0.00   72.47
00:46:19     all   23.02    0.00    1.79    0.00    0.00    0.51    0.00    0.00    0.00   74.68
00:46:20     all   23.04    0.00    2.28    0.00    0.00    1.01    0.00    0.00    0.00   73.67
00:46:21     all   23.91    0.00    2.31    0.00    0.00    0.26    0.00    0.00    0.00   73.52
00:46:22     all   24.43    0.00    2.54    0.00    0.00    0.51    0.00    0.00    0.00   72.52
00:46:23     all   22.76    0.00    2.30    0.00    0.00    0.26    0.00    0.00    0.00   74.68
00:46:24     all   25.00    0.00    2.02    0.00    0.00    0.76    0.00    0.00    0.00   72.22
00:46:25     all   21.94    0.00    2.55    0.00    0.00    0.51    0.00    0.00    0.00   75.00
00:46:26     all   22.67    0.00    2.52    0.00    0.00    1.01    0.00    0.00    0.00   73.80
00:46:27     all   27.44    0.00    1.28    0.00    0.00    0.00    0.00    0.00    0.00   71.28
00:46:28     all   29.52    0.00    2.04    0.00    0.00    1.02    0.00    0.00    0.00   67.43
00:46:29     all   28.03    0.00    1.52    0.00    0.00    0.51    0.00    0.00    0.00   69.95
00:46:30     all   31.89    0.00    1.79    0.00    0.00    0.77    0.00    0.00    0.00   65.56
00:46:31     all   24.74    0.00    1.79    0.00    0.00    0.77    0.00    0.00    0.00   72.70
00:46:32     all   25.45    0.00    1.53    0.00    0.00    0.25    0.00    0.00    0.00   72.77
00:46:33     all   26.65    0.00    2.28    0.00    0.00    1.02    0.00    0.00    0.00   70.05
00:46:34     all   27.37    0.00    1.28    0.00    0.00    0.51    0.00    0.00    0.00   70.84
00:46:35     all   24.30    0.00    2.28    0.00    0.00    0.76    0.00    0.00    0.00   72.66
00:46:36     all   26.08    0.00    1.77    0.00    0.00    0.51    0.00    0.00    0.00   71.65
00:46:37     all   24.17    0.00    2.04    0.00    0.00    0.76    0.00    0.00    0.00   73.03
00:46:38     all   24.94    0.00    2.29    0.00    0.00    0.76    0.00    0.00    0.00   72.01
00:46:39     all   25.19    0.00    2.54    0.25    0.00    0.51    0.00    0.00    0.00   71.50
00:46:40     all   25.19    0.00    2.04    0.00    0.00    0.76    0.00    0.00    0.00   72.01
00:46:41     all   23.10    0.00    2.54    0.00    0.00    0.51    0.00    0.00    0.00   73.86
00:46:42     all   26.84    0.00    2.53    0.00    0.00    0.76    0.00    0.00    0.00   69.87
00:46:43     all   25.13    0.00    1.78    0.00    0.00    0.25    0.00    0.00    0.00   72.84
00:46:44     all   25.45    0.00    1.53    0.25    0.00    0.25    0.00    0.00    0.00   72.52
00:46:45     all   23.12    0.00    2.76    0.00    0.00    1.01    0.00    0.00    0.00   73.12
00:46:46     all   28.50    0.00    1.78    0.00    0.00    0.25    0.00    0.00    0.00   69.47
00:46:47     all   24.56    0.00    2.03    0.00    0.00    0.76    0.00    0.00    0.00   72.66
00:46:48     all   30.03    0.00    2.04    0.00    0.00    0.76    0.00    0.00    0.00   67.18
00:46:49     all   22.94    0.00    1.55    0.00    0.00    0.77    0.00    0.00    0.00   74.74
00:46:50     all   29.85    0.00    1.79    0.00    0.00    0.26    0.00    0.00    0.00   68.11
00:46:51     all   24.94    0.00    2.04    0.00    0.00    0.76    0.00    0.00    0.00   72.26
00:46:52     all   24.81    0.00    2.53    0.00    0.00    0.51    0.00    0.00    0.00   72.15
00:46:53     all   25.00    0.00    1.53    0.00    0.00    0.51    0.00    0.00    0.00   72.96
00:46:54     all   24.05    0.00    2.03    0.00    0.00    0.76    0.00    0.00    0.00   73.16
00:46:55     all   22.59    0.00    2.03    0.00    0.00    0.76    0.00    0.00    0.00   74.62
00:46:56     all   30.43    0.00    2.05    0.00    0.00    0.26    0.00    0.00    0.00   67.26
00:46:57     all   22.22    0.00    1.26    0.00    0.00    0.76    0.00    0.00    0.00   75.76
00:46:58     all   28.24    0.00    1.27    0.00    0.00    0.51    0.00    0.00    0.00   69.97
00:46:59     all   24.49    0.00    2.78    0.25    0.00    1.01    0.00    0.00    0.00   71.46
00:47:00     all   22.19    0.00    2.04    0.00    0.00    0.77    0.00    0.00    0.00   75.00
00:47:01     all   24.94    0.00    2.29    0.00    0.00    0.25    0.00    0.00    0.00   72.52
00:47:02     all   22.34    0.00    2.28    0.00    0.00    0.76    0.00    0.00    0.00   74.62
00:47:03     all   25.00    0.00    1.79    0.00    0.00    0.51    0.00    0.00    0.00   72.70
00:47:04     all   22.78    0.00    2.03    0.00    0.00    0.51    0.00    0.00    0.00   74.68
00:47:05     all   25.13    0.00    2.28    0.25    0.00    0.25    0.00    0.00    0.00   72.08
00:47:06     all   27.85    0.00    1.27    0.00    0.00    0.51    0.00    0.00    0.00   70.38
00:47:07     all   27.09    0.00    1.77    0.00    0.00    0.51    0.00    0.00    0.00   70.63
00:47:08     all   26.90    0.00    2.03    0.00    0.00    0.76    0.00    0.00    0.00   70.30
00:47:09     all   26.21    0.00    1.27    0.00    0.00    0.25    0.00    0.00    0.00   72.26
00:47:10     all   22.59    0.00    2.28    0.00    0.00    0.76    0.00    0.00    0.00   74.37
00:47:11     all   24.37    0.00    1.78    0.25    0.00    0.76    0.00    0.00    0.00   72.84
00:47:12     all   23.92    0.00    2.29    0.00    0.00    1.02    0.00    0.00    0.00   72.77
00:47:13     all   26.72    0.00    2.29    0.00    0.00    0.51    0.00    0.00    0.00   70.48
00:47:14     all   22.82    0.00    2.31    0.00    0.00    0.26    0.00    0.00    0.00   74.62
00:47:15     all   22.53    0.00    2.28    0.00    0.00    0.51    0.00    0.00    0.00   74.68
00:47:16     all   23.93    0.00    2.27    0.00    0.00    0.50    0.00    0.00    0.00   73.30
00:47:17     all   25.83    0.00    1.53    0.00    0.00    0.77    0.00    0.00    0.00   71.87
00:47:18     all   23.41    0.00    2.04    0.00    0.00    0.25    0.00    0.00    0.00   74.30
00:47:19     all   23.48    0.00    2.02    0.00    0.00    0.51    0.00    0.00    0.00   73.99
00:47:20     all   22.98    0.00    1.52    0.00    0.00    0.76    0.00    0.00    0.00   74.75
00:47:21     all   23.04    0.00    3.04    0.00    0.00    0.76    0.00    0.00    0.00   73.16
00:47:22     all   20.97    0.00    2.30    0.00    0.00    0.00    0.00    0.00    0.00   76.73
00:47:23     all   24.05    0.00    2.03    0.25    0.00    1.01    0.00    0.00    0.00   72.66
00:47:24     all   28.10    0.00    2.03    0.00    0.00    0.51    0.00    0.00    0.00   69.37
00:47:25     all   25.90    0.00    1.03    0.00    0.00    0.26    0.00    0.00    0.00   72.82
00:47:26     all   24.30    0.00    1.27    0.00    0.00    1.01    0.00    0.00    0.00   73.42
00:47:27     all   24.37    0.00    2.28    0.00    0.00    0.51    0.00    0.00    0.00   72.84
00:47:28     all   29.44    0.00    2.28    0.00    0.00    0.25    0.00    0.00    0.00   68.02
00:47:29     all   25.38    0.00    1.78    0.00    0.00    0.51    0.00    0.00    0.00   72.34
00:47:30     all   22.53    0.00    3.04    0.00    0.00    0.51    0.00    0.00    0.00   73.92
00:47:31     all   23.27    0.00    1.79    0.00    0.00    0.51    0.00    0.00    0.00   74.42
00:47:32     all   21.16    0.00    2.52    0.00    0.00    0.76    0.00    0.00    0.00   75.57
00:47:33     all   24.62    0.00    1.28    0.26    0.00    0.26    0.00    0.00    0.00   73.59
00:47:34     all   22.84    0.00    1.78    0.00    0.00    0.76    0.00    0.00    0.00   74.62
00:47:35     all   24.75    0.00    1.77    0.00    0.00    0.76    0.00    0.00    0.00   72.73
00:47:36     all   22.28    0.00    1.77    0.00    0.00    0.51    0.00    0.00    0.00   75.44
00:47:37     all   24.87    0.00    1.52    0.00    0.00    1.02    0.00    0.00    0.00   72.59
00:47:38     all   26.53    0.00    2.04    0.00    0.00    0.51    0.00    0.00    0.00   70.92
00:47:39     all   27.34    0.00    1.77    0.00    0.00    0.76    0.00    0.00    0.00   70.13
00:47:40     all   24.87    0.00    2.03    0.00    0.00    0.25    0.00    0.00    0.00   72.84
00:47:41     all   25.06    0.00    1.77    0.00    0.00    0.76    0.00    0.00    0.00   72.41
00:47:42     all   22.45    0.00    2.04    0.00    0.00    0.00    0.00    0.00    0.00   75.51
00:47:43     all   22.31    0.00    1.79    0.00    0.00    0.77    0.00    0.00    0.00   75.13
00:47:44     all   22.86    0.00    2.26    0.50    0.00    0.50    0.00    0.00    0.00   73.87
00:47:45     all   33.42    0.00    1.54    0.00    0.00    0.77    0.00    0.00    0.00   64.27
00:47:46     all   28.46    0.00    2.27    0.00    0.00    0.76    0.00    0.00    0.00   68.51
00:47:47     all   24.87    0.00    1.54    0.00    0.00    0.51    0.00    0.00    0.00   73.08
00:47:48     all   29.55    0.00    1.52    0.00    0.00    1.01    0.00    0.00    0.00   67.93
00:47:49     all   27.92    0.00    1.78    0.00    0.00    0.25    0.00    0.00    0.00   70.05
00:47:50     all   23.16    0.00    2.54    0.00    0.00    1.02    0.00    0.00    0.00   73.28
00:47:51     all   33.42    0.00    2.30    0.00    0.00    0.51    0.00    0.00    0.00   63.78
00:47:52     all   27.16    0.00    1.78    0.00    0.00    0.76    0.00    0.00    0.00   70.30
00:47:53     all   24.81    0.00    1.53    0.00    0.00    0.26    0.00    0.00    0.00   73.40
00:47:54     all   24.81    0.00    2.01    0.00    0.00    1.00    0.00    0.00    0.00   72.18
00:47:55     all   22.34    0.00    1.27    0.00    0.00    0.51    0.00    0.00    0.00   75.89
00:47:56     all   28.64    0.00    2.05    0.00    0.00    0.26    0.00    0.00    0.00   69.05
00:47:57     all   33.42    0.00    1.51    0.00    0.00    0.75    0.00    0.00    0.00   64.32
00:47:58     all   21.23    0.00    1.28    0.00    0.00    0.51    0.00    0.00    0.00   76.98
00:47:59     all   23.41    0.00    1.78    0.00    0.00    0.76    0.00    0.00    0.00   74.05
00:48:00     all   22.67    0.00    2.52    0.00    0.00    0.76    0.00    0.00    0.00   74.06
00:48:01     all   21.99    0.00    2.30    0.00    0.00    0.77    0.00    0.00    0.00   74.94
00:48:02     all   22.34    0.00    2.03    0.00    0.00    0.51    0.00    0.00    0.00   75.13
00:48:03     all   16.24    0.00    1.27    0.00    0.00    0.00    0.00    0.00    0.00   82.49
00:48:04     all   25.00    0.00    1.28    0.00    0.00    1.02    0.00    0.00    0.00   72.70
00:48:05     all   25.45    0.00    2.29    0.00    0.00    0.00    0.00    0.00    0.00   72.26
00:48:06     all   23.80    0.00    1.77    0.51    0.00    1.01    0.00    0.00    0.00   72.91
00:48:07     all   30.48    0.00    2.27    0.00    0.00    0.25    0.00    0.00    0.00   67.00
00:48:08     all   22.59    0.00    1.52    0.25    0.00    1.02    0.00    0.00    0.00   74.62
00:48:09     all   25.38    0.00    2.31    0.00    0.00    0.00    0.00    0.00    0.00   72.31
00:48:10     all   22.84    0.00    2.03    0.00    0.00    0.51    0.00    0.00    0.00   74.62
00:48:11     all   26.33    0.00    2.03    0.00    0.00    0.76    0.00    0.00    0.00   70.89
00:48:12     all   24.62    0.00    1.78    0.00    0.00    0.76    0.00    0.00    0.00   72.84
00:48:13     all   25.19    0.00    1.78    0.00    0.00    0.25    0.00    0.00    0.00   72.77
00:48:14     all   30.61    0.00    1.28    0.00    0.00    0.26    0.00    0.00    0.00   67.86
00:48:15     all   24.87    0.00    1.78    0.00    0.00    0.51    0.00    0.00    0.00   72.84
00:48:16     all   31.97    0.00    1.53    0.00    0.00    0.77    0.00    0.00    0.00   65.73
00:48:17     all   22.84    0.00    2.03    0.00    0.00    0.51    0.00    0.00    0.00   74.62
00:48:18     all   26.53    0.00    2.04    0.00    0.00    0.77    0.00    0.00    0.00   70.66
00:48:19     all   28.32    0.00    2.04    0.00    0.00    0.51    0.00    0.00    0.00   69.13
00:48:20     all   24.75    0.00    2.27    0.00    0.00    0.76    0.00    0.00    0.00   72.22
00:48:21     all   22.70    0.00    2.81    0.26    0.00    0.77    0.00    0.00    0.00   73.47
00:48:22     all   22.70    0.00    2.04    0.00    0.00    0.51    0.00    0.00    0.00   74.74
00:48:23     all   26.70    0.00    1.51    0.00    0.00    0.25    0.00    0.00    0.00   71.54
00:48:24     all   22.59    0.00    1.78    0.00    0.00    0.51    0.00    0.00    0.00   75.13
00:48:25     all   22.96    0.00    2.30    0.00    0.00    0.51    0.00    0.00    0.00   74.23
00:48:26     all   29.90    0.00    2.51    0.00    0.00    0.75    0.00    0.00    0.00   66.83
00:48:27     all   25.58    0.00    2.05    0.00    0.00    0.51    0.00    0.00    0.00   71.87
00:48:28     all   25.00    0.00    1.26    0.00    0.00    0.76    0.00    0.00    0.00   72.98
00:48:29     all   23.39    0.00    1.80    0.00    0.00    0.51    0.00    0.00    0.00   74.29
00:48:30     all   26.95    0.00    2.02    0.00    0.00    0.76    0.00    0.00    0.00   70.28
00:48:31     all   34.42    0.00    1.51    0.00    0.00    0.50    0.00    0.00    0.00   63.57
00:48:32     all   22.90    0.00    2.04    0.00    0.00    0.76    0.00    0.00    0.00   74.30
00:48:33     all   24.62    0.00    2.03    0.25    0.00    0.51    0.00    0.00    0.00   72.59
00:48:34     all   24.49    0.00    1.79    0.00    0.00    0.51    0.00    0.00    0.00   73.21
00:48:35     all   25.38    0.00    2.03    0.00    0.00    0.51    0.00    0.00    0.00   72.08
00:48:36     all   25.13    0.00    2.28    0.00    0.00    0.51    0.00    0.00    0.00   72.08
00:48:37     all   24.55    0.00    1.28    0.00    0.00    0.51    0.00    0.00    0.00   73.66
00:48:38     all   24.74    0.00    2.04    0.26    0.00    1.02    0.00    0.00    0.00   71.94
00:48:39     all   27.59    0.00    1.77    0.00    0.00    0.25    0.00    0.00    0.00   70.38
00:48:40     all   24.87    0.00    2.28    0.00    0.00    1.02    0.00    0.00    0.00   71.83
00:48:41     all   26.72    0.00    1.53    0.00    0.00    0.51    0.00    0.00    0.00   71.25
00:48:42     all   26.14    0.00    2.28    0.00    0.00    0.51    0.00    0.00    0.00   71.07
00:48:43     all   25.51    0.00    1.79    0.00    0.00    0.77    0.00    0.00    0.00   71.94
00:48:44     all   27.20    0.00    2.27    0.00    0.00    0.76    0.00    0.00    0.00   69.77
00:48:45     all   25.06    0.00    1.53    0.00    0.00    0.77    0.00    0.00    0.00   72.63
00:48:46     all   30.38    0.00    2.03    0.00    0.00    0.76    0.00    0.00    0.00   66.84
00:48:47     all   24.49    0.00    2.02    0.00    0.00    0.25    0.00    0.00    0.00   73.23
00:48:48     all    4.28    0.00    0.25    0.25    0.00    0.25    0.00    0.00    0.00   94.96
00:48:49     all    0.00    0.00    0.00    0.00    0.00    0.00    0.00    0.00    0.00  100.00
00:48:50     all    0.00    0.00    0.00    0.00    0.00    0.00    0.00    0.00    0.00  100.00
00:48:51     all    0.25    0.00    0.00    0.00    0.00    0.00    0.00    0.00    0.00   99.75
00:48:52     all    0.00    0.00    0.00    0.00    0.00    0.00    0.00    0.00    0.00  100.00
00:48:53     all   17.42    0.00    1.52    0.25    0.00    0.25    0.00    0.00    0.00   80.56
00:48:54     all   25.89    0.00    2.03    0.00    0.00    0.25    0.00    0.00    0.00   71.83
00:48:55     all   23.86    0.00    1.52    0.00    0.00    1.02    0.00    0.00    0.00   73.60
00:48:56     all   25.38    0.00    2.03    0.00    0.00    0.25    0.00    0.00    0.00   72.34
00:48:57     all   22.96    0.00    2.30    0.00    0.00    0.77    0.00    0.00    0.00   73.98
00:48:58     all   25.45    0.00    1.53    0.00    0.00    0.25    0.00    0.00    0.00   72.77
00:48:59     all   21.77    0.00    2.53    0.76    0.00    0.76    0.00    0.00    0.00   74.18
00:49:00     all   21.99    0.00    2.56    0.00    0.00    1.02    0.00    0.00    0.00   74.42
00:49:01     all   25.32    0.00    2.28    0.00    0.00    0.76    0.00    0.00    0.00   71.65
00:49:02     all   26.40    0.00    2.03    0.00    0.00    0.25    0.00    0.00    0.00   71.32
00:49:03     all   22.08    0.00    1.52    0.00    0.00    0.51    0.00    0.00    0.00   75.89
00:49:04     all   22.08    0.00    2.03    0.00    0.00    0.51    0.00    0.00    0.00   75.38
00:49:05     all   25.19    0.00    1.78    0.00    0.00    0.25    0.00    0.00    0.00   72.77
00:49:06     all   24.75    0.00    2.02    0.00    0.00    0.76    0.00    0.00    0.00   72.47
00:49:07     all   32.57    0.00    2.04    0.00    0.00    0.25    0.00    0.00    0.00   65.14
00:49:08     all   27.02    0.00    1.26    0.00    0.00    0.51    0.00    0.00    0.00   71.21
00:49:09     all   23.98    0.00    2.81    0.26    0.00    0.77    0.00    0.00    0.00   72.19
00:49:10     all   22.56    0.00    2.31    0.00    0.00    0.51    0.00    0.00    0.00   74.62
00:49:11     all   26.65    0.00    1.78    0.00    0.00    0.76    0.00    0.00    0.00   70.81
00:49:12     all   25.95    0.00    2.04    0.00    0.00    0.51    0.00    0.00    0.00   71.50
00:49:13     all   28.46    0.00    2.02    0.00    0.00    0.50    0.00    0.00    0.00   69.02
00:49:14     all   24.81    0.00    1.53    0.00    0.00    0.26    0.00    0.00    0.00   73.40
00:49:15     all   25.00    0.00    2.02    0.00    0.00    0.51    0.00    0.00    0.00   72.47
00:49:16     all   24.37    0.00    1.78    0.00    0.00    0.76    0.00    0.00    0.00   73.10
00:49:17     all   27.48    0.00    2.29    0.00    0.00    1.02    0.00    0.00    0.00   69.21
00:49:18     all   23.29    0.00    2.03    0.00    0.00    0.25    0.00    0.00    0.00   74.43
00:49:19     all   23.39    0.00    1.54    0.00    0.00    0.26    0.00    0.00    0.00   74.81
00:49:20     all   23.43    0.00    2.27    0.00    0.00    0.76    0.00    0.00    0.00   73.55
00:49:21     all   27.74    0.00    2.04    0.00    0.00    1.02    0.00    0.00    0.00   69.21
00:49:22     all   23.21    0.00    2.04    0.00    0.00    0.26    0.00    0.00    0.00   74.49
00:49:23     all   26.40    0.00    1.52    0.00    0.00    0.51    0.00    0.00    0.00   71.57
00:49:24     all   30.89    0.00    2.03    0.00    0.00    0.51    0.00    0.00    0.00   66.58
00:49:25     all   26.26    0.00    2.27    0.00    0.00    0.76    0.00    0.00    0.00   70.71
00:49:26     all   32.57    0.00    1.78    0.25    0.00    0.51    0.00    0.00    0.00   64.89
00:49:27     all   29.04    0.00    1.26    0.00    0.00    1.01    0.00    0.00    0.00   68.69
00:49:28     all   23.04    0.00    2.28    0.00    0.00    0.76    0.00    0.00    0.00   73.92
00:49:29     all   24.81    0.00    2.03    0.00    0.00    0.51    0.00    0.00    0.00   72.66
00:49:30     all   30.53    0.00    1.53    0.00    0.00    0.51    0.00    0.00    0.00   67.43
00:49:31     all   24.81    0.00    2.03    0.51    0.00    0.51    0.00    0.00    0.00   72.15
00:49:32     all   24.30    0.00    2.05    0.00    0.00    0.77    0.00    0.00    0.00   72.89
00:49:33     all   22.62    0.00    2.06    0.00    0.00    0.26    0.00    0.00    0.00   75.06
00:49:34     all   24.94    0.00    2.02    0.00    0.00    0.50    0.00    0.00    0.00   72.54
00:49:35     all   26.72    0.00    2.54    0.00    0.00    0.76    0.00    0.00    0.00   69.97
00:49:36     all   28.21    0.00    1.51    0.25    0.00    0.76    0.00    0.00    0.00   69.27
00:49:37     all   28.53    0.00    1.80    0.00    0.00    0.26    0.00    0.00    0.00   69.41
00:49:38     all   27.25    0.00    2.06    0.00    0.00    0.51    0.00    0.00    0.00   70.18
00:49:39     all   26.33    0.00    2.28    0.00    0.00    1.01    0.00    0.00    0.00   70.38
00:49:40     all   23.47    0.00    2.81    0.00    0.00    0.26    0.00    0.00    0.00   73.47
00:49:41     all   27.92    0.00    1.78    0.00    0.00    1.02    0.00    0.00    0.00   69.29
00:49:42     all   27.16    0.00    2.28    0.00    0.00    0.25    0.00    0.00    0.00   70.30
00:49:43     all   28.21    0.00    1.54    0.00    0.00    1.03    0.00    0.00    0.00   69.23
00:49:44     all   24.42    0.00    1.80    0.00    0.00    0.00    0.00    0.00    0.00   73.78
00:49:45     all   30.28    0.00    1.78    0.00    0.00    0.51    0.00    0.00    0.00   67.43
00:49:46     all   25.00    0.00    2.27    0.00    0.00    0.76    0.00    0.00    0.00   71.97
00:49:47     all   25.38    0.00    1.28    0.00    0.00    0.51    0.00    0.00    0.00   72.82
00:49:48     all   25.63    0.00    2.03    0.00    0.00    0.00    0.00    0.00    0.00   72.34
00:49:49     all   24.49    0.00    1.53    0.00    0.00    0.77    0.00    0.00    0.00   73.21
00:49:50     all   25.51    0.00    1.53    0.00    0.00    0.26    0.00    0.00    0.00   72.70
00:49:51     all   29.80    0.00    2.27    0.25    0.00    0.76    0.00    0.00    0.00   66.92
00:49:52     all   27.41    0.00    2.54    0.00    0.00    0.51    0.00    0.00    0.00   69.54
00:49:53     all   24.36    0.00    2.05    0.00    0.00    0.77    0.00    0.00    0.00   72.82
00:49:54     all   31.82    0.00    2.27    0.00    0.00    0.25    0.00    0.00    0.00   65.66
00:49:55     all   29.37    0.00    2.53    0.00    0.00    0.51    0.00    0.00    0.00   67.59
00:49:56     all   32.49    0.00    1.27    0.00    0.00    0.76    0.00    0.00    0.00   65.48
00:49:57     all   25.32    0.00    3.04    0.00    0.00    0.25    0.00    0.00    0.00   71.39
00:49:58     all   26.65    0.00    2.03    0.00    0.00    0.51    0.00    0.00    0.00   70.81
00:49:59     all   29.41    0.00    1.28    0.00    0.00    0.26    0.00    0.00    0.00   69.05
00:50:00     all   24.62    0.00    2.03    0.00    0.00    0.51    0.00    0.00    0.00   72.84
00:50:01     all   24.37    0.00    2.03    0.00    0.00    0.76    0.00    0.00    0.00   72.84
00:50:02     all   26.97    0.00    1.78    0.25    0.00    0.76    0.00    0.00    0.00   70.23
00:50:03     all   22.73    0.00    2.02    0.00    0.00    0.76    0.00    0.00    0.00   74.49
00:50:04     all   22.70    0.00    2.30    0.00    0.00    0.51    0.00    0.00    0.00   74.49
00:50:05     all   25.63    0.00    2.28    0.00    0.00    0.51    0.00    0.00    0.00   71.57
00:50:06     all   26.20    0.00    2.52    0.50    0.00    0.50    0.00    0.00    0.00   70.28
00:50:07     all   25.32    0.00    1.79    0.00    0.00    0.51    0.00    0.00    0.00   72.38
00:50:08     all   26.97    0.00    2.04    0.00    0.00    0.76    0.00    0.00    0.00   70.23
00:50:09     all   27.30    0.00    1.79    0.00    0.00    0.26    0.00    0.00    0.00   70.66
00:50:10     all   25.06    0.00    2.05    0.00    0.00    0.51    0.00    0.00    0.00   72.38
00:50:11     all   22.45    0.00    2.04    0.00    0.00    1.02    0.00    0.00    0.00   74.49
00:50:12     all   27.09    0.00    2.03    0.00    0.00    0.25    0.00    0.00    0.00   70.63
00:50:13     all   30.79    0.00    1.53    0.00    0.00    0.76    0.00    0.00    0.00   66.92
00:50:14     all   24.37    0.00    2.28    0.00    0.00    1.02    0.00    0.00    0.00   72.34
00:50:15     all   25.13    0.00    2.28    0.00    0.00    0.25    0.00    0.00    0.00   72.34
00:50:16     all   22.84    0.00    2.03    0.00    0.00    0.76    0.00    0.00    0.00   74.37
00:50:17     all   24.23    0.00    1.28    0.00    0.00    0.26    0.00    0.00    0.00   74.23
00:50:18     all   22.08    0.00    2.54    0.00    0.00    0.51    0.00    0.00    0.00   74.87
00:50:19     all   30.36    0.00    1.53    0.00    0.00    0.26    0.00    0.00    0.00   67.86
00:50:20     all   25.00    0.00    2.27    0.00    0.00    0.76    0.00    0.00    0.00   71.97
00:50:21     all   22.51    0.00    2.56    0.00    0.00    0.77    0.00    0.00    0.00   74.17
00:50:22     all   27.41    0.00    2.28    0.00    0.00    0.51    0.00    0.00    0.00   69.80
00:50:23     all   24.04    0.00    1.28    0.00    0.00    0.51    0.00    0.00    0.00   74.17
00:50:24     all   25.38    0.00    2.28    0.00    0.00    0.51    0.00    0.00    0.00   71.83
00:50:25     all   24.30    0.00    1.77    0.00    0.00    0.25    0.00    0.00    0.00   73.67
00:50:26     all   28.68    0.00    2.03    0.00    0.00    0.51    0.00    0.00    0.00   68.78
00:50:27     all   21.77    0.00    2.53    0.51    0.00    0.51    0.00    0.00    0.00   74.68
00:50:28     all   23.21    0.00    1.53    0.00    0.00    0.77    0.00    0.00    0.00   74.49
00:50:29     all   22.92    0.00    2.52    0.00    0.00    0.50    0.00    0.00    0.00   74.06
00:50:30     all   21.94    0.00    1.28    0.00    0.00    0.77    0.00    0.00    0.00   76.02
00:50:31     all   23.60    0.00    2.03    0.00    0.00    0.25    0.00    0.00    0.00   74.11
00:50:32     all   25.38    0.00    2.03    0.00    0.00    0.51    0.00    0.00    0.00   72.08
00:50:33     all   23.47    0.00    2.04    0.00    0.00    0.77    0.00    0.00    0.00   73.72
00:50:34     all   27.30    0.00    2.04    0.00    0.00    0.00    0.00    0.00    0.00   70.66
00:50:35     all   22.53    0.00    1.77    0.00    0.00    1.01    0.00    0.00    0.00   74.68
00:50:36     all   25.13    0.00    2.01    0.00    0.00    0.50    0.00    0.00    0.00   72.36
00:50:37     all   22.82    0.00    1.28    0.00    0.00    0.26    0.00    0.00    0.00   75.64
00:50:38     all   26.90    0.00    2.03    0.25    0.00    0.25    0.00    0.00    0.00   70.56
00:50:39     all   27.14    0.00    2.01    0.00    0.00    0.75    0.00    0.00    0.00   70.10
00:50:40     all   26.92    0.00    1.79    0.00    0.00    0.51    0.00    0.00    0.00   70.77
00:50:41     all   23.92    0.00    2.04    0.00    0.00    0.25    0.00    0.00    0.00   73.79
00:50:42     all   25.00    0.00    2.27    0.00    0.00    0.51    0.00    0.00    0.00   72.22
00:50:43     all   27.44    0.00    1.28    0.00    0.00    0.77    0.00    0.00    0.00   70.51
00:50:44     all   24.81    0.00    2.78    0.00    0.00    0.76    0.00    0.00    0.00   71.65
00:50:45     all   22.65    0.00    2.54    0.00    0.00    0.51    0.00    0.00    0.00   74.30
00:50:46     all   22.34    0.00    2.28    0.00    0.00    1.02    0.00    0.00    0.00   74.37
00:50:47     all   24.87    0.00    2.05    0.00    0.00    0.51    0.00    0.00    0.00   72.56
00:50:48     all   22.14    0.00    2.29    0.25    0.00    0.25    0.00    0.00    0.00   75.06
00:50:49     all   22.34    0.00    2.54    0.00    0.00    1.27    0.00    0.00    0.00   73.86
00:50:50     all   27.34    0.00    2.03    0.00    0.00    0.51    0.00    0.00    0.00   70.13
00:50:51     all   27.37    0.00    1.02    0.00    0.00    0.26    0.00    0.00    0.00   71.36
00:50:52     all   22.51    0.00    2.30    0.00    0.00    0.77    0.00    0.00    0.00   74.42
00:50:53     all   25.06    0.00    1.79    0.26    0.00    0.26    0.00    0.00    0.00   72.63
00:50:54     all   27.71    0.00    2.27    0.00    0.00    0.76    0.00    0.00    0.00   69.27
00:50:55     all   24.68    0.00    2.57    0.00    0.00    0.26    0.00    0.00    0.00   72.49
00:50:56     all   24.62    0.00    1.78    0.00    0.00    0.76    0.00    0.00    0.00   72.84
00:50:57     all   23.66    0.00    1.78    0.00    0.00    0.51    0.00    0.00    0.00   74.05
00:50:58     all   24.87    0.00    2.28    0.25    0.00    0.76    0.00    0.00    0.00   71.83
00:50:59     all   32.40    0.00    1.79    0.00    0.00    0.51    0.00    0.00    0.00   65.31
00:51:00     all   24.55    0.00    1.79    0.00    0.00    0.26    0.00    0.00    0.00   73.40
00:51:01     all   22.39    0.00    1.78    0.00    0.00    1.02    0.00    0.00    0.00   74.81
00:51:02     all   25.00    0.00    2.02    0.00    0.00    0.51    0.00    0.00    0.00   72.47
00:51:03     all   27.66    0.00    2.54    0.25    0.00    0.76    0.00    0.00    0.00   68.78
00:51:04     all   22.76    0.00    2.05    0.00    0.00    0.26    0.00    0.00    0.00   74.94
00:51:05     all   22.53    0.00    1.77    0.00    0.00    1.01    0.00    0.00    0.00   74.68
00:51:06     all   28.54    0.00    1.77    0.00    0.00    0.76    0.00    0.00    0.00   68.94
00:51:07     all   23.92    0.00    2.04    0.00    0.00    0.25    0.00    0.00    0.00   73.79
00:51:08     all   23.98    0.00    1.79    0.00    0.00    0.51    0.00    0.00    0.00   73.72
00:51:09     all   27.66    0.00    2.28    0.00    0.00    0.51    0.00    0.00    0.00   69.54
00:51:10     all   24.37    0.00    1.78    0.00    0.00    0.76    0.00    0.00    0.00   73.10
00:51:11     all   23.39    0.00    1.80    0.00    0.00    0.26    0.00    0.00    0.00   74.55
00:51:12     all   29.80    0.00    1.77    0.00    0.00    0.51    0.00    0.00    0.00   67.93
00:51:13     all   25.13    0.00    1.54    0.00    0.00    0.51    0.00    0.00    0.00   72.82
00:51:14     all   22.59    0.00    1.02    0.00    0.00    0.51    0.00    0.00    0.00   75.89
00:51:15     all   24.49    0.00    2.53    0.00    0.00    0.76    0.00    0.00    0.00   72.22
00:51:16     all   23.65    0.00    2.06    0.00    0.00    0.00    0.00    0.00    0.00   74.29
00:51:17     all   22.53    0.00    1.77    0.00    0.00    1.01    0.00    0.00    0.00   74.68
00:51:18     all   30.61    0.00    1.53    0.00    0.00    0.26    0.00    0.00    0.00   67.60
00:51:19     all   22.84    0.00    1.78    0.00    0.00    0.76    0.00    0.00    0.00   74.62
00:51:20     all   26.75    0.00    2.00    0.25    0.00    0.25    0.00    0.00    0.00   70.75
00:51:21     all   22.76    0.00    2.56    0.00    0.00    1.02    0.00    0.00    0.00   73.66
00:51:22     all   22.19    0.00    2.30    0.00    0.00    0.51    0.00    0.00    0.00   75.00
00:51:23     all   26.01    0.00    2.02    0.00    0.00    0.76    0.00    0.00    0.00   71.21
00:51:25     all   25.57    0.00    2.03    0.00    0.00    0.51    0.00    0.00    0.00   71.90
00:51:26     all   22.45    0.00    1.79    0.26    0.00    0.51    0.00    0.00    0.00   75.00
00:51:27     all   29.26    0.00    1.53    0.00    0.00    0.76    0.00    0.00    0.00   68.45
00:51:28     all   28.57    0.00    1.79    0.00    0.00    0.26    0.00    0.00    0.00   69.39
00:51:29     all   25.00    0.00    2.27    0.00    0.00    1.01    0.00    0.00    0.00   71.72
00:51:30     all   25.77    0.00    1.79    0.00    0.00    0.51    0.00    0.00    0.00   71.94
00:51:31     all   24.49    0.00    2.04    0.00    0.00    0.26    0.00    0.00    0.00   73.21
00:51:32     all   24.75    0.00    2.53    0.25    0.00    0.76    0.00    0.00    0.00   71.72
00:51:33     all   26.97    0.00    1.78    0.00    0.00    0.51    0.00    0.00    0.00   70.74
00:51:34     all   30.46    0.00    1.78    0.00    0.00    0.25    0.00    0.00    0.00   67.51
00:51:35     all   22.59    0.00    2.03    0.00    0.00    0.76    0.00    0.00    0.00   74.62
00:51:36     all   24.36    0.00    2.05    0.00    0.00    0.26    0.00    0.00    0.00   73.33
00:51:37     all   26.85    0.00    2.05    0.00    0.00    1.02    0.00    0.00    0.00   70.08
00:51:38     all   27.64    0.00    2.26    0.00    0.00    0.50    0.00    0.00    0.00   69.60
00:51:39     all   24.55    0.00    1.53    0.00    0.00    0.77    0.00    0.00    0.00   73.15
00:51:40     all   26.72    0.00    2.04    0.00    0.00    0.51    0.00    0.00    0.00   70.74
00:51:41     all   32.83    0.00    1.77    0.00    0.00    0.51    0.00    0.00    0.00   64.90
00:51:42     all   22.65    0.00    1.53    0.00    0.00    0.51    0.00    0.00    0.00   75.32
00:51:43     all   24.94    0.00    1.78    0.00    0.00    0.51    0.00    0.00    0.00   72.77
00:51:44     all   24.56    0.00    2.53    0.00    0.00    0.51    0.00    0.00    0.00   72.41
00:51:45     all   33.84    0.00    1.53    0.00    0.00    0.51    0.00    0.00    0.00   64.12
00:51:46     all   25.77    0.00    1.79    0.00    0.00    0.77    0.00    0.00    0.00   71.68
00:51:47     all   30.46    0.00    1.78    0.00    0.00    0.76    0.00    0.00    0.00   67.01
00:51:48     all   28.57    0.00    2.55    0.00    0.00    0.51    0.00    0.00    0.00   68.37
00:51:49     all   24.94    0.00    1.78    0.00    0.00    0.25    0.00    0.00    0.00   73.03
00:51:50     all   27.14    0.00    2.01    0.00    0.00    0.75    0.00    0.00    0.00   70.10
00:51:51     all   24.74    0.00    2.06    0.00    0.00    0.52    0.00    0.00    0.00   72.68
00:51:52     all   22.53    0.00    2.28    0.00    0.00    0.76    0.00    0.00    0.00   74.43
00:51:53     all   24.87    0.00    2.28    0.25    0.00    0.00    0.00    0.00    0.00   72.59
00:51:54     all   24.87    0.00    2.54    0.00    0.00    1.02    0.00    0.00    0.00   71.57
00:51:55     all   24.43    0.00    2.04    0.00    0.00    0.25    0.00    0.00    0.00   73.28
00:51:56     all   23.10    0.00    1.78    0.00    0.00    0.76    0.00    0.00    0.00   74.37
00:51:57     all   24.10    0.00    1.79    0.00    0.00    0.00    0.00    0.00    0.00   74.10
00:51:58     all   22.84    0.00    2.28    0.00    0.00    0.25    0.00    0.00    0.00   74.62
00:51:59     all   22.98    0.00    1.77    0.25    0.00    0.76    0.00    0.00    0.00   74.24
00:52:00     all   25.45    0.00    1.78    0.00    0.00    0.51    0.00    0.00    0.00   72.26
00:52:01     all   25.57    0.00    1.77    0.00    0.00    0.51    0.00    0.00    0.00   72.15
00:52:02     all   24.23    0.00    2.04    0.00    0.00    0.51    0.00    0.00    0.00   73.21
00:52:03     all   22.90    0.00    1.78    0.00    0.00    0.25    0.00    0.00    0.00   75.06
00:52:04     all   29.90    0.00    1.26    0.00    0.00    0.75    0.00    0.00    0.00   68.09
00:52:05     all   28.86    0.00    1.77    0.25    0.00    0.25    0.00    0.00    0.00   68.86
00:52:06     all   24.81    0.00    2.28    0.00    0.00    0.51    0.00    0.00    0.00   72.41
00:52:07     all   26.85    0.00    1.28    0.00    0.00    0.26    0.00    0.00    0.00   71.61
00:52:08     all   23.60    0.00    1.02    0.00    0.00    0.76    0.00    0.00    0.00   74.62
00:52:09     all   25.19    0.00    1.53    0.00    0.00    0.25    0.00    0.00    0.00   73.03
00:52:10     all   17.63    0.00    1.01    0.00    0.00    0.25    0.00    0.00    0.00   81.11
00:52:11     all   24.17    0.00    1.78    0.00    0.00    0.51    0.00    0.00    0.00   73.54
00:52:12     all   22.76    0.00    2.05    0.00    0.00    1.02    0.00    0.00    0.00   74.17
00:52:13     all   21.79    0.00    2.05    0.00    0.00    0.26    0.00    0.00    0.00   75.90
00:52:14     all   24.18    0.00    1.76    0.00    0.00    1.01    0.00    0.00    0.00   73.05
00:52:15     all   20.20    0.00    2.27    0.25    0.00    0.25    0.00    0.00    0.00   77.02
00:52:16     all   25.45    0.00    2.04    0.00    0.00    0.76    0.00    0.00    0.00   71.76
00:52:17     all   22.84    0.00    1.78    0.00    0.00    0.25    0.00    0.00    0.00   75.13
00:52:18     all   25.25    0.00    1.52    0.00    0.00    0.51    0.00    0.00    0.00   72.73
00:52:19     all   25.26    0.00    2.55    0.00    0.00    0.77    0.00    0.00    0.00   71.43
00:52:20     all   24.05    0.00    2.28    0.25    0.00    0.76    0.00    0.00    0.00   72.66
00:52:21     all   25.51    0.00    1.79    0.00    0.00    0.26    0.00    0.00    0.00   72.45
00:52:22     all   23.27    0.00    3.07    0.00    0.00    0.77    0.00    0.00    0.00   72.89
00:52:23     all   27.92    0.00    2.28    0.00    0.00    0.51    0.00    0.00    0.00   69.29
00:52:24     all   28.61    0.00    2.03    0.00    0.00    1.01    0.00    0.00    0.00   68.35
00:52:25     all   23.21    0.00    2.04    0.00    0.00    0.26    0.00    0.00    0.00   74.49
00:52:26     all   23.16    0.00    2.04    0.00    0.00    0.25    0.00    0.00    0.00   74.55
00:52:27     all   25.00    0.00    2.27    0.00    0.00    0.76    0.00    0.00    0.00   71.97
00:52:28     all   29.19    0.00    1.02    0.00    0.00    0.25    0.00    0.00    0.00   69.54
00:52:29     all   27.09    0.00    2.28    0.00    0.00    1.01    0.00    0.00    0.00   69.62
00:52:30     all   22.05    0.00    2.31    0.26    0.00    0.77    0.00    0.00    0.00   74.62
00:52:31     all   28.39    0.00    2.01    0.00    0.00    0.25    0.00    0.00    0.00   69.35
00:52:32     all   22.96    0.00    2.04    0.00    0.00    0.77    0.00    0.00    0.00   74.23
00:52:33     all   24.87    0.00    1.52    0.00    0.00    0.51    0.00    0.00    0.00   73.10
00:52:34     all   24.94    0.00    1.27    0.00    0.00    0.25    0.00    0.00    0.00   73.54
00:52:35     all   23.86    0.00    2.54    0.25    0.00    0.51    0.00    0.00    0.00   72.84
00:52:36     all   27.71    0.00    1.26    0.00    0.00    0.50    0.00    0.00    0.00   70.53
00:52:37     all   28.32    0.00    1.53    0.00    0.00    0.51    0.00    0.00    0.00   69.64
00:52:38     all   22.70    0.00    1.53    0.00    0.00    0.00    0.00    0.00    0.00   75.77
00:52:39     all   27.20    0.00    1.76    0.00    0.00    0.50    0.00    0.00    0.00   70.53
00:52:40     all   28.93    0.00    2.54    0.00    0.00    0.51    0.00    0.00    0.00   68.02
00:52:41     all   22.59    0.00    1.52    0.00    0.00    0.76    0.00    0.00    0.00   75.13
00:52:42     all   24.68    0.00    1.78    0.00    0.00    0.76    0.00    0.00    0.00   72.77
00:52:43     all   22.73    0.00    2.02    0.00    0.00    0.51    0.00    0.00    0.00   74.75
00:52:44     all   28.39    0.00    1.79    0.00    0.00    0.26    0.00    0.00    0.00   69.57
00:52:45     all   24.87    0.00    1.78    0.25    0.00    0.76    0.00    0.00    0.00   72.34
00:52:46     all   27.27    0.00    1.52    0.00    0.00    0.76    0.00    0.00    0.00   70.45
00:52:47     all   25.57    0.00    1.27    0.00    0.00    0.51    0.00    0.00    0.00   72.66
00:52:48     all   26.58    0.00    2.78    0.00    0.00    0.76    0.00    0.00    0.00   69.87
00:52:49     all   24.43    0.00    2.04    0.00    0.00    0.76    0.00    0.00    0.00   72.77
00:52:50     all   27.53    0.00    1.52    0.00    0.00    0.51    0.00    0.00    0.00   70.45
00:52:51     all   24.37    0.00    2.03    0.00    0.00    0.76    0.00    0.00    0.00   72.84
00:52:52     all   24.81    0.00    1.53    0.00    0.00    0.26    0.00    0.00    0.00   73.40
00:52:53     all   23.60    0.00    2.03    0.00    0.00    0.51    0.00    0.00    0.00   73.86
00:52:54     all   26.84    0.00    1.77    0.00    0.00    0.76    0.00    0.00    0.00   70.63
00:52:55     all   27.30    0.00    2.04    0.00    0.00    0.00    0.00    0.00    0.00   70.66
00:52:56     all   27.66    0.00    1.52    0.00    0.00    1.02    0.00    0.00    0.00   69.80
00:52:57     all   32.66    0.00    2.28    0.00    0.00    0.00    0.00    0.00    0.00   65.06
00:52:58     all    1.50    0.00    0.00    0.00    0.00    0.00    0.00    0.00    0.00   98.50
00:52:59     all    0.00    0.00    0.00    0.00    0.00    0.00    0.00    0.00    0.00  100.00
00:53:00     all    0.25    0.00    0.25    0.25    0.00    0.00    0.00    0.00    0.00   99.25
00:53:01     all    0.00    0.00    0.00    0.00    0.00    0.00    0.00    0.00    0.00  100.00
00:53:02     all    1.00    0.00    0.00    0.00    0.00    0.25    0.00    0.00    0.00   98.76
00:53:03     all   24.23    0.00    1.79    0.00    0.00    0.51    0.00    0.00    0.00   73.47
00:53:04     all   22.84    0.00    1.78    0.00    0.00    0.25    0.00    0.00    0.00   75.13
00:53:05     all   23.72    0.00    1.28    0.00    0.00    0.77    0.00    0.00    0.00   74.23
00:53:06     all   24.49    0.00    1.79    0.00    0.00    1.02    0.00    0.00    0.00   72.70
00:53:07     all   23.54    0.00    1.77    0.00    0.00    0.51    0.00    0.00    0.00   74.18
00:53:08     all   23.41    0.00    2.04    0.00    0.00    0.51    0.00    0.00    0.00   74.05
00:53:09     all   26.08    0.00    1.52    0.00    0.00    0.51    0.00    0.00    0.00   71.90
00:53:10     all   22.31    0.00    1.54    0.00    0.00    0.51    0.00    0.00    0.00   75.64
00:53:11     all   29.87    0.00    2.28    0.00    0.00    0.76    0.00    0.00    0.00   67.09
00:53:12     all   29.77    0.00    1.27    0.00    0.00    0.76    0.00    0.00    0.00   68.19
00:53:13     all   26.85    0.00    1.79    0.00    0.00    0.51    0.00    0.00    0.00   70.84
00:53:14     all   27.88    0.00    2.30    0.00    0.00    0.26    0.00    0.00    0.00   69.57
00:53:15     all   24.81    0.00    1.50    0.50    0.00    0.75    0.00    0.00    0.00   72.43
00:53:16     all   22.84    0.00    1.52    0.00    0.00    1.02    0.00    0.00    0.00   74.62
00:53:17     all   28.46    0.00    2.05    0.00    0.00    0.26    0.00    0.00    0.00   69.23
00:53:18     all   27.34    0.00    1.77    0.00    0.00    0.51    0.00    0.00    0.00   70.38
00:53:19     all   25.00    0.00    2.27    0.00    0.00    0.25    0.00    0.00    0.00   72.47
00:53:20     all   23.27    0.00    1.53    0.26    0.00    0.51    0.00    0.00    0.00   74.42
00:53:21     all   25.38    0.00    2.54    0.00    0.00    1.02    0.00    0.00    0.00   71.07
00:53:22     all    7.52    0.00    1.50    0.00    0.00    0.25    0.00    0.00    0.00   90.73
00:53:23     all    0.00    0.00    0.00    0.00    0.00    0.00    0.00    0.00    0.00  100.00
00:53:24     all    0.00    0.00    0.25    0.00    0.00    0.00    0.00    0.00    0.00   99.75
00:53:25     all    0.00    0.00    0.00    0.00    0.00    0.00    0.00    0.00    0.00  100.00
00:53:26     all    0.25    0.00    0.00    0.00    0.00    0.00    0.00    0.00    0.00   99.75
00:53:27     all   16.07    0.00    1.79    0.00    0.00    0.26    0.00    0.00    0.00   81.89
00:53:28     all   23.99    0.00    2.02    0.00    0.00    0.76    0.00    0.00    0.00   73.23
00:53:29     all   26.28    0.00    1.79    0.00    0.00    0.51    0.00    0.00    0.00   71.43
00:53:30     all   22.53    0.00    2.28    0.00    0.00    1.01    0.00    0.00    0.00   74.18
00:53:31     all   24.55    0.00    2.30    0.00    0.00    0.26    0.00    0.00    0.00   72.89
00:53:32     all   24.74    0.00    2.04    0.26    0.00    0.77    0.00    0.00    0.00   72.19
00:53:33     all   24.18    0.00    2.27    0.00    0.00    0.76    0.00    0.00    0.00   72.80
00:53:34     all   25.06    0.00    1.53    0.00    0.00    0.51    0.00    0.00    0.00   72.89
00:53:35     all   22.70    0.00    2.55    0.00    0.00    0.26    0.00    0.00    0.00   74.49
00:53:36     all   23.29    0.00    2.03    0.00    0.00    1.01    0.00    0.00    0.00   73.67
00:53:37     all   30.38    0.00    1.77    0.00    0.00    0.51    0.00    0.00    0.00   67.34
00:53:38     all   23.60    0.00    1.78    0.25    0.00    0.25    0.00    0.00    0.00   74.11
00:53:39     all   21.83    0.00    2.28    0.00    0.00    1.02    0.00    0.00    0.00   74.87
00:53:40     all   25.45    0.00    1.78    0.00    0.00    0.25    0.00    0.00    0.00   72.52
00:53:41     all   21.94    0.00    1.79    0.00    0.00    1.02    0.00    0.00    0.00   75.26
00:53:42     all   22.53    0.00    2.53    0.00    0.00    0.00    0.00    0.00    0.00   74.94
00:53:43     all   34.94    0.00    1.01    0.00    0.00    1.01    0.00    0.00    0.00   63.04
00:53:44     all   23.72    0.00    2.04    0.00    0.00    0.00    0.00    0.00    0.00   74.23
00:53:45     all   32.75    0.00    2.27    0.00    0.00    0.76    0.00    0.00    0.00   64.23
00:53:46     all   23.41    0.00    2.54    0.00    0.00    0.25    0.00    0.00    0.00   73.79
00:53:47     all   22.78    0.00    2.03    0.00    0.00    0.76    0.00    0.00    0.00   74.43
00:53:48     all   26.58    0.00    1.77    0.00    0.00    0.51    0.00    0.00    0.00   71.14
00:53:49     all   26.84    0.00    2.03    0.25    0.00    0.25    0.00    0.00    0.00   70.63
00:53:50     all   22.61    0.00    3.02    0.00    0.00    1.01    0.00    0.00    0.00   73.37
00:53:51     all   23.14    0.00    2.06    0.00    0.00    0.51    0.00    0.00    0.00   74.29
00:53:52     all   26.77    0.00    1.52    0.00    0.00    0.76    0.00    0.00    0.00   70.96
00:53:53     all   23.21    0.00    2.04    0.00    0.00    0.26    0.00    0.00    0.00   74.49
00:53:54     all   30.46    0.00    2.28    0.00    0.00    0.76    0.00    0.00    0.00   66.50
00:53:55     all   24.37    0.00    2.03    0.00    0.00    0.25    0.00    0.00    0.00   73.35
00:53:56     all   21.27    0.00    1.27    0.00    0.00    1.01    0.00    0.00    0.00   76.46
00:53:57     all   24.11    0.00    2.03    0.00    0.00    0.25    0.00    0.00    0.00   73.60
00:53:58     all   26.58    0.00    2.03    0.00    0.00    1.01    0.00    0.00    0.00   70.38
00:53:59     all   26.28    0.00    2.04    0.00    0.00    0.26    0.00    0.00    0.00   71.43
00:54:00     all   22.51    0.00    2.05    0.00    0.00    0.77    0.00    0.00    0.00   74.68
00:54:01     all   24.87    0.00    2.03    0.00    0.00    0.51    0.00    0.00    0.00   72.59
00:54:02     all   22.51    0.00    1.79    0.00    0.00    0.26    0.00    0.00    0.00   75.45
00:54:03     all   23.41    0.00    1.78    0.00    0.00    0.51    0.00    0.00    0.00   74.30
00:54:04     all   25.13    0.00    2.54    0.00    0.00    0.76    0.00    0.00    0.00   71.57
00:54:05     all   25.32    0.00    1.53    0.26    0.00    0.26    0.00    0.00    0.00   72.63
00:54:06     all   22.08    0.00    1.78    0.00    0.00    0.76    0.00    0.00    0.00   75.38
00:54:07     all   22.90    0.00    2.04    0.00    0.00    0.51    0.00    0.00    0.00   74.55
00:54:08     all   32.57    0.00    1.53    0.00    0.00    0.51    0.00    0.00    0.00   65.39
00:54:09     all   22.28    0.00    2.03    0.00    0.00    0.25    0.00    0.00    0.00   75.44
00:54:10     all   23.29    0.00    1.77    0.00    0.00    0.76    0.00    0.00    0.00   74.18
00:54:11     all   24.62    0.00    2.31    0.00    0.00    0.51    0.00    0.00    0.00   72.56
00:54:12     all   22.90    0.00    1.78    0.00    0.00    0.51    0.00    0.00    0.00   74.81
00:54:13     all   22.19    0.00    1.79    0.00    0.00    0.77    0.00    0.00    0.00   75.26
00:54:14     all   25.00    0.00    1.53    0.00    0.00    0.26    0.00    0.00    0.00   73.21
00:54:15     all   23.04    0.00    2.03    0.00    0.00    0.76    0.00    0.00    0.00   74.18
00:54:16     all   25.38    0.00    2.56    0.26    0.00    0.26    0.00    0.00    0.00   71.54
00:54:17     all   22.78    0.00    1.27    0.00    0.00    0.76    0.00    0.00    0.00   75.19
00:54:18     all   23.85    0.00    2.05    0.00    0.00    0.26    0.00    0.00    0.00   73.85
00:54:19     all   26.58    0.00    2.03    0.00    0.00    0.76    0.00    0.00    0.00   70.63
00:54:20     all   22.39    0.00    2.29    0.00    0.00    0.51    0.00    0.00    0.00   74.81
00:54:21     all   32.07    0.00    2.02    0.25    0.00    0.51    0.00    0.00    0.00   65.15
00:54:22     all   30.20    0.00    3.05    0.00    0.00    1.02    0.00    0.00    0.00   65.74
00:54:23     all   22.96    0.00    2.04    0.00    0.00    0.77    0.00    0.00    0.00   74.23
00:54:24     all   22.82    0.00    2.31    0.00    0.00    0.51    0.00    0.00    0.00   74.36
00:54:25     all   27.16    0.00    2.79    0.00    0.00    0.51    0.00    0.00    0.00   69.54
00:54:26     all   25.83    0.00    1.28    0.26    0.00    0.26    0.00    0.00    0.00   72.38
00:54:27     all   24.94    0.00    1.78    0.00    0.00    1.02    0.00    0.00    0.00   72.26
00:54:28     all   23.10    0.00    2.03    0.00    0.00    0.25    0.00    0.00    0.00   74.62
00:54:29     all   27.09    0.00    2.03    0.00    0.00    0.76    0.00    0.00    0.00   70.13
00:54:30     all   28.46    0.00    1.54    0.00    0.00    0.26    0.00    0.00    0.00   69.74
00:54:31     all   21.77    0.00    2.28    0.00    0.00    0.76    0.00    0.00    0.00   75.19
00:54:32     all   26.21    0.00    2.04    0.00    0.00    0.51    0.00    0.00    0.00   71.25
00:54:33     all   26.58    0.00    1.77    0.00    0.00    0.76    0.00    0.00    0.00   70.89
00:54:34     all   24.56    0.00    1.77    0.00    0.00    0.51    0.00    0.00    0.00   73.16
00:54:35     all   22.78    0.00    2.03    0.00    0.00    0.51    0.00    0.00    0.00   74.68
00:54:36     all   25.06    0.00    2.03    0.00    0.00    0.51    0.00    0.00    0.00   72.41
00:54:37     all   23.47    0.00    1.79    0.00    0.00    0.51    0.00    0.00    0.00   74.23
00:54:38     all   22.59    0.00    1.52    0.00    0.00    0.76    0.00    0.00    0.00   75.13
00:54:39     all   30.20    0.00    2.54    0.00    0.00    0.76    0.00    0.00    0.00   66.50
00:54:40     all   22.45    0.00    2.04    0.00    0.00    0.26    0.00    0.00    0.00   75.26
00:54:41     all   22.73    0.00    2.53    0.25    0.00    1.01    0.00    0.00    0.00   73.48
00:54:42     all   27.25    0.00    1.54    0.00    0.00    0.00    0.00    0.00    0.00   71.21
00:54:43     all   22.78    0.00    2.03    0.00    0.00    0.76    0.00    0.00    0.00   74.43
00:54:44     all   22.59    0.00    2.28    0.00    0.00    0.51    0.00    0.00    0.00   74.62
00:54:45     all   28.93    0.00    1.52    0.00    0.00    0.51    0.00    0.00    0.00   69.04
00:54:46     all   26.90    0.00    1.52    0.00    0.00    0.25    0.00    0.00    0.00   71.32
00:54:47     all   22.05    0.00    1.79    0.26    0.00    0.51    0.00    0.00    0.00   75.38
00:54:48     all   26.95    0.00    2.27    0.00    0.00    0.76    0.00    0.00    0.00   70.03
00:54:49     all   27.16    0.00    1.52    0.00    0.00    0.51    0.00    0.00    0.00   70.81
00:54:50     all   27.16    0.00    1.78    0.00    0.00    0.51    0.00    0.00    0.00   70.56
00:54:51     all   26.70    0.00    1.76    0.00    0.00    0.76    0.00    0.00    0.00   70.78
00:54:52     all   23.20    0.00    2.06    0.00    0.00    0.26    0.00    0.00    0.00   74.48
00:54:53     all   24.56    0.00    2.28    0.25    0.00    1.01    0.00    0.00    0.00   71.90
00:54:54     all   23.08    0.00    2.05    0.00    0.00    0.51    0.00    0.00    0.00   74.36
Average:     all   24.69    0.00    1.93    0.03    0.00    0.57    0.00    0.00    0.00   72.78
