Linux 6.8.0-1062-azure (csb-bench-host-azure) 	08/04/26 	_x86_64_	(4 CPU)

22:59:56     CPU    %usr   %nice    %sys %iowait    %irq   %soft  %steal  %guest  %gnice   %idle
22:59:57     all   46.85    0.00    3.02    0.00    0.00    1.01    0.00    0.00    0.00   49.12
22:59:58     all   27.66    0.00    2.28    0.00    0.00    0.76    0.00    0.00    0.00   69.29
22:59:59     all   30.71    0.00    1.78    0.00    0.00    0.76    0.00    0.00    0.00   66.75
23:00:00     all   27.27    0.00    2.27    0.00    0.00    0.76    0.00    0.00    0.00   69.70
23:00:01     all   25.00    0.00    2.30    0.00    0.00    0.26    0.00    0.00    0.00   72.45
23:00:02     all   27.96    0.00    1.76    0.25    0.00    1.01    0.00    0.00    0.00   69.02
23:00:03     all   25.38    0.00    2.03    0.00    0.00    0.76    0.00    0.00    0.00   71.83
23:00:04     all   22.31    0.00    1.79    0.26    0.00    0.77    0.00    0.00    0.00   74.87
23:00:05     all   22.42    0.00    2.27    0.00    0.00    0.76    0.00    0.00    0.00   74.56
23:00:06     all   27.55    0.00    2.04    0.00    0.00    0.77    0.00    0.00    0.00   69.64
23:00:07     all   25.13    0.00    2.03    0.00    0.00    1.02    0.00    0.00    0.00   71.83
23:00:08     all   24.74    0.00    2.04    0.26    0.00    0.26    0.00    0.00    0.00   72.70
23:00:09     all   29.37    0.00    2.28    0.00    0.00    1.01    0.00    0.00    0.00   67.34
23:00:10     all   24.68    0.00    1.78    0.00    0.00    0.51    0.00    0.00    0.00   73.03
23:00:11     all   24.17    0.00    1.78    0.00    0.00    0.76    0.00    0.00    0.00   73.28
23:00:12     all   22.65    0.00    2.80    0.25    0.00    0.51    0.00    0.00    0.00   73.79
23:00:13     all   29.26    0.00    1.27    0.25    0.00    0.76    0.00    0.00    0.00   68.45
23:00:14     all   23.92    0.00    2.29    0.00    0.00    0.51    0.00    0.00    0.00   73.28
23:00:15     all   22.53    0.00    1.77    0.00    0.00    1.01    0.00    0.00    0.00   74.68
23:00:16     all   27.96    0.00    2.27    0.00    0.00    1.01    0.00    0.00    0.00   68.77
23:00:17     all   26.21    0.00    1.53    0.00    0.00    0.76    0.00    0.00    0.00   71.50
23:00:18     all   25.51    0.00    2.55    0.00    0.00    0.77    0.00    0.00    0.00   71.17
23:00:19     all   28.32    0.00    2.30    0.00    0.00    0.51    0.00    0.00    0.00   68.88
23:00:20     all   28.21    0.00    2.27    0.00    0.00    1.01    0.00    0.00    0.00   68.51
23:00:21     all   27.66    0.00    1.78    0.00    0.00    0.51    0.00    0.00    0.00   70.05
23:00:22     all   29.26    0.00    2.80    0.00    0.00    0.76    0.00    0.00    0.00   67.18
23:00:23     all   29.16    0.00    1.79    0.00    0.00    0.51    0.00    0.00    0.00   68.54
23:00:24     all   24.62    0.00    2.03    0.00    0.00    1.02    0.00    0.00    0.00   72.34
23:00:25     all   22.65    0.00    1.53    0.51    0.00    0.25    0.00    0.00    0.00   75.06
23:00:26     all   27.96    0.00    2.52    0.00    0.00    1.01    0.00    0.00    0.00   68.51
23:00:27     all   27.04    0.00    1.79    0.00    0.00    0.26    0.00    0.00    0.00   70.92
23:00:28     all   27.16    0.00    1.78    0.00    0.00    0.76    0.00    0.00    0.00   70.30
23:00:29     all   34.34    0.00    2.27    0.00    0.00    0.76    0.00    0.00    0.00   62.63
23:00:30     all   21.99    0.00    1.79    0.00    0.00    1.02    0.00    0.00    0.00   75.19
23:00:31     all   24.17    0.00    2.54    0.00    0.00    1.02    0.00    0.00    0.00   72.26
23:00:32     all   33.42    0.00    1.79    0.00    0.00    0.77    0.00    0.00    0.00   64.03
23:00:33     all   34.26    0.00    1.52    0.00    0.00    0.76    0.00    0.00    0.00   63.45
23:00:34     all   25.19    0.00    2.52    0.00    0.00    1.01    0.00    0.00    0.00   71.28
23:00:35     all   22.65    0.00    1.53    0.00    0.00    0.51    0.00    0.00    0.00   75.32
23:00:36     all   27.96    0.00    1.76    0.25    0.00    1.01    0.00    0.00    0.00   69.02
23:00:37     all   25.00    0.00    2.04    0.00    0.00    0.51    0.00    0.00    0.00   72.45
23:00:38     all   33.50    0.00    1.78    0.00    0.00    0.76    0.00    0.00    0.00   63.96
23:00:39     all   28.79    0.00    2.27    0.00    0.00    0.76    0.00    0.00    0.00   68.18
23:00:40     all   25.00    0.00    1.79    0.00    0.00    0.77    0.00    0.00    0.00   72.45
23:00:41     all   31.82    0.00    1.77    0.51    0.00    0.76    0.00    0.00    0.00   65.15
23:00:42     all   24.94    0.00    2.04    0.00    0.00    0.51    0.00    0.00    0.00   72.52
23:00:43     all   24.87    0.00    2.03    0.00    0.00    0.76    0.00    0.00    0.00   72.34
23:00:44     all   24.62    0.00    1.54    0.00    0.00    0.77    0.00    0.00    0.00   73.08
23:00:45     all   23.10    0.00    2.28    0.00    0.00    1.02    0.00    0.00    0.00   73.60
23:00:46     all   25.06    0.00    1.79    0.00    0.00    0.77    0.00    0.00    0.00   72.38
23:00:47     all   23.17    0.00    2.02    0.00    0.00    1.01    0.00    0.00    0.00   73.80
23:00:48     all   22.56    0.00    1.79    0.00    0.00    1.03    0.00    0.00    0.00   74.62
23:00:49     all   24.55    0.00    2.30    0.00    0.00    0.77    0.00    0.00    0.00   72.38
23:00:50     all   26.21    0.00    1.53    0.00    0.00    1.02    0.00    0.00    0.00   71.25
23:00:51     all   25.00    0.00    2.30    0.00    0.00    0.51    0.00    0.00    0.00   72.19
23:00:52     all   25.25    0.00    1.52    0.00    0.00    0.76    0.00    0.00    0.00   72.47
23:00:53     all    3.28    0.00    0.00    0.00    0.00    0.00    0.00    0.00    0.00   96.72
23:00:54     all    0.00    0.00    0.25    0.00    0.00    0.00    0.00    0.00    0.00   99.75
23:00:55     all    0.00    0.00    0.00    0.00    0.00    0.00    0.00    0.00    0.00  100.00
23:00:56     all    0.25    0.00    0.00    0.00    0.00    0.00    0.00    0.00    0.00   99.75
23:00:57     all    0.25    0.00    0.00    0.00    0.00    0.00    0.00    0.00    0.00   99.75
23:00:58     all   20.85    0.00    1.51    0.00    0.00    1.01    0.00    0.00    0.00   76.63
23:00:59     all   27.48    0.00    1.27    0.25    0.00    0.51    0.00    0.00    0.00   70.48
23:01:00     all   28.06    0.00    2.04    0.00    0.00    0.51    0.00    0.00    0.00   69.39
23:01:01     all   24.62    0.00    2.03    0.00    0.00    0.76    0.00    0.00    0.00   72.59
23:01:02     all   25.00    0.00    2.02    0.00    0.00    1.01    0.00    0.00    0.00   71.97
23:01:03     all   23.16    0.00    2.54    0.00    0.00    1.02    0.00    0.00    0.00   73.28
23:01:04     all   29.41    0.00    2.05    0.00    0.00    0.51    0.00    0.00    0.00   68.03
23:01:05     all   26.58    0.00    2.28    0.00    0.00    0.76    0.00    0.00    0.00   70.38
23:01:06     all   29.74    0.00    1.79    0.00    0.00    0.26    0.00    0.00    0.00   68.21
23:01:07     all   33.59    0.00    2.02    0.00    0.00    1.01    0.00    0.00    0.00   63.38
23:01:08     all   25.77    0.00    2.04    0.00    0.00    0.77    0.00    0.00    0.00   71.43
23:01:09     all   23.85    0.00    1.79    0.00    0.00    1.03    0.00    0.00    0.00   73.33
23:01:10     all   24.11    0.00    2.79    0.25    0.00    1.02    0.00    0.00    0.00   71.83
23:01:11     all   27.55    0.00    2.30    0.00    0.00    0.51    0.00    0.00    0.00   69.64
23:01:12     all   25.19    0.00    1.78    0.00    0.00    0.51    0.00    0.00    0.00   72.52
23:01:13     all   24.18    0.00    2.27    0.00    0.00    1.01    0.00    0.00    0.00   72.54
23:01:14     all   26.53    0.00    1.79    0.00    0.00    0.51    0.00    0.00    0.00   71.17
23:01:15     all   30.20    0.00    2.28    0.00    0.00    0.76    0.00    0.00    0.00   66.75
23:01:16     all   29.44    0.00    1.27    0.00    0.00    0.51    0.00    0.00    0.00   68.78
23:01:17     all   28.28    0.00    1.52    0.00    0.00    1.01    0.00    0.00    0.00   69.19
23:01:18     all   28.61    0.00    2.03    0.00    0.00    0.51    0.00    0.00    0.00   68.86
23:01:19     all   28.68    0.00    2.03    0.00    0.00    1.02    0.00    0.00    0.00   68.27
23:01:20     all   28.39    0.00    1.53    0.26    0.00    0.51    0.00    0.00    0.00   69.31
23:01:21     all   26.84    0.00    2.03    0.00    0.00    1.27    0.00    0.00    0.00   69.87
23:01:22     all   27.16    0.00    3.05    0.00    0.00    0.76    0.00    0.00    0.00   69.04
23:01:23     all   31.89    0.00    1.53    0.00    0.00    0.51    0.00    0.00    0.00   66.07
23:01:24     all   29.01    0.00    1.53    0.00    0.00    0.76    0.00    0.00    0.00   68.70
23:01:25     all   24.56    0.00    1.77    0.25    0.00    1.01    0.00    0.00    0.00   72.41
23:01:26     all   24.37    0.00    1.78    0.00    0.00    0.51    0.00    0.00    0.00   73.35
23:01:27     all   22.90    0.00    2.04    0.00    0.00    0.76    0.00    0.00    0.00   74.30
23:01:28     all   22.22    0.00    1.77    0.00    0.00    0.51    0.00    0.00    0.00   75.51
23:01:29     all   24.94    0.00    2.04    0.00    0.00    0.51    0.00    0.00    0.00   72.52
23:01:30     all   22.19    0.00    2.55    0.00    0.00    1.53    0.00    0.00    0.00   73.72
23:01:31     all   24.43    0.00    2.04    0.25    0.00    0.76    0.00    0.00    0.00   72.52
23:01:32     all   24.37    0.00    1.78    0.00    0.00    1.02    0.00    0.00    0.00   72.84
23:01:33     all   28.97    0.00    1.79    0.00    0.00    0.77    0.00    0.00    0.00   68.46
23:01:34     all   26.60    0.00    2.05    0.00    0.00    0.77    0.00    0.00    0.00   70.59
23:01:35     all   22.92    0.00    2.02    0.00    0.00    0.50    0.00    0.00    0.00   74.56
23:01:36     all   25.89    0.00    2.03    0.25    0.00    0.76    0.00    0.00    0.00   71.07
23:01:37     all   28.35    0.00    1.77    0.00    0.00    0.76    0.00    0.00    0.00   69.11
23:01:38     all   29.29    0.00    1.77    0.00    0.00    0.76    0.00    0.00    0.00   68.18
23:01:39     all   24.68    0.00    1.78    0.00    0.00    0.51    0.00    0.00    0.00   73.03
23:01:40     all   23.04    0.00    2.53    0.00    0.00    0.51    0.00    0.00    0.00   73.92
23:01:41     all   22.11    0.00    2.06    0.00    0.00    0.51    0.00    0.00    0.00   75.32
23:01:42     all   24.94    0.00    1.78    0.00    0.00    1.02    0.00    0.00    0.00   72.26
23:01:43     all   24.37    0.00    2.03    0.00    0.00    1.02    0.00    0.00    0.00   72.59
23:01:44     all   22.65    0.00    1.78    0.00    0.00    0.51    0.00    0.00    0.00   75.06
23:01:45     all   28.21    0.00    2.77    0.00    0.00    1.26    0.00    0.00    0.00   67.76
23:01:46     all   27.41    0.00    2.03    0.00    0.00    0.25    0.00    0.00    0.00   70.30
23:01:47     all   26.65    0.00    2.28    0.25    0.00    0.25    0.00    0.00    0.00   70.56
23:01:48     all   26.28    0.00    2.30    0.00    0.00    1.02    0.00    0.00    0.00   70.41
23:01:49     all   37.15    0.00    1.78    0.00    0.00    0.51    0.00    0.00    0.00   60.56
23:01:50     all   30.38    0.00    1.52    0.00    0.00    1.01    0.00    0.00    0.00   67.09
23:01:51     all   24.94    0.00    2.04    0.00    0.00    0.51    0.00    0.00    0.00   72.52
23:01:52     all   28.39    0.00    1.51    0.25    0.00    1.01    0.00    0.00    0.00   68.84
23:01:53     all   24.10    0.00    2.05    0.00    0.00    0.51    0.00    0.00    0.00   73.33
23:01:54     all   24.81    0.00    1.77    0.00    0.00    1.01    0.00    0.00    0.00   72.41
23:01:55     all   21.97    0.00    2.53    0.00    0.00    1.01    0.00    0.00    0.00   74.49
23:01:56     all   22.45    0.00    2.30    0.00    0.00    0.51    0.00    0.00    0.00   74.74
23:01:57     all   30.56    0.00    2.53    0.25    0.00    1.26    0.00    0.00    0.00   65.40
23:01:58     all   26.72    0.00    2.04    0.00    0.00    0.51    0.00    0.00    0.00   70.74
23:01:59     all   24.37    0.00    2.28    0.00    0.00    0.76    0.00    0.00    0.00   72.59
23:02:00     all   24.18    0.00    2.02    0.00    0.00    1.01    0.00    0.00    0.00   72.80
23:02:01     all   26.65    0.00    1.52    0.00    0.00    0.76    0.00    0.00    0.00   71.07
23:02:02     all   26.92    0.00    2.05    0.26    0.00    0.51    0.00    0.00    0.00   70.26
23:02:03     all   26.63    0.00    2.01    0.00    0.00    1.26    0.00    0.00    0.00   70.10
23:02:04     all   24.62    0.00    2.28    0.00    0.00    0.51    0.00    0.00    0.00   72.59
23:02:05     all   22.31    0.00    2.05    0.00    0.00    0.77    0.00    0.00    0.00   74.87
23:02:06     all   22.28    0.00    2.03    0.00    0.00    0.76    0.00    0.00    0.00   74.94
23:02:07     all   23.66    0.00    2.04    0.00    0.00    1.02    0.00    0.00    0.00   73.28
23:02:08     all   28.68    0.00    1.78    0.00    0.00    0.51    0.00    0.00    0.00   69.04
23:02:09     all   27.06    0.00    1.55    0.00    0.00    0.52    0.00    0.00    0.00   70.88
23:02:10     all   25.38    0.00    1.78    0.00    0.00    0.51    0.00    0.00    0.00   72.34
23:02:11     all   21.83    0.00    2.79    0.00    0.00    1.02    0.00    0.00    0.00   74.37
23:02:12     all   26.28    0.00    2.04    0.00    0.00    0.51    0.00    0.00    0.00   71.17
23:02:13     all   26.15    0.00    2.56    0.00    0.00    1.03    0.00    0.00    0.00   70.26
23:02:14     all   27.09    0.00    1.77    0.00    0.00    0.00    0.00    0.00    0.00   71.14
23:02:15     all   36.36    0.00    1.77    0.00    0.00    1.01    0.00    0.00    0.00   60.86
23:02:16     all   27.09    0.00    1.27    0.00    0.00    0.25    0.00    0.00    0.00   71.39
23:02:17     all   34.18    0.00    1.77    0.00    0.00    0.76    0.00    0.00    0.00   63.29
23:02:18     all   24.68    0.00    1.53    0.25    0.00    1.02    0.00    0.00    0.00   72.52
23:02:19     all   30.53    0.00    1.53    0.00    0.00    0.76    0.00    0.00    0.00   67.18
23:02:20     all   28.03    0.00    2.02    0.00    0.00    0.76    0.00    0.00    0.00   69.19
23:02:21     all   28.06    0.00    2.30    0.00    0.00    1.28    0.00    0.00    0.00   68.37
23:02:22     all   28.17    0.00    3.05    0.00    0.00    0.51    0.00    0.00    0.00   68.27
23:02:23     all   27.11    0.00    2.05    0.26    0.00    1.02    0.00    0.00    0.00   69.57
23:02:24     all   21.94    0.00    2.55    0.00    0.00    0.77    0.00    0.00    0.00   74.74
23:02:25     all   26.45    0.00    2.27    0.00    0.00    1.26    0.00    0.00    0.00   70.03
23:02:26     all   35.29    0.00    2.30    0.00    0.00    0.51    0.00    0.00    0.00   61.89
23:02:27     all   24.81    0.00    1.77    0.00    0.00    1.01    0.00    0.00    0.00   72.41
23:02:28     all   27.88    0.00    2.56    0.00    0.00    0.77    0.00    0.00    0.00   68.80
23:02:29     all   23.04    0.00    1.77    0.00    0.00    1.01    0.00    0.00    0.00   74.18
23:02:30     all   31.74    0.00    1.76    0.00    0.00    0.25    0.00    0.00    0.00   66.25
23:02:31     all   24.43    0.00    2.04    0.00    0.00    1.02    0.00    0.00    0.00   72.52
23:02:32     all   22.90    0.00    1.53    0.00    0.00    1.02    0.00    0.00    0.00   74.55
23:02:33     all   21.74    0.00    2.56    0.00    0.00    0.51    0.00    0.00    0.00   75.19
23:02:34     all   24.68    0.00    2.04    0.00    0.00    0.76    0.00    0.00    0.00   72.52
23:02:35     all   29.59    0.00    1.53    0.00    0.00    1.02    0.00    0.00    0.00   67.86
23:02:36     all   29.87    0.00    2.53    0.00    0.00    0.76    0.00    0.00    0.00   66.84
23:02:37     all   28.93    0.00    1.78    0.00    0.00    0.76    0.00    0.00    0.00   68.53
23:02:38     all   26.34    0.00    2.05    0.51    0.00    0.26    0.00    0.00    0.00   70.84
23:02:39     all   24.87    0.00    1.51    0.00    0.00    1.01    0.00    0.00    0.00   72.61
23:02:40     all   24.04    0.00    2.81    0.00    0.00    0.51    0.00    0.00    0.00   72.63
23:02:41     all   27.41    0.00    2.28    0.00    0.00    0.76    0.00    0.00    0.00   69.54
23:02:42     all   22.84    0.00    1.78    0.00    0.00    0.51    0.00    0.00    0.00   74.87
23:02:43     all   24.05    0.00    2.03    0.00    0.00    0.76    0.00    0.00    0.00   73.16
23:02:44     all   24.75    0.00    1.77    0.00    0.00    0.76    0.00    0.00    0.00   72.73
23:02:45     all   22.65    0.00    2.29    0.00    0.00    0.76    0.00    0.00    0.00   74.30
23:02:46     all   24.49    0.00    2.30    0.00    0.00    0.77    0.00    0.00    0.00   72.45
23:02:47     all   25.13    0.00    1.78    0.00    0.00    0.76    0.00    0.00    0.00   72.34
23:02:48     all   26.90    0.00    1.27    0.25    0.00    0.76    0.00    0.00    0.00   70.81
23:02:49     all   31.47    0.00    2.03    0.00    0.00    1.27    0.00    0.00    0.00   65.23
23:02:50     all   31.90    0.00    1.01    0.00    0.00    0.76    0.00    0.00    0.00   66.33
23:02:51     all   25.06    0.00    2.56    0.00    0.00    0.26    0.00    0.00    0.00   72.12
23:02:52     all   24.24    0.00    2.02    0.00    0.00    1.26    0.00    0.00    0.00   72.47
23:02:53     all   27.85    0.00    2.03    0.00    0.00    0.76    0.00    0.00    0.00   69.37
23:02:54     all   26.33    0.00    2.03    0.51    0.00    1.01    0.00    0.00    0.00   70.13
23:02:55     all   26.97    0.00    1.27    0.00    0.00    0.51    0.00    0.00    0.00   71.25
23:02:56     all   22.47    0.00    2.27    0.00    0.00    0.76    0.00    0.00    0.00   74.49
23:02:57     all   28.35    0.00    2.28    0.00    0.00    1.27    0.00    0.00    0.00   68.10
23:02:58     all   27.59    0.00    1.77    0.00    0.00    1.01    0.00    0.00    0.00   69.62
23:02:59     all   24.43    0.00    1.78    0.00    0.00    0.51    0.00    0.00    0.00   73.28
23:03:00     all   27.16    0.00    2.03    0.25    0.00    1.02    0.00    0.00    0.00   69.54
23:03:01     all   21.94    0.00    2.55    0.00    0.00    0.77    0.00    0.00    0.00   74.74
23:03:02     all   26.97    0.00    2.04    0.00    0.00    0.76    0.00    0.00    0.00   70.23
23:03:03     all   26.79    0.00    1.79    0.00    0.00    0.77    0.00    0.00    0.00   70.66
23:03:04     all   27.48    0.00    1.53    0.00    0.00    0.51    0.00    0.00    0.00   70.48
23:03:05     all   24.69    0.00    2.02    0.00    0.00    0.76    0.00    0.00    0.00   72.54
23:03:06     all   24.68    0.00    1.78    0.00    0.00    1.02    0.00    0.00    0.00   72.52
23:03:07     all   26.79    0.00    2.55    0.00    0.00    0.51    0.00    0.00    0.00   70.15
23:03:08     all   33.92    0.00    1.77    0.00    0.00    0.76    0.00    0.00    0.00   63.54
23:03:09     all   24.30    0.00    2.28    0.00    0.00    1.27    0.00    0.00    0.00   72.15
23:03:10     all   28.03    0.00    3.03    0.00    0.00    0.51    0.00    0.00    0.00   68.43
23:03:11     all   23.91    0.00    2.06    0.00    0.00    1.03    0.00    0.00    0.00   73.01
23:03:12     all   32.07    0.00    2.02    0.00    0.00    0.51    0.00    0.00    0.00   65.40
23:03:13     all   30.79    0.00    2.04    0.00    0.00    0.76    0.00    0.00    0.00   66.41
23:03:14     all   32.15    0.00    1.52    0.00    0.00    0.76    0.00    0.00    0.00   65.57
23:03:15     all   24.68    0.00    2.04    0.00    0.00    1.02    0.00    0.00    0.00   72.26
23:03:16     all   29.85    0.00    1.79    0.26    0.00    0.77    0.00    0.00    0.00   67.35
23:03:17     all   30.20    0.00    1.78    0.00    0.00    0.76    0.00    0.00    0.00   67.26
23:03:18     all   26.26    0.00    2.53    0.00    0.00    1.01    0.00    0.00    0.00   70.20
23:03:19     all   25.63    0.00    1.78    0.00    0.00    0.51    0.00    0.00    0.00   72.08
23:03:20     all   32.41    0.00    1.77    0.00    0.00    1.01    0.00    0.00    0.00   64.81
23:03:21     all   29.85    0.00    2.04    0.00    0.00    0.77    0.00    0.00    0.00   67.35
23:03:22     all   23.39    0.00    3.34    0.00    0.00    0.51    0.00    0.00    0.00   72.75
23:03:23     all   22.28    0.00    2.28    0.00    0.00    1.27    0.00    0.00    0.00   74.18
23:03:24     all   26.92    0.00    1.54    0.00    0.00    0.51    0.00    0.00    0.00   71.03
23:03:25     all   23.99    0.00    2.02    0.00    0.00    1.26    0.00    0.00    0.00   72.73
23:03:26     all   28.10    0.00    2.53    0.25    0.00    0.76    0.00    0.00    0.00   68.35
23:03:27     all   26.21    0.00    1.78    0.00    0.00    0.51    0.00    0.00    0.00   71.50
23:03:28     all   26.97    0.00    2.04    0.00    0.00    0.76    0.00    0.00    0.00   70.23
23:03:29     all   22.17    0.00    2.02    0.00    0.00    1.01    0.00    0.00    0.00   74.81
23:03:30     all   25.26    0.00    2.30    0.00    0.00    0.51    0.00    0.00    0.00   71.94
23:03:31     all   27.62    0.00    1.28    0.26    0.00    1.02    0.00    0.00    0.00   69.82
23:03:32     all   30.73    0.00    1.76    0.00    0.00    0.50    0.00    0.00    0.00   67.00
23:03:33     all   24.62    0.00    2.82    0.00    0.00    1.03    0.00    0.00    0.00   71.54
23:03:34     all   30.10    0.00    1.28    0.00    0.00    0.51    0.00    0.00    0.00   68.11
23:03:35     all   28.35    0.00    1.27    0.00    0.00    1.01    0.00    0.00    0.00   69.37
23:03:36     all   24.49    0.00    2.27    0.00    0.00    0.25    0.00    0.00    0.00   72.98
23:03:37     all   26.21    0.00    2.04    0.25    0.00    1.02    0.00    0.00    0.00   70.48
23:03:38     all   32.99    0.00    2.28    0.00    0.00    0.51    0.00    0.00    0.00   64.21
23:03:39     all   26.08    0.00    2.03    0.00    0.00    1.27    0.00    0.00    0.00   70.63
23:03:40     all   22.76    0.00    2.30    0.00    0.00    0.26    0.00    0.00    0.00   74.68
23:03:41     all   29.04    0.00    1.26    0.00    0.00    1.01    0.00    0.00    0.00   68.69
23:03:42     all   22.03    0.00    2.28    0.51    0.00    0.76    0.00    0.00    0.00   74.43
23:03:43     all   27.02    0.00    2.27    0.00    0.00    1.01    0.00    0.00    0.00   69.70
23:03:44     all   28.90    0.00    1.53    0.00    0.00    0.51    0.00    0.00    0.00   69.05
23:03:45     all   23.10    0.00    2.03    0.00    0.00    0.76    0.00    0.00    0.00   74.11
23:03:46     all   25.45    0.00    2.04    0.00    0.00    0.25    0.00    0.00    0.00   72.26
23:03:47     all   22.84    0.00    2.28    0.00    0.00    1.02    0.00    0.00    0.00   73.86
23:03:48     all   26.21    0.00    2.04    0.25    0.00    0.76    0.00    0.00    0.00   70.74
23:03:49     all   23.86    0.00    1.78    0.00    0.00    1.02    0.00    0.00    0.00   73.35
23:03:50     all   29.70    0.00    1.27    0.00    0.00    0.76    0.00    0.00    0.00   68.27
23:03:51     all   26.15    0.00    2.05    0.00    0.00    0.26    0.00    0.00    0.00   71.54
23:03:52     all   22.42    0.00    1.76    0.00    0.00    1.26    0.00    0.00    0.00   74.56
23:03:53     all   24.87    0.00    2.03    0.51    0.00    0.51    0.00    0.00    0.00   72.08
23:03:54     all   23.47    0.00    1.79    0.00    0.00    1.28    0.00    0.00    0.00   73.47
23:03:55     all   22.22    0.00    2.27    0.00    0.00    0.76    0.00    0.00    0.00   74.75
23:03:56     all   26.77    0.00    2.27    0.00    0.00    0.76    0.00    0.00    0.00   70.20
23:03:57     all   22.03    0.00    2.03    0.00    0.00    0.76    0.00    0.00    0.00   75.19
23:03:58     all   24.17    0.00    1.78    0.00    0.00    0.76    0.00    0.00    0.00   73.28
23:03:59     all   30.96    0.00    2.03    0.00    0.00    0.76    0.00    0.00    0.00   66.24
23:04:00     all   24.56    0.00    1.52    0.00    0.00    0.76    0.00    0.00    0.00   73.16
23:04:01     all   23.87    0.00    3.27    0.00    0.00    0.75    0.00    0.00    0.00   72.11
23:04:02     all   22.86    0.00    2.51    0.00    0.00    0.75    0.00    0.00    0.00   73.87
23:04:03     all   22.70    0.00    1.79    0.00    0.00    1.02    0.00    0.00    0.00   74.49
23:04:04     all   33.59    0.00    1.52    0.00    0.00    0.51    0.00    0.00    0.00   64.39
23:04:05     all   24.24    0.00    2.02    0.00    0.00    1.01    0.00    0.00    0.00   72.73
23:04:06     all   22.37    0.00    2.06    0.00    0.00    1.03    0.00    0.00    0.00   74.55
23:04:07     all   23.02    0.00    1.53    0.00    0.00    0.26    0.00    0.00    0.00   75.19
23:04:08     all   25.13    0.00    2.03    0.25    0.00    0.76    0.00    0.00    0.00   71.83
23:04:09     all   23.04    0.00    1.77    0.00    0.00    1.27    0.00    0.00    0.00   73.92
23:04:10     all   29.08    0.00    2.04    0.00    0.00    0.26    0.00    0.00    0.00   68.62
23:04:11     all   22.08    0.00    1.78    0.00    0.00    1.27    0.00    0.00    0.00   74.87
23:04:12     all   27.88    0.00    2.05    0.00    0.00    0.77    0.00    0.00    0.00   69.31
23:04:13     all   24.69    0.00    2.52    0.00    0.00    0.25    0.00    0.00    0.00   72.54
23:04:14     all   22.22    0.00    2.02    0.00    0.00    0.76    0.00    0.00    0.00   75.00
23:04:15     all   27.81    0.00    2.30    0.00    0.00    1.02    0.00    0.00    0.00   68.88
23:04:16     all   28.90    0.00    2.30    0.00    0.00    0.26    0.00    0.00    0.00   68.54
23:04:17     all   29.74    0.00    2.31    0.00    0.00    0.77    0.00    0.00    0.00   67.18
23:04:18     all   24.37    0.00    2.28    0.00    0.00    1.02    0.00    0.00    0.00   72.34
23:04:19     all   29.37    0.00    2.28    0.00    0.00    0.51    0.00    0.00    0.00   67.85
23:04:20     all   24.05    0.00    1.77    0.25    0.00    0.51    0.00    0.00    0.00   73.42
23:04:21     all   25.45    0.00    2.29    0.00    0.00    1.02    0.00    0.00    0.00   71.25
23:04:22     all   25.00    0.00    3.57    0.00    0.00    0.77    0.00    0.00    0.00   70.66
23:04:23     all   24.74    0.00    2.30    0.00    0.00    1.02    0.00    0.00    0.00   71.94
23:04:24     all   32.91    0.00    2.04    0.00    0.00    0.26    0.00    0.00    0.00   64.80
23:04:25     all   25.25    0.00    2.02    0.25    0.00    0.51    0.00    0.00    0.00   71.97
23:04:26     all   26.09    0.00    1.53    0.00    0.00    1.02    0.00    0.00    0.00   71.36
23:04:27     all   22.78    0.00    2.78    0.00    0.00    1.01    0.00    0.00    0.00   73.42
23:04:28     all   26.65    0.00    1.02    0.00    0.00    0.76    0.00    0.00    0.00   71.57
23:04:29     all   27.99    0.00    1.78    0.00    0.00    0.76    0.00    0.00    0.00   69.47
23:04:30     all   23.17    0.00    2.02    0.00    0.00    0.50    0.00    0.00    0.00   74.31
23:04:31     all   23.47    0.00    2.04    0.00    0.00    0.77    0.00    0.00    0.00   73.72
23:04:32     all   23.98    0.00    2.04    0.00    0.00    1.28    0.00    0.00    0.00   72.70
23:04:33     all   27.41    0.00    3.05    0.25    0.00    0.51    0.00    0.00    0.00   68.78
23:04:34     all   28.50    0.00    2.04    0.00    0.00    0.51    0.00    0.00    0.00   68.96
23:04:35     all   26.08    0.00    2.03    0.00    0.00    0.51    0.00    0.00    0.00   71.39
23:04:36     all   23.02    0.00    2.30    0.00    0.00    0.77    0.00    0.00    0.00   73.91
23:04:37     all   27.09    0.00    2.03    0.00    0.00    0.76    0.00    0.00    0.00   70.13
23:04:38     all   26.90    0.00    1.78    0.00    0.00    0.76    0.00    0.00    0.00   70.56
23:04:39     all   24.43    0.00    2.04    0.00    0.00    1.02    0.00    0.00    0.00   72.52
23:04:40     all   28.72    0.00    2.05    0.00    0.00    0.26    0.00    0.00    0.00   68.97
23:04:41     all   27.48    0.00    1.53    0.00    0.00    0.76    0.00    0.00    0.00   70.23
23:04:42     all   26.79    0.00    2.30    0.00    0.00    0.77    0.00    0.00    0.00   70.15
23:04:43     all   25.25    0.00    2.02    0.00    0.00    1.01    0.00    0.00    0.00   71.72
23:04:44     all   34.17    0.00    2.01    0.00    0.00    1.01    0.00    0.00    0.00   62.81
23:04:45     all   26.28    0.00    2.04    0.00    0.00    0.51    0.00    0.00    0.00   71.17
23:04:46     all   22.90    0.00    1.78    0.00    0.00    0.76    0.00    0.00    0.00   74.55
23:04:47     all   23.74    0.00    2.02    0.00    0.00    1.01    0.00    0.00    0.00   73.23
23:04:48     all   22.90    0.00    1.78    0.00    0.00    0.76    0.00    0.00    0.00   74.55
23:04:49     all   23.86    0.00    1.78    0.25    0.00    1.02    0.00    0.00    0.00   73.10
23:04:50     all   22.17    0.00    2.77    0.00    0.00    0.50    0.00    0.00    0.00   74.56
23:04:51     all   25.19    0.00    2.04    0.00    0.00    0.51    0.00    0.00    0.00   72.26
23:04:52     all   27.02    0.00    2.27    0.00    0.00    1.26    0.00    0.00    0.00   69.44
23:04:53     all   27.16    0.00    1.78    0.00    0.00    0.51    0.00    0.00    0.00   70.56
23:04:54     all   25.32    0.00    1.77    0.25    0.00    0.76    0.00    0.00    0.00   71.90
23:04:55     all   29.80    0.00    2.02    0.00    0.00    0.51    0.00    0.00    0.00   67.68
23:04:56     all   24.81    0.00    1.53    0.00    0.00    0.77    0.00    0.00    0.00   72.89
23:04:57     all   24.56    0.00    1.77    0.00    0.00    0.76    0.00    0.00    0.00   72.91
23:04:58     all   24.87    0.00    2.28    0.00    0.00    0.76    0.00    0.00    0.00   72.08
23:04:59     all   23.54    0.00    1.77    0.00    0.00    0.76    0.00    0.00    0.00   73.92
23:05:00     all   23.48    0.00    2.02    0.00    0.00    0.25    0.00    0.00    0.00   74.24
23:05:01     all   23.14    0.00    2.31    0.00    0.00    0.51    0.00    0.00    0.00   74.04
23:05:02     all   23.54    0.00    2.53    0.51    0.00    1.27    0.00    0.00    0.00   72.15
23:05:03     all   31.65    0.00    1.27    0.00    0.00    0.51    0.00    0.00    0.00   66.58
23:05:04     all   27.18    0.00    2.31    0.00    0.00    0.26    0.00    0.00    0.00   70.26
23:05:05     all   26.84    0.00    1.77    0.00    0.00    0.76    0.00    0.00    0.00   70.63
23:05:06     all   25.06    0.00    1.77    0.00    0.00    0.76    0.00    0.00    0.00   72.41
23:05:07     all   34.78    0.00    1.79    0.00    0.00    0.51    0.00    0.00    0.00   62.92
23:05:08     all   24.94    0.00    1.78    0.00    0.00    0.51    0.00    0.00    0.00   72.77
23:05:09     all   24.62    0.00    2.31    0.00    0.00    0.51    0.00    0.00    0.00   72.56
23:05:10     all   24.37    0.00    2.26    0.00    0.00    1.01    0.00    0.00    0.00   72.36
23:05:11     all   27.23    0.00    1.78    0.00    0.00    0.76    0.00    0.00    0.00   70.23
23:05:12     all   32.41    0.00    1.52    0.00    0.00    0.76    0.00    0.00    0.00   65.32
23:05:13     all   25.13    0.00    1.78    0.00    0.00    1.02    0.00    0.00    0.00   72.08
23:05:14     all   25.82    0.00    2.03    0.25    0.00    0.76    0.00    0.00    0.00   71.14
23:05:15     all   25.88    0.00    1.51    0.00    0.00    1.01    0.00    0.00    0.00   71.61
23:05:16     all   29.34    0.00    2.55    0.00    0.00    0.77    0.00    0.00    0.00   67.35
23:05:17     all   27.78    0.00    2.27    0.00    0.00    1.01    0.00    0.00    0.00   68.94
23:05:18     all   22.96    0.00    1.53    0.00    0.00    0.51    0.00    0.00    0.00   75.00
23:05:19     all   24.05    0.00    2.28    0.00    0.00    0.76    0.00    0.00    0.00   72.91
23:05:20     all   24.18    0.00    1.76    0.00    0.00    0.76    0.00    0.00    0.00   73.30
23:05:21     all   31.11    0.00    1.03    0.00    0.00    0.77    0.00    0.00    0.00   67.10
23:05:22     all   24.62    0.00    3.81    0.00    0.00    1.02    0.00    0.00    0.00   70.56
23:05:23     all   23.12    0.00    2.51    0.00    0.00    0.50    0.00    0.00    0.00   73.87
23:05:24     all   16.96    0.00    0.76    0.51    0.00    0.51    0.00    0.00    0.00   81.27
23:05:25     all   21.57    0.00    2.54    0.00    0.00    0.51    0.00    0.00    0.00   75.38
23:05:26     all   26.67    0.00    1.54    0.00    0.00    0.51    0.00    0.00    0.00   71.28
23:05:27     all   24.18    0.00    2.52    0.00    0.00    1.01    0.00    0.00    0.00   72.29
23:05:28     all   23.45    0.00    2.06    0.00    0.00    0.77    0.00    0.00    0.00   73.71
23:05:29     all   30.73    0.00    1.76    0.00    0.00    1.26    0.00    0.00    0.00   66.25
23:05:30     all   28.43    0.00    2.03    0.00    0.00    0.25    0.00    0.00    0.00   69.29
23:05:31     all   26.97    0.00    2.04    0.00    0.00    1.02    0.00    0.00    0.00   69.97
23:05:32     all   25.00    0.00    2.30    0.00    0.00    0.77    0.00    0.00    0.00   71.94
23:05:33     all   22.45    0.00    2.04    0.26    0.00    0.77    0.00    0.00    0.00   74.49
23:05:34     all   22.51    0.00    1.79    0.00    0.00    0.77    0.00    0.00    0.00   74.94
23:05:35     all   24.94    0.00    2.54    0.00    0.00    1.02    0.00    0.00    0.00   71.50
23:05:36     all   32.58    0.00    2.02    0.00    0.00    1.01    0.00    0.00    0.00   64.39
23:05:37     all   28.06    0.00    1.53    0.00    0.00    0.51    0.00    0.00    0.00   69.90
23:05:38     all   27.37    0.00    1.79    0.00    0.00    1.02    0.00    0.00    0.00   69.82
23:05:39     all   24.75    0.00    2.27    0.00    0.00    0.51    0.00    0.00    0.00   72.47
23:05:40     all   24.62    0.00    2.54    0.00    0.00    0.76    0.00    0.00    0.00   72.08
23:05:41     all   24.87    0.00    1.54    0.00    0.00    0.51    0.00    0.00    0.00   73.08
23:05:42     all   28.46    0.00    2.77    0.00    0.00    1.01    0.00    0.00    0.00   67.76
23:05:43     all   28.57    0.00    2.04    0.00    0.00    1.02    0.00    0.00    0.00   68.37
23:05:44     all   22.90    0.00    2.04    0.00    0.00    0.51    0.00    0.00    0.00   74.55
23:05:45     all   25.77    0.00    2.04    0.00    0.00    1.02    0.00    0.00    0.00   71.17
23:05:46     all   22.86    0.00    2.26    0.25    0.00    0.75    0.00    0.00    0.00   73.87
23:05:47     all   28.54    0.00    2.27    0.00    0.00    1.01    0.00    0.00    0.00   68.18
23:05:48     all   25.32    0.00    1.79    0.00    0.00    0.51    0.00    0.00    0.00   72.38
23:05:49     all   29.55    0.00    2.27    0.00    0.00    1.26    0.00    0.00    0.00   66.92
23:05:50     all   29.19    0.00    1.78    0.00    0.00    0.51    0.00    0.00    0.00   68.53
23:05:51     all   24.74    0.00    2.30    0.26    0.00    0.77    0.00    0.00    0.00   71.94
23:05:52     all   26.21    0.00    2.54    0.00    0.00    0.76    0.00    0.00    0.00   70.48
23:05:53     all   28.61    0.00    1.77    0.00    0.00    0.76    0.00    0.00    0.00   68.86
23:05:54     all   23.54    0.00    1.77    0.00    0.00    1.01    0.00    0.00    0.00   73.67
23:05:55     all   24.81    0.00    1.79    0.00    0.00    0.51    0.00    0.00    0.00   72.89
23:05:56     all   24.56    0.00    2.28    0.00    0.00    0.76    0.00    0.00    0.00   72.41
23:05:57     all   23.48    0.00    2.02    0.00    0.00    1.01    0.00    0.00    0.00   73.48
23:05:58     all   15.08    0.00    1.26    0.00    0.00    0.25    0.00    0.00    0.00   83.42
23:05:59     all    0.00    0.00    0.00    0.00    0.00    0.00    0.00    0.00    0.00  100.00
23:06:00     all    0.00    0.00    0.00    0.00    0.00    0.00    0.00    0.00    0.00  100.00
23:06:01     all    0.00    0.00    0.25    0.50    0.00    0.00    0.00    0.00    0.00   99.25
23:06:02     all    0.00    0.00    0.00    0.00    0.00    0.00    0.00    0.00    0.00  100.00
23:06:03     all   11.31    0.00    0.75    0.00    0.00    0.75    0.00    0.00    0.00   87.19
23:06:04     all   25.00    0.00    1.52    0.00    0.00    1.01    0.00    0.00    0.00   72.47
23:06:05     all   35.04    0.00    1.79    0.00    0.00    0.77    0.00    0.00    0.00   62.40
23:06:06     all   32.32    0.00    2.02    0.00    0.00    0.76    0.00    0.00    0.00   64.90
23:06:07     all   24.87    0.00    2.28    0.00    0.00    0.76    0.00    0.00    0.00   72.08
23:06:08     all   24.81    0.00    2.28    0.00    0.00    0.76    0.00    0.00    0.00   72.15
23:06:09     all   22.03    0.00    2.28    0.00    0.00    0.51    0.00    0.00    0.00   75.19
23:06:10     all   23.66    0.00    1.78    0.00    0.00    0.51    0.00    0.00    0.00   74.05
23:06:11     all   28.39    0.00    2.51    0.25    0.00    1.01    0.00    0.00    0.00   67.84
23:06:12     all   32.32    0.00    2.04    0.00    0.00    0.76    0.00    0.00    0.00   64.89
23:06:13     all   29.26    0.00    1.27    0.00    0.00    1.27    0.00    0.00    0.00   68.19
23:06:14     all   27.69    0.00    1.54    0.00    0.00    0.26    0.00    0.00    0.00   70.51
23:06:15     all   23.93    0.00    2.02    0.00    0.00    1.01    0.00    0.00    0.00   73.05
23:06:16     all   22.70    0.00    1.79    0.00    0.00    0.51    0.00    0.00    0.00   75.00
23:06:17     all   27.04    0.00    1.79    0.00    0.00    0.51    0.00    0.00    0.00   70.66
23:06:18     all   21.83    0.00    2.54    0.00    0.00    0.76    0.00    0.00    0.00   74.87
23:06:19     all   24.94    0.00    1.02    0.00    0.00    0.76    0.00    0.00    0.00   73.28
23:06:20     all   30.98    0.00    2.52    0.00    0.00    0.76    0.00    0.00    0.00   65.74
23:06:21     all   22.51    0.00    2.30    0.26    0.00    0.51    0.00    0.00    0.00   74.42
23:06:22     all   23.35    0.00    3.05    0.00    0.00    1.02    0.00    0.00    0.00   72.59
23:06:23     all   25.82    0.00    2.03    0.00    0.00    1.27    0.00    0.00    0.00   70.89
23:06:24     all   23.65    0.00    1.80    0.00    0.00    0.26    0.00    0.00    0.00   74.29
23:06:25     all   24.04    0.00    2.05    0.00    0.00    1.02    0.00    0.00    0.00   72.89
23:06:26     all   27.18    0.00    1.79    0.00    0.00    0.51    0.00    0.00    0.00   70.51
23:06:27     all   34.51    0.00    2.02    0.25    0.00    1.01    0.00    0.00    0.00   62.22
23:06:28     all   23.35    0.00    1.78    0.00    0.00    0.76    0.00    0.00    0.00   74.11
23:06:29     all   22.53    0.00    2.28    0.00    0.00    1.01    0.00    0.00    0.00   74.18
23:06:30     all   32.06    0.00    2.04    0.00    0.00    0.76    0.00    0.00    0.00   65.14
23:06:31     all   24.43    0.00    1.78    0.00    0.00    1.02    0.00    0.00    0.00   72.77
23:06:32     all   28.32    0.00    1.53    0.00    0.00    0.51    0.00    0.00    0.00   69.64
23:06:33     all   21.68    0.00    1.79    0.00    0.00    1.28    0.00    0.00    0.00   75.26
23:06:34     all   32.66    0.00    2.03    0.00    0.00    0.76    0.00    0.00    0.00   64.56
23:06:35     all   24.23    0.00    1.79    0.00    0.00    0.77    0.00    0.00    0.00   73.21
23:06:36     all   28.03    0.00    1.01    0.00    0.00    0.51    0.00    0.00    0.00   70.45
23:06:37     all   26.20    0.00    2.52    0.00    0.00    0.76    0.00    0.00    0.00   70.53
23:06:38     all   25.52    0.00    1.55    0.00    0.00    0.26    0.00    0.00    0.00   72.68
23:06:39     all   27.02    0.00    2.02    0.00    0.00    1.26    0.00    0.00    0.00   69.70
23:06:40     all   32.49    0.00    2.54    0.00    0.00    0.76    0.00    0.00    0.00   64.21
23:06:41     all   27.09    0.00    2.03    0.00    0.00    0.76    0.00    0.00    0.00   70.13
23:06:42     all   29.77    0.00    1.27    0.00    0.00    0.25    0.00    0.00    0.00   68.70
23:06:43     all   29.19    0.00    1.78    0.00    0.00    0.76    0.00    0.00    0.00   68.27
23:06:44     all   24.62    0.00    1.79    0.00    0.00    0.77    0.00    0.00    0.00   72.82
23:06:45     all   28.10    0.00    1.52    0.51    0.00    1.01    0.00    0.00    0.00   68.86
23:06:46     all   27.37    0.00    1.79    0.00    0.00    0.51    0.00    0.00    0.00   70.33
23:06:47     all   25.06    0.00    1.50    0.00    0.00    1.50    0.00    0.00    0.00   71.93
23:06:48     all   26.40    0.00    1.78    0.00    0.00    0.76    0.00    0.00    0.00   71.07
23:06:49     all   24.62    0.00    1.78    0.00    0.00    0.76    0.00    0.00    0.00   72.84
23:06:50     all   30.30    0.00    2.53    0.25    0.00    0.76    0.00    0.00    0.00   66.16
23:06:51     all   25.06    0.00    1.52    0.00    0.00    1.01    0.00    0.00    0.00   72.41
23:06:52     all   27.37    0.00    2.30    0.00    0.00    0.77    0.00    0.00    0.00   69.57
23:06:53     all   27.27    0.00    1.77    0.00    0.00    0.76    0.00    0.00    0.00   70.20
23:06:54     all   26.21    0.00    2.29    0.00    0.00    0.51    0.00    0.00    0.00   70.99
23:06:55     all   28.35    0.00    2.03    0.00    0.00    0.51    0.00    0.00    0.00   69.11
23:06:56     all   25.38    0.00    2.03    0.00    0.00    0.76    0.00    0.00    0.00   71.83
23:06:57     all   33.25    0.00    1.76    0.00    0.00    1.01    0.00    0.00    0.00   63.98
23:06:58     all   36.13    0.00    1.53    0.00    0.00    0.51    0.00    0.00    0.00   61.83
23:06:59     all   26.46    0.00    2.04    0.00    0.00    0.51    0.00    0.00    0.00   70.99
23:07:00     all   28.32    0.00    2.04    0.26    0.00    0.51    0.00    0.00    0.00   68.88
23:07:01     all   28.06    0.00    2.04    0.00    0.00    1.28    0.00    0.00    0.00   68.62
23:07:02     all   26.58    0.00    1.77    0.00    0.00    1.01    0.00    0.00    0.00   70.63
23:07:03     all   24.37    0.00    2.03    0.00    0.00    0.51    0.00    0.00    0.00   73.10
23:07:04     all   23.92    0.00    2.54    0.00    0.00    0.76    0.00    0.00    0.00   72.77
23:07:05     all   24.17    0.00    2.54    0.00    0.00    0.76    0.00    0.00    0.00   72.52
23:07:06     all   26.33    0.00    2.28    0.00    0.00    1.01    0.00    0.00    0.00   70.38
23:07:07     all   24.36    0.00    2.31    0.00    0.00    0.51    0.00    0.00    0.00   72.82
23:07:08     all   24.49    0.00    2.02    0.00    0.00    1.01    0.00    0.00    0.00   72.47
23:07:09     all   35.79    0.00    1.02    0.00    0.00    1.02    0.00    0.00    0.00   62.18
23:07:10     all   27.18    0.00    2.31    0.00    0.00    0.51    0.00    0.00    0.00   70.00
23:07:11     all   22.53    0.00    2.28    0.00    0.00    1.52    0.00    0.00    0.00   73.67
23:07:12     all   26.33    0.00    2.03    0.25    0.00    0.51    0.00    0.00    0.00   70.89
23:07:13     all   27.41    0.00    2.28    0.00    0.00    1.27    0.00    0.00    0.00   69.04
23:07:14     all   26.46    0.00    2.29    0.00    0.00    0.51    0.00    0.00    0.00   70.74
23:07:15     all   30.05    0.00    1.77    0.00    0.00    1.01    0.00    0.00    0.00   67.17
23:07:16     all   24.55    0.00    1.53    0.00    0.00    0.77    0.00    0.00    0.00   73.15
23:07:17     all   25.82    0.00    2.53    0.00    0.00    0.51    0.00    0.00    0.00   71.14
23:07:18     all   25.45    0.00    2.04    0.00    0.00    1.02    0.00    0.00    0.00   71.50
23:07:19     all   28.06    0.00    2.04    0.00    0.00    0.77    0.00    0.00    0.00   69.13
23:07:20     all   22.39    0.00    2.29    0.00    0.00    0.76    0.00    0.00    0.00   74.55
23:07:21     all   22.31    0.00    2.05    0.00    0.00    0.51    0.00    0.00    0.00   75.13
23:07:22     all   27.69    0.00    3.33    0.00    0.00    1.28    0.00    0.00    0.00   67.69
23:07:23     all   14.43    0.00    1.01    0.51    0.00    0.00    0.00    0.00    0.00   84.05
23:07:24     all    0.00    0.00    0.00    0.00    0.00    0.00    0.00    0.00    0.00  100.00
23:07:25     all    0.00    0.00    0.00    0.00    0.00    0.00    0.00    0.00    0.00  100.00
23:07:26     all    0.00    0.00    0.00    0.00    0.00    0.00    0.00    0.00    0.00  100.00
23:07:27     all    0.00    0.00    0.00    0.00    0.00    0.00    0.00    0.00    0.00  100.00
23:07:28     all   14.54    0.00    1.00    0.00    0.00    0.50    0.00    0.00    0.00   83.96
23:07:29     all   26.14    0.00    1.52    0.00    0.00    0.76    0.00    0.00    0.00   71.57
23:07:30     all   22.59    0.00    2.54    0.00    0.00    0.76    0.00    0.00    0.00   74.11
23:07:31     all   29.77    0.00    1.53    0.00    0.00    0.76    0.00    0.00    0.00   67.94
23:07:32     all   22.14    0.00    2.29    0.00    0.00    0.76    0.00    0.00    0.00   74.81
23:07:33     all   24.87    0.00    2.28    0.00    0.00    0.51    0.00    0.00    0.00   72.34
23:07:34     all   24.81    0.00    1.79    0.26    0.00    0.77    0.00    0.00    0.00   72.38
23:07:35     all   28.89    0.00    2.51    0.00    0.00    1.01    0.00    0.00    0.00   67.59
23:07:36     all   22.82    0.00    1.79    0.00    0.00    0.00    0.00    0.00    0.00   75.38
23:07:37     all   24.37    0.00    2.28    0.00    0.00    1.02    0.00    0.00    0.00   72.34
23:07:38     all   26.77    0.00    2.02    0.00    0.00    0.76    0.00    0.00    0.00   70.45
23:07:39     all   24.81    0.00    2.03    0.25    0.00    1.27    0.00    0.00    0.00   71.65
23:07:40     all   20.05    0.00    1.78    0.00    0.00    0.25    0.00    0.00    0.00   77.92
23:07:41     all    0.00    0.00    0.25    0.00    0.00    0.00    0.00    0.00    0.00   99.75
23:07:42     all    0.25    0.00    0.00    0.00    0.00    0.00    0.00    0.00    0.00   99.75
23:07:43     all    0.00    0.00    0.00    0.00    0.00    0.00    0.00    0.00    0.00  100.00
23:07:44     all    0.00    0.00    0.00    0.25    0.00    0.00    0.00    0.00    0.00   99.75
23:07:45     all    4.55    0.00    0.51    0.00    0.00    0.00    0.00    0.00    0.00   94.95
23:07:46     all   24.56    0.00    1.77    0.00    0.00    0.76    0.00    0.00    0.00   72.91
23:07:47     all   25.57    0.00    1.77    0.00    0.00    1.27    0.00    0.00    0.00   71.39
23:07:48     all   26.34    0.00    2.05    0.00    0.00    0.51    0.00    0.00    0.00   71.10
23:07:49     all   24.11    0.00    1.52    0.00    0.00    1.27    0.00    0.00    0.00   73.10
23:07:50     all   27.27    0.00    2.27    0.25    0.00    0.25    0.00    0.00    0.00   69.95
23:07:51     all   26.58    0.00    2.03    0.00    0.00    0.76    0.00    0.00    0.00   70.63
23:07:52     all   21.79    0.00    2.31    0.00    0.00    1.28    0.00    0.00    0.00   74.62
23:07:53     all   25.63    0.00    2.03    0.00    0.00    0.25    0.00    0.00    0.00   72.08
23:07:54     all   21.57    0.00    1.78    0.00    0.00    1.02    0.00    0.00    0.00   75.63
23:07:55     all   32.14    0.00    1.79    0.00    0.00    0.77    0.00    0.00    0.00   65.31
23:07:56     all   22.03    0.00    2.53    0.00    0.00    1.01    0.00    0.00    0.00   74.43
23:07:57     all   28.68    0.00    2.54    0.00    0.00    0.76    0.00    0.00    0.00   68.02
23:07:58     all   22.73    0.00    2.53    0.00    0.00    1.26    0.00    0.00    0.00   73.48
23:07:59     all   25.19    0.00    2.04    0.00    0.00    0.51    0.00    0.00    0.00   72.26
23:08:00     all   25.63    0.00    2.54    0.25    0.00    1.02    0.00    0.00    0.00   70.56
23:08:01     all   24.43    0.00    1.78    0.00    0.00    0.51    0.00    0.00    0.00   73.28
23:08:02     all   21.94    0.00    1.28    0.00    0.00    0.77    0.00    0.00    0.00   76.02
23:08:03     all   30.56    0.00    2.53    0.00    0.00    0.76    0.00    0.00    0.00   66.16
23:08:04     all   25.95    0.00    2.04    0.00    0.00    0.51    0.00    0.00    0.00   71.50
23:08:05     all   23.48    0.00    2.02    0.25    0.00    1.26    0.00    0.00    0.00   72.98
23:08:06     all   27.27    0.00    2.02    0.00    0.00    0.76    0.00    0.00    0.00   69.95
23:08:07     all   22.78    0.00    2.53    0.00    0.00    0.76    0.00    0.00    0.00   73.92
23:08:08     all   25.45    0.00    2.04    0.00    0.00    0.51    0.00    0.00    0.00   72.01
23:08:09     all   24.30    0.00    2.28    0.00    0.00    0.76    0.00    0.00    0.00   72.66
23:08:10     all   21.43    0.00    2.30    0.26    0.00    0.77    0.00    0.00    0.00   75.26
23:08:11     all   27.48    0.00    2.04    0.00    0.00    0.76    0.00    0.00    0.00   69.72
23:08:12     all   24.81    0.00    1.53    0.00    0.00    1.02    0.00    0.00    0.00   72.63
23:08:13     all   30.38    0.00    2.53    0.00    0.00    0.76    0.00    0.00    0.00   66.33
23:08:14     all   24.11    0.00    2.28    0.00    0.00    0.76    0.00    0.00    0.00   72.84
23:08:15     all   27.34    0.00    2.03    0.00    0.00    1.01    0.00    0.00    0.00   69.62
23:08:16     all   12.66    0.00    1.01    0.00    0.00    0.25    0.00    0.00    0.00   86.08
23:08:17     all    0.00    0.00    0.00    0.00    0.00    0.00    0.00    0.00    0.00  100.00
23:08:18     all    0.00    0.00    0.00    0.00    0.00    0.00    0.00    0.00    0.00  100.00
23:08:19     all    0.00    0.00    0.00    0.00    0.00    0.00    0.00    0.00    0.00  100.00
23:08:20     all    0.00    0.00    0.00    0.00    0.00    0.00    0.00    0.00    0.00  100.00
23:08:21     all   11.78    0.00    0.75    0.00    0.00    0.25    0.00    0.00    0.00   87.22
23:08:22     all   22.65    0.00    3.05    0.00    0.00    0.76    0.00    0.00    0.00   73.54
23:08:23     all   30.28    0.00    1.27    0.00    0.00    0.51    0.00    0.00    0.00   67.94
23:08:24     all   24.94    0.00    2.04    0.00    0.00    1.02    0.00    0.00    0.00   72.01
23:08:25     all   24.37    0.00    2.03    0.25    0.00    0.76    0.00    0.00    0.00   72.59
23:08:26     all   24.69    0.00    2.02    0.00    0.00    0.50    0.00    0.00    0.00   72.80
23:08:27     all   27.48    0.00    2.04    0.00    0.00    0.76    0.00    0.00    0.00   69.72
23:08:28     all   22.14    0.00    1.53    0.00    0.00    0.76    0.00    0.00    0.00   75.57
23:08:29     all   34.52    0.00    2.28    0.00    0.00    0.76    0.00    0.00    0.00   62.44
23:08:30     all   29.77    0.00    1.02    0.00    0.00    0.51    0.00    0.00    0.00   68.70
23:08:31     all   31.46    0.00    1.53    0.00    0.00    0.77    0.00    0.00    0.00   66.24
23:08:32     all   21.83    0.00    2.03    0.00    0.00    1.02    0.00    0.00    0.00   75.13
23:08:33     all   32.66    0.00    1.77    0.00    0.00    1.01    0.00    0.00    0.00   64.56
23:08:34     all   26.65    0.00    1.52    0.00    0.00    1.02    0.00    0.00    0.00   70.81
23:08:35     all   31.04    0.00    1.78    0.00    0.00    0.51    0.00    0.00    0.00   66.67
23:08:36     all   22.42    0.00    2.02    0.00    0.00    1.01    0.00    0.00    0.00   74.56
23:08:37     all   26.08    0.00    2.03    0.25    0.00    0.51    0.00    0.00    0.00   71.14
23:08:38     all   24.43    0.00    1.78    0.00    0.00    1.02    0.00    0.00    0.00   72.77
23:08:39     all   23.21    0.00    2.30    0.00    0.00    0.26    0.00    0.00    0.00   74.23
23:08:40     all   27.81    0.00    1.79    0.00    0.00    0.77    0.00    0.00    0.00   69.64
23:08:41     all   32.49    0.00    2.02    0.00    0.00    1.26    0.00    0.00    0.00   64.23
23:08:42     all   24.81    0.00    2.05    0.00    0.00    0.77    0.00    0.00    0.00   72.38
23:08:43     all   23.72    0.00    1.79    0.26    0.00    0.51    0.00    0.00    0.00   73.72
23:08:44     all   24.75    0.00    1.77    0.00    0.00    1.01    0.00    0.00    0.00   72.47
23:08:45     all   24.04    0.00    1.79    0.00    0.00    0.77    0.00    0.00    0.00   73.40
23:08:46     all   24.12    0.00    2.26    0.00    0.00    0.50    0.00    0.00    0.00   73.12
23:08:47     all   26.41    0.00    1.54    0.00    0.00    0.77    0.00    0.00    0.00   71.28
23:08:48     all   31.98    0.00    2.03    0.00    0.00    0.51    0.00    0.00    0.00   65.48
23:08:49     all   27.14    0.00    1.51    0.00    0.00    1.01    0.00    0.00    0.00   70.35
23:08:50     all   23.10    0.00    2.54    0.00    0.00    0.51    0.00    0.00    0.00   73.86
23:08:51     all   22.08    0.00    2.03    0.00    0.00    1.02    0.00    0.00    0.00   74.87
23:08:52     all   30.53    0.00    1.53    0.00    0.00    0.76    0.00    0.00    0.00   67.18
23:08:53     all   25.70    0.00    2.54    0.00    0.00    0.76    0.00    0.00    0.00   70.99
23:08:54     all   39.59    0.00    1.78    0.00    0.00    1.02    0.00    0.00    0.00   57.61
23:08:55     all   31.90    0.00    1.77    0.25    0.00    0.25    0.00    0.00    0.00   65.82
23:08:56     all   28.50    0.00    2.04    0.00    0.00    1.02    0.00    0.00    0.00   68.45
23:08:57     all   31.04    0.00    1.02    0.00    0.00    0.25    0.00    0.00    0.00   67.68
23:08:58     all   30.13    0.00    1.77    0.00    0.00    0.76    0.00    0.00    0.00   67.34
23:08:59     all   22.65    0.00    2.54    0.00    0.00    0.76    0.00    0.00    0.00   74.05
23:09:00     all   24.75    0.00    2.78    0.25    0.00    0.51    0.00    0.00    0.00   71.72
23:09:01     all   27.04    0.00    1.02    0.00    0.00    0.77    0.00    0.00    0.00   71.17
23:09:02     all   23.10    0.00    2.28    0.00    0.00    1.02    0.00    0.00    0.00   73.60
23:09:03     all   21.23    0.00    2.05    0.26    0.00    1.02    0.00    0.00    0.00   75.45
23:09:04     all   23.72    0.00    1.79    0.00    0.00    0.77    0.00    0.00    0.00   73.72
23:09:05     all   35.79    0.00    2.28    0.25    0.00    0.00    0.00    0.00    0.00   61.68
23:09:06     all   24.81    0.00    1.52    0.00    0.00    1.27    0.00    0.00    0.00   72.41
23:09:07     all   24.43    0.00    2.80    0.00    0.00    0.76    0.00    0.00    0.00   72.01
23:09:08     all   26.58    0.00    1.52    0.00    0.00    0.51    0.00    0.00    0.00   71.39
23:09:09     all   28.54    0.00    2.02    0.00    0.00    1.26    0.00    0.00    0.00   68.18
23:09:10     all   23.14    0.00    1.29    0.00    0.00    0.51    0.00    0.00    0.00   75.06
23:09:11     all   27.41    0.00    2.54    0.00    0.00    1.52    0.00    0.00    0.00   68.53
23:09:12     all   22.28    0.00    2.03    0.00    0.00    0.76    0.00    0.00    0.00   74.94
23:09:13     all   24.62    0.00    2.28    0.00    0.00    0.51    0.00    0.00    0.00   72.59
23:09:14     all   22.19    0.00    1.79    0.00    0.00    1.02    0.00    0.00    0.00   75.00
23:09:15     all   24.17    0.00    2.04    0.00    0.00    0.51    0.00    0.00    0.00   73.28
23:09:16     all   26.84    0.00    1.77    0.25    0.00    1.27    0.00    0.00    0.00   69.87
23:09:17     all   32.83    0.00    2.02    0.00    0.00    0.25    0.00    0.00    0.00   64.90
23:09:18     all   28.13    0.00    1.02    0.00    0.00    1.28    0.00    0.00    0.00   69.57
23:09:19     all   28.10    0.00    1.52    0.00    0.00    0.76    0.00    0.00    0.00   69.62
23:09:20     all   21.72    0.00    2.02    0.00    0.00    0.51    0.00    0.00    0.00   75.76
23:09:21     all   24.62    0.00    2.05    0.00    0.00    0.77    0.00    0.00    0.00   72.56
23:09:22     all   33.08    0.00    3.03    0.00    0.00    0.76    0.00    0.00    0.00   63.13
23:09:23     all   25.13    0.00    2.31    0.00    0.00    0.77    0.00    0.00    0.00   71.79
23:09:24     all   24.55    0.00    2.05    0.00    0.00    0.77    0.00    0.00    0.00   72.63
23:09:25     all   22.59    0.00    2.03    0.00    0.00    1.02    0.00    0.00    0.00   74.37
23:09:26     all   27.23    0.00    2.04    0.00    0.00    0.76    0.00    0.00    0.00   69.97
23:09:27     all   25.19    0.00    1.76    0.00    0.00    0.76    0.00    0.00    0.00   72.29
23:09:28     all   24.04    0.00    2.56    0.00    0.00    0.51    0.00    0.00    0.00   72.89
23:09:29     all   21.72    0.00    2.78    0.00    0.00    1.26    0.00    0.00    0.00   74.24
23:09:30     all   26.97    0.00    1.27    0.00    0.00    0.51    0.00    0.00    0.00   71.25
23:09:31     all   29.55    0.00    1.77    0.00    0.00    0.76    0.00    0.00    0.00   67.93
23:09:32     all   25.00    0.00    2.30    0.26    0.00    0.77    0.00    0.00    0.00   71.68
23:09:33     all   25.00    0.00    2.02    0.00    0.00    0.76    0.00    0.00    0.00   72.22
23:09:34     all   26.34    0.00    2.05    0.00    0.00    0.51    0.00    0.00    0.00   71.10
23:09:35     all   22.14    0.00    2.29    0.00    0.00    1.02    0.00    0.00    0.00   74.55
23:09:36     all   22.53    0.00    2.03    0.00    0.00    1.27    0.00    0.00    0.00   74.18
23:09:37     all   37.85    0.00    1.79    0.00    0.00    0.26    0.00    0.00    0.00   60.10
23:09:38     all   26.58    0.00    2.28    0.00    0.00    1.01    0.00    0.00    0.00   70.13
23:09:39     all   28.32    0.00    1.79    0.00    0.00    0.77    0.00    0.00    0.00   69.13
23:09:40     all   22.19    0.00    2.55    0.00    0.00    0.51    0.00    0.00    0.00   74.74
23:09:41     all   26.21    0.00    1.27    0.00    0.00    0.76    0.00    0.00    0.00   71.76
23:09:42     all   24.94    0.00    2.77    0.25    0.00    1.01    0.00    0.00    0.00   71.03
23:09:43     all   22.14    0.00    2.29    0.00    0.00    0.51    0.00    0.00    0.00   75.06
23:09:44     all   25.70    0.00    1.53    0.25    0.00    0.76    0.00    0.00    0.00   71.76
23:09:45     all   25.13    0.00    2.54    0.00    0.00    0.76    0.00    0.00    0.00   71.57
23:09:46     all   28.79    0.00    1.52    0.00    0.00    0.76    0.00    0.00    0.00   68.94
23:09:47     all   25.13    0.00    2.28    0.25    0.00    0.76    0.00    0.00    0.00   71.57
23:09:48     all    1.51    0.00    0.25    0.00    0.00    0.00    0.00    0.00    0.00   98.24
23:09:49     all    0.25    0.00    0.00    0.00    0.00    0.00    0.00    0.00    0.00   99.75
23:09:50     all    0.00    0.00    0.00    0.00    0.00    0.00    0.00    0.00    0.00  100.00
23:09:51     all    0.00    0.00    0.25    0.00    0.00    0.00    0.00    0.00    0.00   99.75
23:09:52     all    0.00    0.00    0.25    0.00    0.00    0.00    0.00    0.00    0.00   99.75
23:09:53     all   24.94    0.00    1.27    0.00    0.00    1.02    0.00    0.00    0.00   72.77
23:09:54     all   28.28    0.00    2.02    0.00    0.00    1.01    0.00    0.00    0.00   68.69
23:09:55     all   24.43    0.00    2.54    0.00    0.00    0.76    0.00    0.00    0.00   72.26
23:09:56     all   22.70    0.00    1.79    0.00    0.00    0.77    0.00    0.00    0.00   74.74
23:09:57     all   23.92    0.00    2.04    0.25    0.00    0.51    0.00    0.00    0.00   73.28
23:09:58     all   24.23    0.00    2.30    0.00    0.00    1.28    0.00    0.00    0.00   72.19
23:09:59     all   32.91    0.00    1.53    0.00    0.00    1.02    0.00    0.00    0.00   64.54
23:10:00     all   24.74    0.00    2.04    0.00    0.00    0.77    0.00    0.00    0.00   72.45
23:10:01     all   30.53    0.00    1.78    0.00    0.00    0.76    0.00    0.00    0.00   66.92
23:10:02     all   23.80    0.00    1.77    0.76    0.00    1.01    0.00    0.00    0.00   72.66
23:10:03     all   30.03    0.00    1.78    0.00    0.00    1.02    0.00    0.00    0.00   67.18
23:10:04     all   27.92    0.00    2.03    0.00    0.00    0.51    0.00    0.00    0.00   69.54
23:10:05     all   44.53    0.00    1.78    0.00    0.00    0.76    0.00    0.00    0.00   52.93
23:10:06     all   22.78    0.00    1.77    0.00    0.00    1.01    0.00    0.00    0.00   74.43
23:10:07     all   22.56    0.00    2.56    0.00    0.00    0.77    0.00    0.00    0.00   74.10
23:10:08     all   24.87    0.00    2.05    0.00    0.00    0.77    0.00    0.00    0.00   72.31
23:10:09     all   31.65    0.00    1.77    0.00    0.00    0.76    0.00    0.00    0.00   65.82
23:10:10     all   26.92    0.00    1.28    0.00    0.00    0.77    0.00    0.00    0.00   71.03
23:10:11     all   24.62    0.00    2.79    0.00    0.00    0.76    0.00    0.00    0.00   71.83
23:10:12     all   29.52    0.00    1.53    0.00    0.00    0.51    0.00    0.00    0.00   68.45
23:10:13     all   23.86    0.00    2.03    0.00    0.00    0.76    0.00    0.00    0.00   73.35
23:10:14     all   24.55    0.00    2.30    0.00    0.00    0.51    0.00    0.00    0.00   72.63
23:10:15     all   22.28    0.00    1.77    0.00    0.00    0.76    0.00    0.00    0.00   75.19
23:10:16     all   22.73    0.00    2.02    0.00    0.00    0.76    0.00    0.00    0.00   74.49
23:10:17     all   30.36    0.00    1.79    0.00    0.00    0.77    0.00    0.00    0.00   67.09
23:10:18     all   24.23    0.00    2.30    0.00    0.00    0.51    0.00    0.00    0.00   72.96
23:10:19     all   29.55    0.00    1.52    0.00    0.00    1.01    0.00    0.00    0.00   67.93
23:10:20     all   24.24    0.00    2.27    0.00    0.00    1.26    0.00    0.00    0.00   72.22
23:10:21     all   27.16    0.00    2.54    0.00    0.00    0.51    0.00    0.00    0.00   69.80
23:10:22     all   26.28    0.00    2.04    0.00    0.00    1.02    0.00    0.00    0.00   70.66
23:10:23     all   27.59    0.00    2.03    0.25    0.00    0.51    0.00    0.00    0.00   69.62
23:10:24     all   21.94    0.00    2.81    0.00    0.00    1.02    0.00    0.00    0.00   74.23
23:10:25     all   24.69    0.00    2.77    0.00    0.00    1.26    0.00    0.00    0.00   71.28
23:10:26     all   21.48    0.00    2.30    0.00    0.00    1.28    0.00    0.00    0.00   74.94
23:10:27     all   29.92    0.00    1.53    0.00    0.00    0.77    0.00    0.00    0.00   67.77
23:10:28     all   30.56    0.00    1.77    0.00    0.00    0.76    0.00    0.00    0.00   66.92
23:10:29     all   24.43    0.00    2.04    0.00    0.00    1.02    0.00    0.00    0.00   72.52
23:10:30     all   29.55    0.00    1.26    0.00    0.00    1.01    0.00    0.00    0.00   68.18
23:10:31     all   23.98    0.00    1.53    0.00    0.00    0.51    0.00    0.00    0.00   73.98
23:10:32     all   36.80    0.00    1.52    0.00    0.00    0.76    0.00    0.00    0.00   60.91
23:10:33     all   27.78    0.00    1.52    0.25    0.00    1.01    0.00    0.00    0.00   69.44
23:10:34     all   21.68    0.00    2.30    0.00    0.00    0.77    0.00    0.00    0.00   75.26
23:10:35     all   25.00    0.00    2.02    0.00    0.00    1.01    0.00    0.00    0.00   71.97
23:10:36     all   29.37    0.00    2.28    0.00    0.00    0.76    0.00    0.00    0.00   67.59
23:10:37     all   26.58    0.00    2.03    0.00    0.00    1.27    0.00    0.00    0.00   70.13
23:10:38     all   26.21    0.00    2.29    0.00    0.00    0.76    0.00    0.00    0.00   70.74
23:10:39     all   23.04    0.00    2.28    0.25    0.00    0.51    0.00    0.00    0.00   73.92
23:10:40     all   29.19    0.00    1.78    0.00    0.00    1.02    0.00    0.00    0.00   68.02
23:10:41     all   26.88    0.00    2.76    0.00    0.00    0.50    0.00    0.00    0.00   69.85
23:10:42     all   27.02    0.00    1.52    0.00    0.00    0.76    0.00    0.00    0.00   70.71
23:10:43     all   25.13    0.00    2.54    0.00    0.00    1.02    0.00    0.00    0.00   71.32
23:10:44     all   22.45    0.00    1.53    0.00    0.00    1.02    0.00    0.00    0.00   75.00
23:10:45     all   24.87    0.00    2.03    0.51    0.00    0.25    0.00    0.00    0.00   72.34
23:10:46     all   22.53    0.00    2.03    0.00    0.00    1.01    0.00    0.00    0.00   74.43
23:10:47     all   30.10    0.00    2.04    0.00    0.00    0.51    0.00    0.00    0.00   67.35
23:10:48     all   23.92    0.00    2.29    0.00    0.00    0.51    0.00    0.00    0.00   73.28
23:10:49     all   30.10    0.00    2.04    0.00    0.00    0.51    0.00    0.00    0.00   67.35
23:10:50     all   27.59    0.00    2.03    0.00    0.00    1.01    0.00    0.00    0.00   69.37
23:10:51     all   27.88    0.00    1.79    0.00    0.00    0.51    0.00    0.00    0.00   69.82
23:10:52     all   28.35    0.00    2.53    0.00    0.00    0.76    0.00    0.00    0.00   68.35
23:10:53     all   30.71    0.00    1.78    0.00    0.00    0.51    0.00    0.00    0.00   67.01
23:10:54     all   27.14    0.00    2.01    0.00    0.00    1.01    0.00    0.00    0.00   69.85
23:10:55     all   28.17    0.00    1.52    0.00    0.00    1.02    0.00    0.00    0.00   69.29
23:10:56     all   24.55    0.00    2.81    0.00    0.00    0.77    0.00    0.00    0.00   71.87
23:10:57     all   23.02    0.00    2.30    0.00    0.00    1.28    0.00    0.00    0.00   73.40
23:10:58     all   24.81    0.00    2.78    0.00    0.00    0.76    0.00    0.00    0.00   71.65
23:10:59     all   24.23    0.00    1.79    0.00    0.00    0.77    0.00    0.00    0.00   73.21
23:11:00     all   26.33    0.00    2.03    0.00    0.00    0.76    0.00    0.00    0.00   70.89
23:11:01     all   27.53    0.00    1.52    0.00    0.00    0.76    0.00    0.00    0.00   70.20
23:11:02     all   24.68    0.00    1.53    0.00    0.00    0.76    0.00    0.00    0.00   73.03
23:11:03     all   22.59    0.00    2.54    0.00    0.00    1.02    0.00    0.00    0.00   73.86
23:11:04     all   23.66    0.00    2.04    0.00    0.00    0.51    0.00    0.00    0.00   73.79
23:11:05     all   26.40    0.00    2.28    0.00    0.00    1.02    0.00    0.00    0.00   70.30
23:11:06     all   22.28    0.00    2.03    0.00    0.00    0.51    0.00    0.00    0.00   75.19
23:11:07     all   28.61    0.00    1.77    0.00    0.00    0.76    0.00    0.00    0.00   68.86
23:11:08     all   28.54    0.00    2.53    0.00    0.00    1.26    0.00    0.00    0.00   67.68
23:11:09     all   24.30    0.00    1.79    0.00    0.00    0.51    0.00    0.00    0.00   73.40
23:11:10     all   28.79    0.00    2.27    0.00    0.00    1.26    0.00    0.00    0.00   67.68
23:11:11     all   22.47    0.00    1.77    0.00    0.00    0.51    0.00    0.00    0.00   75.25
23:11:12     all   25.45    0.00    2.04    0.25    0.00    0.76    0.00    0.00    0.00   71.50
23:11:13     all   29.52    0.00    1.78    0.00    0.00    0.76    0.00    0.00    0.00   67.94
23:11:14     all   28.64    0.00    1.53    0.00    0.00    0.51    0.00    0.00    0.00   69.31
23:11:15     all   35.52    0.00    1.76    0.00    0.00    1.01    0.00    0.00    0.00   61.71
23:11:16     all   28.28    0.00    1.77    0.00    0.00    0.76    0.00    0.00    0.00   69.19
23:11:17     all   24.81    0.00    2.30    0.00    0.00    0.77    0.00    0.00    0.00   72.12
23:11:18     all   24.49    0.00    1.28    0.26    0.00    0.26    0.00    0.00    0.00   73.72
23:11:19     all   26.02    0.00    2.04    0.00    0.00    0.51    0.00    0.00    0.00   71.43
23:11:20     all   28.03    0.00    2.27    0.00    0.00    1.01    0.00    0.00    0.00   68.69
23:11:21     all   23.29    0.00    2.28    0.00    0.00    1.01    0.00    0.00    0.00   73.42
23:11:22     all   29.52    0.00    2.29    0.00    0.00    0.76    0.00    0.00    0.00   67.43
23:11:23     all   25.32    0.00    2.03    0.00    0.00    0.76    0.00    0.00    0.00   71.90
23:11:24     all   26.79    0.00    2.04    0.26    0.00    0.51    0.00    0.00    0.00   70.41
23:11:25     all   25.13    0.00    2.28    0.00    0.00    0.76    0.00    0.00    0.00   71.83
23:11:26     all   26.58    0.00    1.52    0.00    0.00    0.76    0.00    0.00    0.00   71.14
23:11:27     all   28.50    0.00    1.78    0.00    0.00    1.02    0.00    0.00    0.00   68.70
23:11:28     all   28.24    0.00    2.04    0.00    0.00    0.76    0.00    0.00    0.00   68.96
23:11:29     all   22.59    0.00    1.52    0.00    0.00    0.76    0.00    0.00    0.00   75.13
23:11:30     all   22.34    0.00    2.28    0.25    0.00    0.76    0.00    0.00    0.00   74.37
23:11:31     all   24.62    0.00    2.28    0.00    0.00    1.02    0.00    0.00    0.00   72.08
23:11:32     all   25.06    0.00    1.53    0.00    0.00    0.77    0.00    0.00    0.00   72.63
23:11:33     all   24.62    0.00    2.03    0.00    0.00    1.02    0.00    0.00    0.00   72.34
23:11:34     all   26.60    0.00    1.79    0.00    0.00    0.77    0.00    0.00    0.00   70.84
23:11:35     all   25.06    0.00    2.05    0.00    0.00    0.51    0.00    0.00    0.00   72.38
23:11:36     all   26.72    0.00    1.53    0.00    0.00    1.27    0.00    0.00    0.00   70.48
23:11:37     all   28.64    0.00    1.79    0.00    0.00    0.26    0.00    0.00    0.00   69.31
23:11:38     all   25.45    0.00    2.04    0.00    0.00    0.76    0.00    0.00    0.00   71.76
23:11:39     all   24.24    0.00    2.78    0.00    0.00    0.76    0.00    0.00    0.00   72.22
23:11:40     all   27.41    0.00    1.27    0.25    0.00    0.76    0.00    0.00    0.00   70.30
23:11:41     all   24.11    0.00    3.05    0.00    0.00    1.02    0.00    0.00    0.00   71.83
23:11:42     all   22.34    0.00    1.78    0.00    0.00    0.51    0.00    0.00    0.00   75.38
23:11:43     all   24.87    0.00    2.79    0.00    0.00    1.02    0.00    0.00    0.00   71.32
23:11:44     all   24.11    0.00    1.78    0.00    0.00    0.51    0.00    0.00    0.00   73.60
23:11:45     all   27.16    0.00    2.54    0.25    0.00    1.02    0.00    0.00    0.00   69.04
23:11:46     all   30.33    0.00    1.29    0.00    0.00    0.26    0.00    0.00    0.00   68.12
23:11:47     all   29.47    0.00    2.02    0.00    0.00    0.76    0.00    0.00    0.00   67.76
23:11:48     all   24.17    0.00    1.78    0.00    0.00    0.76    0.00    0.00    0.00   73.28
23:11:49     all   36.80    0.00    2.03    0.00    0.00    0.51    0.00    0.00    0.00   60.66
23:11:50     all   22.73    0.00    2.53    0.00    0.00    1.01    0.00    0.00    0.00   73.74
23:11:51     all   25.00    0.00    1.55    0.00    0.00    0.52    0.00    0.00    0.00   72.94
23:11:52     all   24.43    0.00    2.02    0.00    0.00    0.50    0.00    0.00    0.00   73.05
23:11:53     all   28.75    0.00    1.78    0.00    0.00    0.51    0.00    0.00    0.00   68.96
23:11:54     all   30.56    0.00    1.52    0.00    0.00    0.76    0.00    0.00    0.00   67.17
23:11:55     all   28.17    0.00    2.28    0.00    0.00    0.76    0.00    0.00    0.00   68.78
23:11:56     all   26.65    0.00    1.78    0.00    0.00    0.76    0.00    0.00    0.00   70.81
23:11:57     all   25.45    0.00    2.31    0.00    0.00    0.77    0.00    0.00    0.00   71.47
23:11:58     all   22.14    0.00    2.29    0.00    0.00    0.76    0.00    0.00    0.00   74.81
23:11:59     all   24.87    0.00    2.03    0.00    0.00    0.51    0.00    0.00    0.00   72.59
23:12:00     all   24.81    0.00    2.28    0.00    0.00    1.27    0.00    0.00    0.00   71.65
23:12:01     all   22.25    0.00    2.05    0.26    0.00    0.00    0.00    0.00    0.00   75.45
23:12:02     all   24.24    0.00    2.53    0.00    0.00    1.26    0.00    0.00    0.00   71.97
23:12:03     all   23.91    0.00    2.06    0.00    0.00    1.29    0.00    0.00    0.00   72.75
23:12:04     all   22.78    0.00    2.53    0.00    0.00    0.25    0.00    0.00    0.00   74.43
23:12:05     all   24.68    0.00    1.78    0.00    0.00    1.02    0.00    0.00    0.00   72.52
23:12:06     all   21.83    0.00    2.03    0.25    0.00    1.02    0.00    0.00    0.00   74.87
23:12:07     all   21.83    0.00    2.54    0.00    0.00    1.02    0.00    0.00    0.00   74.62
23:12:08     all   25.95    0.00    2.04    0.00    0.00    0.76    0.00    0.00    0.00   71.25
23:12:09     all   24.62    0.00    1.52    0.00    0.00    0.76    0.00    0.00    0.00   73.10
23:12:10     all   32.40    0.00    1.79    0.00    0.00    0.77    0.00    0.00    0.00   65.05
23:12:11     all   24.81    0.00    3.07    0.00    0.00    0.51    0.00    0.00    0.00   71.61
23:12:12     all   32.58    0.00    2.02    0.00    0.00    1.01    0.00    0.00    0.00   64.39
23:12:13     all   25.94    0.00    2.02    0.00    0.00    0.76    0.00    0.00    0.00   71.28
23:12:14     all   23.02    0.00    2.05    0.00    0.00    0.77    0.00    0.00    0.00   74.17
23:12:15     all   25.06    0.00    2.05    0.00    0.00    0.77    0.00    0.00    0.00   72.12
23:12:16     all   29.08    0.00    2.30    0.51    0.00    0.26    0.00    0.00    0.00   67.86
23:12:17     all   28.43    0.00    2.03    0.00    0.00    0.76    0.00    0.00    0.00   68.78
23:12:18     all   27.74    0.00    1.78    0.00    0.00    1.02    0.00    0.00    0.00   69.47
23:12:19     all   30.81    0.00    1.77    0.00    0.00    0.76    0.00    0.00    0.00   66.67
23:12:20     all   27.99    0.00    1.78    0.00    0.00    0.76    0.00    0.00    0.00   69.47
23:12:21     all   27.34    0.00    2.03    0.25    0.00    0.76    0.00    0.00    0.00   69.62
23:12:22     all   22.45    0.00    3.32    0.00    0.00    0.51    0.00    0.00    0.00   73.72
23:12:23     all   31.81    0.00    2.29    0.00    0.00    1.02    0.00    0.00    0.00   64.89
23:12:24     all   24.30    0.00    2.28    0.00    0.00    0.76    0.00    0.00    0.00   72.66
23:12:25     all   25.95    0.00    1.53    0.00    0.00    1.02    0.00    0.00    0.00   71.50
23:12:26     all   24.55    0.00    3.07    0.00    0.00    1.02    0.00    0.00    0.00   71.36
23:12:27     all   30.05    0.00    2.27    0.00    0.00    0.76    0.00    0.00    0.00   66.92
23:12:28     all   36.04    0.00    2.03    0.00    0.00    0.76    0.00    0.00    0.00   61.17
23:12:29     all   22.08    0.00    1.52    0.00    0.00    0.76    0.00    0.00    0.00   75.63
23:12:30     all   22.14    0.00    2.54    0.00    0.00    0.76    0.00    0.00    0.00   74.55
23:12:31     all   23.92    0.00    2.04    0.00    0.00    0.51    0.00    0.00    0.00   73.54
23:12:32     all   22.45    0.00    1.79    0.26    0.00    0.77    0.00    0.00    0.00   74.74
23:12:33     all   24.05    0.00    2.28    0.00    0.00    1.01    0.00    0.00    0.00   72.66
23:12:34     all   26.33    0.00    2.28    0.00    0.00    0.76    0.00    0.00    0.00   70.63
23:12:35     all   22.78    0.00    1.52    0.00    0.00    0.51    0.00    0.00    0.00   75.19
23:12:36     all   23.60    0.00    2.79    0.00    0.00    0.76    0.00    0.00    0.00   72.84
23:12:37     all   33.93    0.00    1.53    0.26    0.00    1.02    0.00    0.00    0.00   63.27
23:12:38     all   26.95    0.00    2.52    0.00    0.00    0.76    0.00    0.00    0.00   69.77
23:12:39     all   22.90    0.00    2.29    0.00    0.00    1.02    0.00    0.00    0.00   73.79
23:12:40     all   31.20    0.00    1.79    0.00    0.00    1.02    0.00    0.00    0.00   65.98
23:12:41     all   24.56    0.00    2.28    0.00    0.00    0.76    0.00    0.00    0.00   72.41
23:12:42     all   30.53    0.00    1.53    0.00    0.00    1.02    0.00    0.00    0.00   66.92
23:12:43     all   23.04    0.00    2.28    0.00    0.00    1.01    0.00    0.00    0.00   73.67
23:12:44     all   23.66    0.00    2.54    0.00    0.00    0.76    0.00    0.00    0.00   73.03
23:12:45     all   26.34    0.00    2.05    0.00    0.00    0.51    0.00    0.00    0.00   71.10
23:12:46     all   26.70    0.00    2.27    0.00    0.00    0.50    0.00    0.00    0.00   70.53
23:12:47     all   24.10    0.00    1.54    0.00    0.00    0.51    0.00    0.00    0.00   73.85
23:12:48     all   29.80    0.00    2.27    0.00    0.00    0.76    0.00    0.00    0.00   67.17
23:12:49     all   23.54    0.00    2.53    0.25    0.00    1.52    0.00    0.00    0.00   72.15
23:12:50     all   24.10    0.00    2.31    0.26    0.00    0.51    0.00    0.00    0.00   72.82
23:12:51     all   24.12    0.00    2.01    0.00    0.00    1.26    0.00    0.00    0.00   72.61
23:12:52     all   29.11    0.00    2.28    0.00    0.00    1.27    0.00    0.00    0.00   67.34
23:12:53     all   27.48    0.00    1.78    0.00    0.00    0.25    0.00    0.00    0.00   70.48
23:12:54     all   26.58    0.00    1.27    0.00    0.00    1.01    0.00    0.00    0.00   71.14
23:12:55     all   27.23    0.00    1.78    0.25    0.00    0.76    0.00    0.00    0.00   69.97
23:12:56     all   26.14    0.00    1.52    0.00    0.00    0.76    0.00    0.00    0.00   71.57
23:12:57     all   29.34    0.00    2.04    0.00    0.00    0.51    0.00    0.00    0.00   68.11
23:12:58     all   26.52    0.00    1.77    0.00    0.00    1.01    0.00    0.00    0.00   70.71
23:12:59     all   30.53    0.00    1.53    0.00    0.00    0.25    0.00    0.00    0.00   67.68
23:13:00     all   24.62    0.00    2.05    0.00    0.00    0.77    0.00    0.00    0.00   72.56
23:13:01     all   22.92    0.00    1.76    0.00    0.00    0.76    0.00    0.00    0.00   74.56
23:13:02     all   22.90    0.00    2.54    0.00    0.00    1.02    0.00    0.00    0.00   73.54
23:13:03     all   24.16    0.00    2.31    0.00    0.00    0.77    0.00    0.00    0.00   72.75
23:13:04     all   24.43    0.00    2.52    0.25    0.00    1.26    0.00    0.00    0.00   71.54
23:13:05     all   28.43    0.00    1.78    0.00    0.00    0.76    0.00    0.00    0.00   69.04
23:13:06     all   24.87    0.00    2.03    0.00    0.00    0.25    0.00    0.00    0.00   72.84
23:13:07     all   25.52    0.00    1.80    0.00    0.00    0.77    0.00    0.00    0.00   71.91
23:13:08     all   22.34    0.00    2.03    0.00    0.00    0.76    0.00    0.00    0.00   74.87
23:13:09     all   27.69    0.00    2.31    0.00    0.00    0.51    0.00    0.00    0.00   69.49
23:13:10     all   24.75    0.00    1.52    0.00    0.00    1.52    0.00    0.00    0.00   72.22
23:13:11     all   29.19    0.00    1.52    0.51    0.00    0.51    0.00    0.00    0.00   68.27
23:13:12     all   21.32    0.00    2.54    0.00    0.00    1.27    0.00    0.00    0.00   74.87
23:13:13     all   24.43    0.00    1.53    0.00    0.00    0.76    0.00    0.00    0.00   73.28
23:13:14     all   35.37    0.00    2.04    0.00    0.00    0.76    0.00    0.00    0.00   61.83
23:13:15     all   29.77    0.00    1.78    0.00    0.00    1.02    0.00    0.00    0.00   67.43
23:13:16     all   26.33    0.00    2.28    0.00    0.00    1.01    0.00    0.00    0.00   70.38
23:13:17     all   23.72    0.00    2.04    0.00    0.00    0.26    0.00    0.00    0.00   73.98
23:13:18     all   28.86    0.00    2.28    0.00    0.00    1.52    0.00    0.00    0.00   67.34
23:13:19     all   27.69    0.00    2.05    0.00    0.00    0.26    0.00    0.00    0.00   70.00
23:13:20     all   28.35    0.00    1.52    0.00    0.00    1.01    0.00    0.00    0.00   69.11
23:13:21     all   25.06    0.00    2.05    0.26    0.00    0.51    0.00    0.00    0.00   72.12
23:13:22     all   24.75    0.00    3.03    0.00    0.00    1.26    0.00    0.00    0.00   70.96
23:13:23     all   27.23    0.00    2.04    0.00    0.00    0.51    0.00    0.00    0.00   70.23
23:13:24     all   24.30    0.00    2.56    0.00    0.00    0.77    0.00    0.00    0.00   72.38
23:13:25     all   26.53    0.00    1.79    0.00    0.00    0.77    0.00    0.00    0.00   70.92
23:13:26     all   27.09    0.00    2.78    0.00    0.00    1.27    0.00    0.00    0.00   68.86
23:13:27     all   26.40    0.00    2.03    0.25    0.00    0.51    0.00    0.00    0.00   70.81
23:13:28     all   29.87    0.00    2.03    0.00    0.00    1.01    0.00    0.00    0.00   67.09
23:13:29     all   25.06    0.00    1.79    0.00    0.00    0.77    0.00    0.00    0.00   72.38
23:13:30     all   38.32    0.00    1.78    0.00    0.00    0.25    0.00    0.00    0.00   59.64
23:13:31     all   25.19    0.00    2.57    0.00    0.00    0.77    0.00    0.00    0.00   71.47
23:13:32     all   25.13    0.00    2.28    0.00    0.00    0.76    0.00    0.00    0.00   71.83
23:13:33     all   23.66    0.00    2.04    0.00    0.00    0.51    0.00    0.00    0.00   73.79
23:13:34     all   31.08    0.00    1.75    0.00    0.00    0.75    0.00    0.00    0.00   66.42
23:13:35     all   22.94    0.00    1.80    0.00    0.00    0.77    0.00    0.00    0.00   74.48
23:13:36     all   24.81    0.00    1.77    0.00    0.00    1.01    0.00    0.00    0.00   72.41
23:13:37     all   30.10    0.00    1.53    0.00    0.00    1.02    0.00    0.00    0.00   67.35
23:13:38     all   23.04    0.00    2.03    0.00    0.00    0.76    0.00    0.00    0.00   74.18
23:13:39     all   25.90    0.00    2.56    0.00    0.00    0.77    0.00    0.00    0.00   70.77
23:13:40     all   29.52    0.00    2.04    0.00    0.00    0.76    0.00    0.00    0.00   67.68
23:13:41     all   25.69    0.00    1.76    0.00    0.00    0.50    0.00    0.00    0.00   72.04
23:13:42     all   24.94    0.00    2.04    0.00    0.00    0.76    0.00    0.00    0.00   72.26
23:13:43     all   23.93    0.00    1.76    0.50    0.00    1.26    0.00    0.00    0.00   72.54
23:13:44     all   26.21    0.00    1.78    0.00    0.00    0.25    0.00    0.00    0.00   71.76
23:13:45     all   25.06    0.00    2.51    0.00    0.00    1.00    0.00    0.00    0.00   71.43
23:13:46     all   30.46    0.00    2.28    0.00    0.00    0.25    0.00    0.00    0.00   67.01
23:13:47     all   22.47    0.00    2.02    0.00    0.00    1.01    0.00    0.00    0.00   74.49
23:13:48     all   30.38    0.00    1.77    0.25    0.00    0.51    0.00    0.00    0.00   67.09
23:13:49     all   28.24    0.00    1.27    0.00    0.00    0.76    0.00    0.00    0.00   69.72
23:13:50     all   26.46    0.00    2.29    0.00    0.00    0.76    0.00    0.00    0.00   70.48
23:13:51     all   22.59    0.00    2.28    0.00    0.00    0.76    0.00    0.00    0.00   74.37
23:13:52     all   27.85    0.00    2.03    0.00    0.00    1.27    0.00    0.00    0.00   68.86
23:13:53     all   24.43    0.00    1.53    0.00    0.00    0.51    0.00    0.00    0.00   73.54
23:13:54     all   29.85    0.00    1.79    0.00    0.00    0.77    0.00    0.00    0.00   67.60
23:13:55     all   29.11    0.00    2.03    0.00    0.00    0.25    0.00    0.00    0.00   68.61
23:13:56     all   29.87    0.00    2.03    0.00    0.00    0.76    0.00    0.00    0.00   67.34
23:13:57     all   22.39    0.00    2.04    0.00    0.00    1.02    0.00    0.00    0.00   74.55
23:13:58     all   24.36    0.00    2.05    0.00    0.00    0.51    0.00    0.00    0.00   73.08
23:13:59     all   24.16    0.00    1.80    0.00    0.00    0.77    0.00    0.00    0.00   73.26
23:14:00     all   27.34    0.00    2.78    0.00    0.00    1.01    0.00    0.00    0.00   68.86
23:14:01     all   27.23    0.00    2.04    0.00    0.00    0.51    0.00    0.00    0.00   70.23
23:14:02     all   22.53    0.00    1.77    0.00    0.00    1.01    0.00    0.00    0.00   74.68
23:14:03     all   30.77    0.00    1.79    0.00    0.00    0.77    0.00    0.00    0.00   66.67
23:14:04     all   25.51    0.00    1.52    0.00    0.00    1.01    0.00    0.00    0.00   71.97
23:14:05     all   27.09    0.00    2.28    0.00    0.00    0.76    0.00    0.00    0.00   69.87
23:14:06     all   33.16    0.00    1.27    0.00    0.00    1.01    0.00    0.00    0.00   64.56
23:14:07     all   21.74    0.00    2.30    0.00    0.00    0.51    0.00    0.00    0.00   75.45
23:14:08     all   26.97    0.00    1.02    0.00    0.00    1.02    0.00    0.00    0.00   70.99
23:14:09     all   24.81    0.00    2.28    0.00    0.00    0.51    0.00    0.00    0.00   72.41
23:14:10     all   34.94    0.00    2.03    0.00    0.00    0.76    0.00    0.00    0.00   62.28
23:14:11     all   23.48    0.00    1.77    0.00    0.00    1.01    0.00    0.00    0.00   73.74
23:14:12     all   24.11    0.00    2.28    0.00    0.00    0.76    0.00    0.00    0.00   72.84
23:14:13     all   33.59    0.00    1.53    0.51    0.00    0.76    0.00    0.00    0.00   63.61
23:14:14     all   22.11    0.00    1.80    0.00    0.00    0.77    0.00    0.00    0.00   75.32
23:14:15     all   23.17    0.00    1.76    0.00    0.00    1.01    0.00    0.00    0.00   74.06
23:14:16     all   22.37    0.00    2.83    0.00    0.00    0.77    0.00    0.00    0.00   74.04
23:14:17     all   27.99    0.00    1.27    0.00    0.00    0.51    0.00    0.00    0.00   70.23
23:14:18     all   22.28    0.00    2.28    0.25    0.00    0.51    0.00    0.00    0.00   74.68
23:14:19     all   34.10    0.00    1.53    0.00    0.00    0.76    0.00    0.00    0.00   63.61
23:14:20     all   29.55    0.00    2.27    0.00    0.00    1.01    0.00    0.00    0.00   67.17
23:14:21     all   22.65    0.00    1.53    0.00    0.00    0.51    0.00    0.00    0.00   75.32
23:14:22     all   30.38    0.00    2.78    0.00    0.00    1.01    0.00    0.00    0.00   65.82
23:14:23     all   25.95    0.00    2.04    0.25    0.00    0.76    0.00    0.00    0.00   70.99
23:14:24     all   27.59    0.00    1.77    0.00    0.00    1.01    0.00    0.00    0.00   69.62
23:14:25     all   23.02    0.00    2.05    0.00    0.00    0.51    0.00    0.00    0.00   74.42
23:14:26     all   23.99    0.00    1.77    0.00    0.00    1.01    0.00    0.00    0.00   73.23
23:14:27     all   24.37    0.00    2.03    0.00    0.00    0.25    0.00    0.00    0.00   73.35
23:14:28     all   22.45    0.00    2.55    0.00    0.00    1.28    0.00    0.00    0.00   73.72
23:14:29     all   28.06    0.00    2.30    0.00    0.00    0.51    0.00    0.00    0.00   69.13
23:14:30     all   22.51    0.00    2.05    0.00    0.00    0.77    0.00    0.00    0.00   74.68
23:14:31     all   23.41    0.00    1.53    0.00    0.00    0.76    0.00    0.00    0.00   74.30
23:14:32     all   24.68    0.00    2.29    0.00    0.00    1.02    0.00    0.00    0.00   72.01
23:14:33     all   27.14    0.00    2.26    0.25    0.00    1.01    0.00    0.00    0.00   69.35
23:14:34     all   26.97    0.00    2.04    0.00    0.00    0.25    0.00    0.00    0.00   70.74
23:14:35     all   27.92    0.00    2.03    0.00    0.00    1.02    0.00    0.00    0.00   69.04
23:14:36     all   25.83    0.00    1.79    0.00    0.00    0.26    0.00    0.00    0.00   72.12
23:14:37     all   22.28    0.00    1.77    0.00    0.00    0.76    0.00    0.00    0.00   75.19
23:14:38     all   28.68    0.00    2.28    0.00    0.00    0.76    0.00    0.00    0.00   68.27
23:14:39     all   24.11    0.00    1.52    0.00    0.00    1.02    0.00    0.00    0.00   73.35
23:14:40     all   38.64    0.00    1.52    0.00    0.00    0.51    0.00    0.00    0.00   59.34
23:14:41     all   22.67    0.00    2.27    0.00    0.00    0.76    0.00    0.00    0.00   74.31
23:14:42     all   26.88    0.00    2.26    0.00    0.00    1.01    0.00    0.00    0.00   69.85
23:14:43     all   23.47    0.00    2.04    0.00    0.00    0.77    0.00    0.00    0.00   73.72
23:14:44     all   29.01    0.00    1.78    0.00    0.00    1.02    0.00    0.00    0.00   68.19
23:14:45     all   23.60    0.00    1.78    0.00    0.00    0.76    0.00    0.00    0.00   73.86
23:14:46     all   27.48    0.00    1.53    0.00    0.00    0.76    0.00    0.00    0.00   70.23
23:14:47     all   22.14    0.00    2.04    0.00    0.00    1.02    0.00    0.00    0.00   74.81
23:14:48     all   22.96    0.00    2.30    0.00    0.00    1.02    0.00    0.00    0.00   73.72
23:14:49     all   24.62    0.00    1.52    0.25    0.00    0.76    0.00    0.00    0.00   72.84
23:14:50     all   27.09    0.00    2.03    0.00    0.00    0.76    0.00    0.00    0.00   70.13
23:14:51     all   25.06    0.00    2.01    0.00    0.00    0.75    0.00    0.00    0.00   72.18
23:14:52     all   25.06    0.00    1.53    0.00    0.00    1.02    0.00    0.00    0.00   72.38
23:14:53     all   27.04    0.00    1.53    0.00    0.00    0.26    0.00    0.00    0.00   71.17
23:14:54     all   30.98    0.00    1.51    0.00    0.00    0.76    0.00    0.00    0.00   66.75
23:14:55     all   24.23    0.00    1.79    0.00    0.00    0.51    0.00    0.00    0.00   73.47
23:14:56     all   24.49    0.00    1.79    0.00    0.00    1.02    0.00    0.00    0.00   72.70
Average:     all   25.44    0.00    1.94    0.03    0.00    0.75    0.00    0.00    0.00   71.84
