Linux 6.8.0-1062-azure (csb-bench-host-azure) 	08/04/26 	_x86_64_	(4 CPU)

00:18:57     CPU    %usr   %nice    %sys %iowait    %irq   %soft  %steal  %guest  %gnice   %idle
00:18:58     all    1.26    0.00    0.51   97.22    0.00    0.00    0.00    0.00    0.00    1.01
00:18:59     all    0.75    0.00    0.50   98.74    0.00    0.00    0.00    0.00    0.00    0.00
00:19:00     all    0.75    0.00    0.50   98.75    0.00    0.00    0.00    0.00    0.00    0.00
00:19:01     all    0.25    0.00    0.50   98.99    0.00    0.25    0.00    0.00    0.00    0.00
00:19:02     all    0.25    0.00    0.25   99.49    0.00    0.00    0.00    0.00    0.00    0.00
00:19:03     all    1.24    0.00    0.75   98.01    0.00    0.00    0.00    0.00    0.00    0.00
00:19:04     all    0.76    0.00    0.25   98.74    0.00    0.25    0.00    0.00    0.00    0.00
00:19:05     all    0.75    0.00    0.25   98.99    0.00    0.00    0.00    0.00    0.00    0.00
00:19:06     all    1.25    0.00    0.50   98.00    0.00    0.25    0.00    0.00    0.00    0.00
00:19:07     all    1.24    0.00    0.75   98.01    0.00    0.00    0.00    0.00    0.00    0.00
00:19:08     all    0.51    0.00    0.51   98.99    0.00    0.00    0.00    0.00    0.00    0.00
00:19:09     all    1.00    0.00    0.50   98.50    0.00    0.00    0.00    0.00    0.00    0.00
00:19:10     all    0.75    0.00    0.50   98.50    0.00    0.25    0.00    0.00    0.00    0.00
00:19:11     all    1.01    0.00    0.00   98.99    0.00    0.00    0.00    0.00    0.00    0.00
00:19:12     all    0.00    0.00    0.51   99.49    0.00    0.00    0.00    0.00    0.00    0.00
00:19:13     all    1.25    0.00    0.50   98.25    0.00    0.00    0.00    0.00    0.00    0.00
00:19:14     all    0.50    0.00    0.50   98.99    0.00    0.00    0.00    0.00    0.00    0.00
00:19:15     all    1.00    0.00    0.25   98.25    0.00    0.50    0.00    0.00    0.00    0.00
00:19:16     all    0.75    0.00    0.50   98.74    0.00    0.00    0.00    0.00    0.00    0.00
00:19:17     all    0.75    0.00    0.50   98.50    0.00    0.25    0.00    0.00    0.00    0.00
00:19:18     all    1.01    0.00    0.50   98.49    0.00    0.00    0.00    0.00    0.00    0.00
00:19:19     all    0.75    0.00    0.50   98.74    0.00    0.00    0.00    0.00    0.00    0.00
00:19:20     all    0.50    0.00    0.50   98.99    0.00    0.00    0.00    0.00    0.00    0.00
00:19:21     all    1.25    0.00    1.00   97.49    0.00    0.25    0.00    0.00    0.00    0.00
00:19:22     all    1.01    0.00    0.50   98.49    0.00    0.00    0.00    0.00    0.00    0.00
00:19:23     all    0.50    0.00    0.25   99.00    0.00    0.25    0.00    0.00    0.00    0.00
00:19:24     all    0.51    0.00    0.51   98.99    0.00    0.00    0.00    0.00    0.00    0.00
00:19:25     all    0.25    0.00    0.25   99.49    0.00    0.00    0.00    0.00    0.00    0.00
00:19:26     all    0.75    0.00    0.25   98.99    0.00    0.00    0.00    0.00    0.00    0.00
00:19:27     all    0.50    0.00    0.75   98.50    0.00    0.25    0.00    0.00    0.00    0.00
00:19:28     all    1.01    0.00    0.25   98.74    0.00    0.00    0.00    0.00    0.00    0.00
00:19:29     all    0.25    0.00    0.00   99.75    0.00    0.00    0.00    0.00    0.00    0.00
00:19:30     all    0.75    0.00    0.75   98.49    0.00    0.00    0.00    0.00    0.00    0.00
00:19:31     all    0.75    0.00    0.25   98.75    0.00    0.25    0.00    0.00    0.00    0.00
00:19:32     all    0.75    0.00    0.50   98.50    0.00    0.25    0.00    0.00    0.00    0.00
00:19:33     all    1.01    0.00    0.25   98.74    0.00    0.00    0.00    0.00    0.00    0.00
00:19:34     all    0.25    0.00    0.25   99.49    0.00    0.00    0.00    0.00    0.00    0.00
00:19:35     all    1.00    0.00    0.75   98.25    0.00    0.00    0.00    0.00    0.00    0.00
00:19:36     all    0.75    0.00    0.25   98.74    0.00    0.25    0.00    0.00    0.00    0.00
00:19:37     all    1.01    0.00    0.25   98.74    0.00    0.00    0.00    0.00    0.00    0.00
00:19:38     all    0.50    0.00    0.00   99.24    0.00    0.25    0.00    0.00    0.00    0.00
00:19:39     all    1.00    0.00    1.00   97.99    0.00    0.00    0.00    0.00    0.00    0.00
00:19:40     all    1.01    0.00    0.00   98.99    0.00    0.00    0.00    0.00    0.00    0.00
00:19:41     all    0.75    0.00    0.75   98.25    0.00    0.25    0.00    0.00    0.00    0.00
00:19:42     all    1.00    0.00    0.50   98.50    0.00    0.00    0.00    0.00    0.00    0.00
00:19:43     all    1.00    0.00    0.50   98.25    0.00    0.25    0.00    0.00    0.00    0.00
00:19:44     all    0.76    0.00    0.25   98.99    0.00    0.00    0.00    0.00    0.00    0.00
00:19:45     all    0.50    0.00    0.75   98.75    0.00    0.00    0.00    0.00    0.00    0.00
00:19:46     all    0.51    0.00    0.25   99.24    0.00    0.00    0.00    0.00    0.00    0.00
00:19:47     all    1.00    0.00    0.75   98.00    0.00    0.25    0.00    0.00    0.00    0.00
00:19:48     all    1.01    0.00    0.00   98.99    0.00    0.00    0.00    0.00    0.00    0.00
00:19:49     all    1.01    0.00    0.50   98.49    0.00    0.00    0.00    0.00    0.00    0.00
00:19:50     all    0.00    0.00    0.75   99.00    0.00    0.25    0.00    0.00    0.00    0.00
00:19:51     all    1.01    0.00    0.00   98.99    0.00    0.00    0.00    0.00    0.00    0.00
00:19:52     all    0.75    0.00    0.50   98.75    0.00    0.00    0.00    0.00    0.00    0.00
00:19:53     all    0.75    0.00    0.75   98.25    0.00    0.25    0.00    0.00    0.00    0.00
00:19:54     all    0.51    0.00    0.25   99.24    0.00    0.00    0.00    0.00    0.00    0.00
00:19:55     all    1.23    0.00    0.99   97.53    0.00    0.25    0.00    0.00    0.00    0.00
00:19:56     all    0.76    0.00    0.00   99.24    0.00    0.00    0.00    0.00    0.00    0.00
00:19:57     all    0.50    0.00    0.75   98.75    0.00    0.00    0.00    0.00    0.00    0.00
00:19:58     all    1.01    0.00    0.50   51.76    0.00    0.25    0.00    0.00    0.00   46.48
00:19:59     all    0.75    0.00    1.25   34.41    0.00    0.00    0.00    0.00    0.00   63.59
00:20:00     all    0.76    0.00    1.01   28.10    0.00    0.00    0.00    0.00    0.00   70.13
00:20:01     all    0.50    0.00    1.01   27.14    0.00    0.00    0.00    0.00    0.00   71.36
00:20:02     all    0.76    0.00    0.51   26.84    0.00    0.00    0.00    0.00    0.00   71.90
00:20:03     all    0.51    0.00    1.27   25.89    0.00    0.00    0.00    0.00    0.00   72.34
00:20:04     all    0.75    0.00    1.00   24.69    0.00    0.00    0.00    0.00    0.00   73.57
00:20:05     all    0.50    0.00    1.25   23.56    0.00    0.00    0.00    0.00    0.00   74.69
00:20:06     all    0.50    0.00    0.76   23.93    0.00    0.00    0.00    0.00    0.00   74.81
00:20:07     all    0.51    0.00    0.76   23.60    0.00    0.00    0.00    0.00    0.00   75.13
00:20:08     all    1.00    0.00    1.49   23.63    0.00    0.00    0.00    0.00    0.00   73.88
00:20:09     all    0.51    0.00    0.76   23.80    0.00    0.00    0.00    0.00    0.00   74.94
00:20:10     all    0.50    0.00    1.26   23.62    0.00    0.25    0.00    0.00    0.00   74.37
00:20:11     all    0.75    0.00    1.00   23.75    0.00    0.00    0.00    0.00    0.00   74.50
00:20:12     all    0.00    0.00    0.76   24.05    0.00    0.00    0.00    0.00    0.00   75.19
00:20:13     all    0.76    0.00    0.51   24.05    0.00    0.00    0.00    0.00    0.00   74.68
00:20:14     all    0.76    0.00    0.76   23.68    0.00    0.00    0.00    0.00    0.00   74.81
00:20:15     all    0.75    0.00    1.50   23.50    0.00    0.00    0.00    0.00    0.00   74.25
00:20:16     all    0.50    0.00    1.26   23.87    0.00    0.00    0.00    0.00    0.00   74.37
00:20:17     all    0.26    0.00    0.51   23.72    0.00    0.00    0.00    0.00    0.00   75.51
00:20:18     all    0.75    0.00    1.00   23.81    0.00    0.00    0.00    0.00    0.00   74.44
00:20:19     all    0.25    0.00    1.26   23.68    0.00    0.00    0.00    0.00    0.00   74.81
00:20:20     all    0.75    0.00    1.01   23.87    0.00    0.00    0.00    0.00    0.00   74.37
00:20:21     all    0.76    0.00    1.76   23.68    0.00    0.00    0.00    0.00    0.00   73.80
00:20:22     all    0.25    0.00    1.50   23.81    0.00    0.00    0.00    0.00    0.00   74.44
00:20:23     all    1.00    0.00    1.00   23.56    0.00    0.25    0.00    0.00    0.00   74.19
00:20:24     all    0.25    0.00    0.76   23.86    0.00    0.00    0.00    0.00    0.00   75.13
00:20:25     all    0.25    0.00    0.51   24.05    0.00    0.00    0.00    0.00    0.00   75.19
00:20:26     all    0.75    0.00    1.01   23.87    0.00    0.00    0.00    0.00    0.00   74.37
00:20:27     all    0.51    0.00    0.76   23.48    0.00    0.00    0.00    0.00    0.00   75.25
00:20:28     all    1.00    0.00    1.25   23.75    0.00    0.00    0.00    0.00    0.00   74.00
00:20:29     all    0.50    0.00    1.01   23.93    0.00    0.00    0.00    0.00    0.00   74.56
00:20:30     all    0.50    0.00    1.26   23.87    0.00    0.00    0.00    0.00    0.00   74.37
00:20:31     all    0.50    0.00    1.25   23.56    0.00    0.00    0.00    0.00    0.00   74.69
00:20:32     all    0.25    0.00    1.01   23.54    0.00    0.00    0.00    0.00    0.00   75.19
00:20:33     all    0.25    0.00    0.51   24.30    0.00    0.00    0.00    0.00    0.00   74.94
00:20:34     all    0.76    0.00    0.76   23.54    0.00    0.00    0.00    0.00    0.00   74.94
00:20:35     all    0.25    0.00    1.01   24.18    0.00    0.00    0.00    0.00    0.00   74.56
00:20:36     all    0.25    0.00    1.01   23.74    0.00    0.00    0.00    0.00    0.00   75.00
00:20:37     all    0.75    0.00    1.26   23.37    0.00    0.00    0.00    0.00    0.00   74.62
00:20:38     all    0.25    0.00    1.01   23.99    0.00    0.00    0.00    0.00    0.00   74.75
00:20:39     all    0.75    0.00    1.00   23.81    0.00    0.00    0.00    0.00    0.00   74.44
00:20:40     all    0.25    0.00    1.01   23.80    0.00    0.00    0.00    0.00    0.00   74.94
00:20:41     all    0.75    0.00    1.01   23.62    0.00    0.00    0.00    0.00    0.00   74.62
00:20:42     all    0.76    0.00    0.51   23.74    0.00    0.00    0.00    0.00    0.00   75.00
00:20:43     all    0.76    0.00    1.01   23.93    0.00    0.50    0.00    0.00    0.00   73.80
00:20:44     all    0.25    0.00    1.01   23.54    0.00    0.00    0.00    0.00    0.00   75.19
00:20:45     all    0.50    0.00    1.01   23.93    0.00    0.00    0.00    0.00    0.00   74.56
00:20:46     all    1.00    0.00    1.00   23.75    0.00    0.00    0.00    0.00    0.00   74.25
00:20:47     all    0.50    0.00    1.25   23.56    0.00    0.00    0.00    0.00    0.00   74.69
00:20:48     all    0.25    0.00    1.01   24.05    0.00    0.00    0.00    0.00    0.00   74.68
00:20:49     all    0.75    0.00    0.75   23.81    0.00    0.00    0.00    0.00    0.00   74.69
00:20:50     all    0.00    0.00    1.01   23.99    0.00    0.00    0.00    0.00    0.00   75.00
00:20:51     all    0.75    0.00    1.00   23.81    0.00    0.25    0.00    0.00    0.00   74.19
00:20:52     all    0.25    0.00    1.01   23.68    0.00    0.00    0.00    0.00    0.00   75.06
00:20:53     all    1.01    0.00    1.01   23.68    0.00    0.00    0.00    0.00    0.00   74.31
00:20:54     all    0.51    0.00    1.01   23.74    0.00    0.00    0.00    0.00    0.00   74.75
00:20:55     all    0.51    0.00    0.51   24.11    0.00    0.00    0.00    0.00    0.00   74.87
00:20:56     all    0.75    0.00    1.01   23.62    0.00    0.00    0.00    0.00    0.00   74.62
00:20:57     all    0.25    0.00    1.51   23.68    0.00    0.00    0.00    0.00    0.00   74.56
00:20:58     all    0.75    0.00    0.75   23.81    0.00    0.00    0.00    0.00    0.00   74.69
00:20:59     all    0.26    0.00    0.51   23.98    0.00    0.00    0.00    0.00    0.00   75.26
00:21:00     all    0.76    0.00    0.51   23.74    0.00    0.00    0.00    0.00    0.00   75.00
00:21:01     all    0.50    0.00    1.26   23.87    0.00    0.00    0.00    0.00    0.00   74.37
00:21:02     all    0.51    0.00    1.01   23.48    0.00    0.00    0.00    0.00    0.00   75.00
00:21:03     all    0.75    0.00    1.00   24.00    0.00    0.00    0.00    0.00    0.00   74.25
00:21:04     all    0.76    0.00    1.27   23.29    0.00    0.00    0.00    0.00    0.00   74.68
00:21:05     all    0.25    0.00    1.50   23.75    0.00    0.25    0.00    0.00    0.00   74.25
00:21:06     all    1.00    0.00    1.75   23.44    0.00    0.00    0.00    0.00    0.00   73.82
00:21:07     all    0.25    0.00    1.26   23.48    0.00    0.00    0.00    0.00    0.00   75.00
00:21:08     all    0.75    0.00    1.00   24.00    0.00    0.00    0.00    0.00    0.00   74.25
00:21:09     all    1.01    0.00    0.76   23.54    0.00    0.00    0.00    0.00    0.00   74.68
00:21:10     all    0.25    0.00    1.76   23.37    0.00    0.00    0.00    0.00    0.00   74.62
00:21:11     all    0.76    0.00    0.76   23.74    0.00    0.00    0.00    0.00    0.00   74.75
00:21:12     all    0.50    0.00    1.01   24.12    0.00    0.00    0.00    0.00    0.00   74.37
00:21:13     all    0.25    0.00    1.51   23.43    0.00    0.00    0.00    0.00    0.00   74.81
00:21:14     all    0.75    0.00    1.25   23.81    0.00    0.00    0.00    0.00    0.00   74.19
00:21:15     all    0.51    0.00    0.76   23.60    0.00    0.00    0.00    0.00    0.00   75.13
00:21:16     all    0.51    0.00    1.01   23.74    0.00    0.00    0.00    0.00    0.00   74.75
00:21:17     all    0.51    0.00    1.01   23.74    0.00    0.00    0.00    0.00    0.00   74.75
00:21:18     all    0.50    0.00    1.50   24.00    0.00    0.00    0.00    0.00    0.00   74.00
00:21:19     all    0.75    0.00    1.26   23.62    0.00    0.00    0.00    0.00    0.00   74.37
00:21:20     all    0.76    0.00    0.76   23.43    0.00    0.25    0.00    0.00    0.00   74.81
00:21:21     all    0.75    0.00    2.26   23.37    0.00    0.00    0.00    0.00    0.00   73.62
00:21:22     all    0.25    0.00    0.51   24.11    0.00    0.00    0.00    0.00    0.00   75.13
00:21:23     all    0.50    0.00    1.26   23.68    0.00    0.00    0.00    0.00    0.00   74.56
00:21:24     all    0.76    0.00    1.01   23.93    0.00    0.00    0.00    0.00    0.00   74.31
00:21:25     all    0.25    0.00    1.51   23.62    0.00    0.00    0.00    0.00    0.00   74.62
00:21:26     all    0.51    0.00    0.51   24.05    0.00    0.00    0.00    0.00    0.00   74.94
00:21:27     all    0.50    0.00    1.01   23.68    0.00    0.00    0.00    0.00    0.00   74.81
00:21:28     all    0.50    0.00    1.01   23.93    0.00    0.00    0.00    0.00    0.00   74.56
00:21:29     all    0.50    0.00    1.51   23.68    0.00    0.00    0.00    0.00    0.00   74.31
00:21:30     all    0.50    0.00    0.75   23.87    0.00    0.00    0.00    0.00    0.00   74.87
00:21:31     all    0.25    0.00    0.76   23.92    0.00    0.00    0.00    0.00    0.00   75.06
00:21:32     all    0.75    0.00    1.50   23.50    0.00    0.00    0.00    0.00    0.00   74.25
00:21:33     all    0.76    0.00    0.50   23.68    0.00    0.25    0.00    0.00    0.00   74.81
00:21:34     all    0.25    0.00    1.01   24.05    0.00    0.00    0.00    0.00    0.00   74.68
00:21:35     all    0.76    0.00    0.76   23.68    0.00    0.25    0.00    0.00    0.00   74.56
00:21:36     all    0.25    0.00    0.76   23.66    0.00    0.00    0.00    0.00    0.00   75.32
00:21:37     all    0.75    0.00    1.50   23.56    0.00    0.00    0.00    0.00    0.00   74.19
00:21:38     all    0.25    0.00    1.26   23.87    0.00    0.00    0.00    0.00    0.00   74.62
00:21:39     all    0.75    0.00    1.26   23.62    0.00    0.00    0.00    0.00    0.00   74.37
00:21:40     all    0.51    0.00    1.01   23.80    0.00    0.00    0.00    0.00    0.00   74.68
00:21:41     all    0.76    0.00    0.76   23.74    0.00    0.00    0.00    0.00    0.00   74.75
00:21:42     all    0.50    0.00    1.01   23.68    0.00    0.00    0.00    0.00    0.00   74.81
00:21:43     all    0.50    0.00    1.25   23.81    0.00    0.00    0.00    0.00    0.00   74.44
00:21:44     all    0.75    0.00    1.50   23.56    0.00    0.00    0.00    0.00    0.00   74.19
00:21:45     all    0.75    0.00    1.25   23.56    0.00    0.25    0.00    0.00    0.00   74.19
00:21:46     all    0.76    0.00    1.26   23.43    0.00    0.00    0.00    0.00    0.00   74.56
00:21:47     all    0.75    0.00    1.00   24.00    0.00    0.00    0.00    0.00    0.00   74.25
00:21:48     all    0.50    0.00    1.51   23.62    0.00    0.00    0.00    0.00    0.00   74.37
00:21:49     all    0.50    0.00    1.01   23.68    0.00    0.00    0.00    0.00    0.00   74.81
00:21:50     all    0.51    0.00    0.51   23.60    0.00    0.00    0.00    0.00    0.00   75.38
00:21:51     all    0.76    0.00    1.01   23.99    0.00    0.00    0.00    0.00    0.00   74.24
00:21:52     all    0.75    0.00    1.01   23.62    0.00    0.00    0.00    0.00    0.00   74.62
00:21:53     all    0.25    0.00    1.01   23.93    0.00    0.25    0.00    0.00    0.00   74.56
00:21:54     all    0.25    0.00    1.26   23.87    0.00    0.00    0.00    0.00    0.00   74.62
00:21:55     all    1.01    0.00    1.01   23.37    0.00    0.00    0.00    0.00    0.00   74.62
00:21:56     all    1.01    0.00    0.75   24.12    0.00    0.00    0.00    0.00    0.00   74.12
00:21:57     all    0.50    0.00    1.26   23.68    0.00    0.00    0.00    0.00    0.00   74.56
00:21:58     all    0.76    0.00    0.76   23.93    0.00    0.00    0.00    0.00    0.00   74.56
00:21:59     all    0.51    0.00    1.01   23.54    0.00    0.00    0.00    0.00    0.00   74.94
00:22:00     all    0.50    0.00    1.26   23.62    0.00    0.00    0.00    0.00    0.00   74.62
00:22:01     all    0.50    0.00    1.25   24.00    0.00    0.00    0.00    0.00    0.00   74.25
00:22:02     all    0.76    0.00    1.01   23.93    0.00    0.00    0.00    0.00    0.00   74.31
00:22:03     all    0.25    0.00    1.01   23.68    0.00    0.00    0.00    0.00    0.00   75.06
00:22:04     all    0.76    0.00    0.76   24.05    0.00    0.00    0.00    0.00    0.00   74.43
00:22:05     all    0.50    0.00    1.50   23.56    0.00    0.00    0.00    0.00    0.00   74.44
00:22:06     all    0.75    0.00    1.26   23.37    0.00    0.25    0.00    0.00    0.00   74.37
00:22:07     all    0.00    0.00    1.51   23.93    0.00    0.00    0.00    0.00    0.00   74.56
00:22:08     all    0.76    0.00    0.51   23.99    0.00    0.00    0.00    0.00    0.00   74.75
00:22:09     all    0.25    0.00    1.76   23.62    0.00    0.00    0.00    0.00    0.00   74.37
00:22:10     all    1.01    0.00    1.01   23.43    0.00    0.00    0.00    0.00    0.00   74.56
00:22:11     all    0.51    0.00    0.76   23.74    0.00    0.00    0.00    0.00    0.00   75.00
00:22:12     all    0.50    0.00    1.01   23.93    0.00    0.00    0.00    0.00    0.00   74.56
00:22:13     all    0.50    0.00    1.01   23.68    0.00    0.00    0.00    0.00    0.00   74.81
00:22:14     all    0.25    0.00    1.25   23.81    0.00    0.00    0.00    0.00    0.00   74.69
00:22:15     all    0.51    0.00    1.02   23.86    0.00    0.00    0.00    0.00    0.00   74.62
00:22:16     all    0.50    0.00    0.75   23.87    0.00    0.00    0.00    0.00    0.00   74.87
00:22:17     all    0.76    0.00    1.01   23.54    0.00    0.00    0.00    0.00    0.00   74.68
00:22:18     all    0.76    0.00    1.01   23.93    0.00    0.00    0.00    0.00    0.00   74.31
00:22:19     all    0.50    0.00    1.75   23.44    0.00    0.25    0.00    0.00    0.00   74.06
00:22:20     all    0.25    0.00    0.51   23.80    0.00    0.00    0.00    0.00    0.00   75.44
00:22:21     all    0.75    0.00    2.51   23.62    0.00    0.00    0.00    0.00    0.00   73.12
00:22:22     all    0.00    0.00    1.02   23.66    0.00    0.00    0.00    0.00    0.00   75.32
00:22:23     all    1.00    0.00    1.00   23.56    0.00    0.00    0.00    0.00    0.00   74.44
00:22:24     all    0.50    0.00    1.01   23.87    0.00    0.00    0.00    0.00    0.00   74.62
00:22:25     all    0.75    0.00    0.75   23.87    0.00    0.00    0.00    0.00    0.00   74.62
00:22:26     all    0.75    0.00    1.26   23.87    0.00    0.00    0.00    0.00    0.00   74.12
00:22:27     all    0.25    0.00    1.27   23.54    0.00    0.00    0.00    0.00    0.00   74.94
00:22:28     all    0.75    0.00    1.00   23.75    0.00    0.00    0.00    0.00    0.00   74.50
00:22:29     all    0.50    0.00    1.50   23.81    0.00    0.00    0.00    0.00    0.00   74.19
00:22:30     all    0.25    0.00    0.51   24.11    0.00    0.00    0.00    0.00    0.00   75.13
00:22:31     all    0.75    0.00    0.75   23.81    0.00    0.25    0.00    0.00    0.00   74.44
00:22:32     all    0.50    0.00    1.01   23.68    0.00    0.00    0.00    0.00    0.00   74.81
00:22:33     all    1.01    0.00    0.51   23.74    0.00    0.00    0.00    0.00    0.00   74.75
00:22:34     all    0.25    0.00    1.01   23.74    0.00    0.00    0.00    0.00    0.00   75.00
00:22:35     all    0.76    0.00    1.01   23.68    0.00    0.00    0.00    0.00    0.00   74.56
00:22:36     all    0.50    0.00    1.00   24.00    0.00    0.00    0.00    0.00    0.00   74.50
00:22:37     all    0.51    0.00    1.26   23.48    0.00    0.00    0.00    0.00    0.00   74.75
00:22:38     all    0.25    0.00    1.01   23.99    0.00    0.00    0.00    0.00    0.00   74.75
00:22:39     all    0.75    0.00    1.01   23.87    0.00    0.00    0.00    0.00    0.00   74.37
00:22:40     all    0.75    0.00    1.00   23.56    0.00    0.25    0.00    0.00    0.00   74.44
00:22:41     all    0.50    0.00    1.26   23.43    0.00    0.00    0.00    0.00    0.00   74.81
00:22:42     all    0.51    0.00    0.76   23.80    0.00    0.00    0.00    0.00    0.00   74.94
00:22:43     all    0.50    0.00    1.50   24.19    0.00    0.00    0.00    0.00    0.00   73.82
00:22:44     all    0.50    0.00    1.01   23.87    0.00    0.00    0.00    0.00    0.00   74.62
00:22:45     all    1.01    0.00    1.01   23.48    0.00    0.00    0.00    0.00    0.00   74.49
00:22:46     all    0.25    0.00    1.01   23.93    0.00    0.00    0.00    0.00    0.00   74.81
00:22:47     all    0.50    0.00    1.01   23.68    0.00    0.00    0.00    0.00    0.00   74.81
00:22:48     all    0.25    0.00    1.51   23.62    0.00    0.00    0.00    0.00    0.00   74.62
00:22:49     all    0.75    0.00    1.01   23.87    0.00    0.00    0.00    0.00    0.00   74.37
00:22:50     all    0.75    0.00    0.75   23.87    0.00    0.00    0.00    0.00    0.00   74.62
00:22:51     all    0.75    0.00    1.25   24.06    0.00    0.00    0.00    0.00    0.00   73.93
00:22:52     all    0.50    0.00    1.01   23.43    0.00    0.00    0.00    0.00    0.00   75.06
00:22:53     all    0.75    0.00    1.01   23.87    0.00    0.00    0.00    0.00    0.00   74.37
00:22:54     all    0.25    0.00    1.01   23.74    0.00    0.00    0.00    0.00    0.00   75.00
00:22:55     all    0.50    0.00    1.01   23.93    0.00    0.00    0.00    0.00    0.00   74.56
00:22:56     all    0.76    0.00    0.51   23.74    0.00    0.00    0.00    0.00    0.00   75.00
00:22:57     all    0.25    0.00    1.51   23.87    0.00    0.00    0.00    0.00    0.00   74.37
00:22:58     all    0.75    0.00    1.01   23.62    0.00    0.00    0.00    0.00    0.00   74.62
00:22:59     all    0.51    0.00    0.76   23.99    0.00    0.00    0.00    0.00    0.00   74.75
00:23:00     all    0.50    0.00    1.25   23.81    0.00    0.00    0.00    0.00    0.00   74.44
00:23:01     all    0.50    0.00    1.26   23.68    0.00    0.00    0.00    0.00    0.00   74.56
00:23:02     all    0.50    0.00    0.75   24.12    0.00    0.00    0.00    0.00    0.00   74.62
00:23:03     all    0.25    0.00    1.01   23.93    0.00    0.25    0.00    0.00    0.00   74.56
00:23:04     all    0.51    0.00    0.76   23.60    0.00    0.00    0.00    0.00    0.00   75.13
00:23:05     all    0.75    0.00    1.49   23.63    0.00    0.00    0.00    0.00    0.00   74.13
00:23:06     all    0.51    0.00    1.01   23.99    0.00    0.00    0.00    0.00    0.00   74.49
00:23:07     all    0.25    0.00    0.76   23.74    0.00    0.00    0.00    0.00    0.00   75.25
00:23:08     all    0.75    0.00    1.01   23.87    0.00    0.00    0.00    0.00    0.00   74.37
00:23:09     all    0.51    0.00    0.76   23.54    0.00    0.00    0.00    0.00    0.00   75.19
00:23:10     all    0.75    0.00    1.01   23.87    0.00    0.00    0.00    0.00    0.00   74.37
00:23:11     all    0.25    0.00    1.26   23.87    0.00    0.25    0.00    0.00    0.00   74.37
00:23:12     all    0.51    0.00    0.76   23.74    0.00    0.00    0.00    0.00    0.00   75.00
00:23:13     all    0.51    0.00    1.01   23.74    0.00    0.00    0.00    0.00    0.00   74.75
00:23:14     all    0.50    0.00    1.01   23.62    0.00    0.00    0.00    0.00    0.00   74.87
00:23:15     all    0.50    0.00    1.25   23.81    0.00    0.25    0.00    0.00    0.00   74.19
00:23:16     all    0.51    0.00    1.01   23.29    0.00    0.00    0.00    0.00    0.00   75.19
00:23:17     all    1.00    0.00    1.00   24.00    0.00    0.25    0.00    0.00    0.00   73.75
00:23:18     all    0.25    0.00    0.76   23.86    0.00    0.00    0.00    0.00    0.00   75.13
00:23:19     all    0.50    0.00    1.01   23.62    0.00    0.00    0.00    0.00    0.00   74.87
00:23:20     all    0.76    0.00    1.01   23.68    0.00    0.00    0.00    0.00    0.00   74.56
00:23:21     all    0.51    0.00    1.52   23.80    0.00    0.25    0.00    0.00    0.00   73.92
00:23:22     all    0.75    0.00    1.50   23.31    0.00    0.00    0.00    0.00    0.00   74.44
00:23:23     all    0.50    0.00    1.00   24.31    0.00    0.00    0.00    0.00    0.00   74.19
00:23:24     all    0.76    0.00    1.01   23.48    0.00    0.00    0.00    0.00    0.00   74.75
00:23:25     all    0.50    0.00    1.01   23.87    0.00    0.00    0.00    0.00    0.00   74.62
00:23:26     all    0.76    0.00    0.76   23.68    0.00    0.00    0.00    0.00    0.00   74.81
00:23:27     all    0.50    0.00    0.76   23.93    0.00    0.25    0.00    0.00    0.00   74.56
00:23:28     all    0.50    0.00    1.26   23.68    0.00    0.00    0.00    0.00    0.00   74.56
00:23:29     all    0.25    0.00    0.51   23.86    0.00    0.00    0.00    0.00    0.00   75.38
00:23:30     all    0.75    0.00    1.00   23.81    0.00    0.00    0.00    0.00    0.00   74.44
00:23:31     all    0.51    0.00    1.26   23.48    0.00    0.00    0.00    0.00    0.00   74.75
00:23:32     all    0.75    0.00    0.75   23.87    0.00    0.00    0.00    0.00    0.00   74.62
00:23:33     all    0.51    0.00    1.26   23.74    0.00    0.00    0.00    0.00    0.00   74.49
00:23:34     all    0.75    0.00    1.01   23.87    0.00    0.00    0.00    0.00    0.00   74.37
00:23:35     all    0.50    0.00    1.01   23.68    0.00    0.00    0.00    0.00    0.00   74.81
00:23:36     all    0.51    0.00    1.01   23.74    0.00    0.00    0.00    0.00    0.00   74.75
00:23:37     all    0.75    0.00    1.00   23.56    0.00    0.00    0.00    0.00    0.00   74.69
00:23:38     all    0.51    0.00    0.76   23.80    0.00    0.00    0.00    0.00    0.00   74.94
00:23:39     all    0.50    0.00    1.26   23.68    0.00    0.00    0.00    0.00    0.00   74.56
00:23:40     all    0.25    0.00    1.01   23.99    0.00    0.00    0.00    0.00    0.00   74.75
00:23:41     all    1.00    0.00    1.50   23.25    0.00    0.00    0.00    0.00    0.00   74.25
00:23:42     all    0.50    0.00    1.01   23.68    0.00    0.00    0.00    0.00    0.00   74.81
00:23:43     all    0.50    0.00    1.01   23.93    0.00    0.25    0.00    0.00    0.00   74.31
00:23:44     all    0.51    0.00    1.01   23.48    0.00    0.00    0.00    0.00    0.00   75.00
00:23:45     all    0.25    0.00    1.25   24.06    0.00    0.00    0.00    0.00    0.00   74.44
00:23:46     all    1.01    0.00    1.01   23.23    0.00    0.00    0.00    0.00    0.00   74.75
00:23:47     all    0.75    0.00    1.50   23.94    0.00    0.00    0.00    0.00    0.00   73.82
00:23:48     all    0.50    0.00    1.26   23.68    0.00    0.00    0.00    0.00    0.00   74.56
00:23:49     all    0.50    0.00    1.01   23.93    0.00    0.00    0.00    0.00    0.00   74.56
00:23:50     all    0.76    0.00    0.50   23.93    0.00    0.00    0.00    0.00    0.00   74.81
00:23:51     all    0.51    0.00    0.76   23.60    0.00    0.00    0.00    0.00    0.00   75.13
00:23:52     all    0.50    0.00    1.26   23.62    0.00    0.25    0.00    0.00    0.00   74.37
00:23:53     all    0.25    0.00    1.51   23.68    0.00    0.00    0.00    0.00    0.00   74.56
00:23:54     all    0.75    0.00    1.50   23.75    0.00    0.00    0.00    0.00    0.00   74.00
00:23:55     all    0.51    0.00    1.01   23.99    0.00    0.00    0.00    0.00    0.00   74.49
00:23:56     all    0.50    0.00    1.01   23.62    0.00    0.00    0.00    0.00    0.00   74.87
00:23:57     all    0.51    0.00    0.76   23.80    0.00    0.00    0.00    0.00    0.00   74.94
00:23:58     all    0.76    0.00    1.01   23.54    0.00    0.00    0.00    0.00    0.00   74.68
00:23:59     all    0.50    0.00    1.01   23.87    0.00    0.25    0.00    0.00    0.00   74.37
00:24:00     all    0.75    0.00    1.01   23.62    0.00    0.00    0.00    0.00    0.00   74.62
00:24:01     all    0.51    0.00    1.01   23.54    0.00    0.00    0.00    0.00    0.00   74.94
00:24:02     all    0.51    0.00    0.51   24.05    0.00    0.00    0.00    0.00    0.00   74.94
00:24:03     all    0.50    0.00    1.25   23.75    0.00    0.00    0.00    0.00    0.00   74.50
00:24:04     all    0.76    0.00    1.51   23.43    0.00    0.00    0.00    0.00    0.00   74.31
00:24:05     all    0.25    0.00    1.01   23.68    0.00    0.00    0.00    0.00    0.00   75.06
00:24:06     all    0.51    0.00    0.76   23.99    0.00    0.00    0.00    0.00    0.00   74.75
00:24:07     all    0.51    0.00    1.01   23.54    0.00    0.00    0.00    0.00    0.00   74.94
00:24:08     all    0.75    0.00    1.26   23.62    0.00    0.00    0.00    0.00    0.00   74.37
00:24:09     all    0.50    0.00    1.01   23.62    0.00    0.00    0.00    0.00    0.00   74.87
00:24:10     all    1.01    0.00    0.76   24.49    0.00    0.00    0.00    0.00    0.00   73.74
00:24:11     all    0.25    0.00    1.26   23.68    0.00    0.25    0.00    0.00    0.00   74.56
00:24:12     all    0.76    0.00    0.76   23.68    0.00    0.00    0.00    0.00    0.00   74.81
00:24:13     all    0.76    0.00    1.01   23.68    0.00    0.00    0.00    0.00    0.00   74.56
00:24:14     all    0.25    0.00    1.02   23.35    0.00    0.00    0.00    0.00    0.00   75.38
00:24:15     all    0.75    0.00    1.25   24.19    0.00    0.00    0.00    0.00    0.00   73.82
00:24:16     all    0.25    0.00    0.76   23.92    0.00    0.00    0.00    0.00    0.00   75.06
00:24:17     all    1.00    0.00    1.00   23.56    0.00    0.25    0.00    0.00    0.00   74.19
00:24:18     all    0.75    0.00    1.50   23.56    0.00    0.00    0.00    0.00    0.00   74.19
00:24:19     all    0.50    0.00    1.25   23.56    0.00    0.00    0.00    0.00    0.00   74.69
00:24:20     all    0.75    0.00    1.01   23.62    0.00    0.00    0.00    0.00    0.00   74.62
00:24:21     all    0.51    0.00    2.02   23.74    0.00    0.00    0.00    0.00    0.00   73.74
00:24:22     all    0.51    0.00    0.76   23.74    0.00    0.00    0.00    0.00    0.00   75.00
00:24:23     all    0.50    0.00    1.51   23.62    0.00    0.00    0.00    0.00    0.00   74.37
00:24:24     all    0.75    0.00    1.25   23.81    0.00    0.00    0.00    0.00    0.00   74.19
00:24:25     all    0.25    0.00    0.76   23.80    0.00    0.00    0.00    0.00    0.00   75.19
00:24:26     all    0.75    0.00    1.01   23.87    0.00    0.00    0.00    0.00    0.00   74.37
00:24:27     all    0.25    0.00    1.01   23.54    0.00    0.00    0.00    0.00    0.00   75.19
00:24:28     all    0.50    0.00    1.51   23.68    0.00    0.00    0.00    0.00    0.00   74.31
00:24:29     all    0.50    0.00    1.01   24.12    0.00    0.25    0.00    0.00    0.00   74.12
00:24:30     all    0.76    0.00    1.01   23.17    0.00    0.00    0.00    0.00    0.00   75.06
00:24:31     all    0.50    0.00    1.01   23.93    0.00    0.00    0.00    0.00    0.00   74.56
00:24:32     all    0.50    0.00    1.25   23.81    0.00    0.00    0.00    0.00    0.00   74.44
00:24:33     all    0.75    0.00    1.01   23.87    0.00    0.00    0.00    0.00    0.00   74.37
00:24:34     all    0.76    0.00    1.01   23.48    0.00    0.00    0.00    0.00    0.00   74.75
00:24:35     all    0.50    0.00    1.26   23.62    0.00    0.00    0.00    0.00    0.00   74.62
00:24:36     all    1.00    0.00    1.25   23.56    0.00    0.00    0.00    0.00    0.00   74.19
00:24:37     all    0.51    0.00    1.01   23.74    0.00    0.00    0.00    0.00    0.00   74.75
00:24:38     all    0.76    0.00    1.26   23.43    0.00    0.00    0.00    0.00    0.00   74.56
00:24:39     all    0.25    0.00    1.51   23.87    0.00    0.00    0.00    0.00    0.00   74.37
00:24:40     all    0.76    0.00    1.01   23.48    0.00    0.00    0.00    0.00    0.00   74.75
00:24:41     all    1.00    0.00    1.00   23.56    0.00    0.00    0.00    0.00    0.00   74.44
00:24:42     all    0.00    0.00    1.01   23.80    0.00    0.25    0.00    0.00    0.00   74.94
00:24:43     all    0.75    0.00    1.01   24.12    0.00    0.00    0.00    0.00    0.00   74.12
00:24:44     all    0.75    0.00    1.01   23.37    0.00    0.00    0.00    0.00    0.00   74.87
00:24:45     all    0.25    0.00    1.26   23.68    0.00    0.00    0.00    0.00    0.00   74.81
00:24:46     all    0.51    0.00    1.27   23.41    0.00    0.00    0.00    0.00    0.00   74.81
00:24:47     all    0.50    0.00    1.01   23.87    0.00    0.00    0.00    0.00    0.00   74.62
00:24:48     all    0.75    0.00    1.01   23.87    0.00    0.00    0.00    0.00    0.00   74.37
00:24:49     all    0.50    0.00    1.01   23.87    0.00    0.00    0.00    0.00    0.00   74.62
00:24:50     all    0.75    0.00    1.01   23.62    0.00    0.00    0.00    0.00    0.00   74.62
00:24:51     all    0.51    0.00    0.76   23.80    0.00    0.00    0.00    0.00    0.00   74.94
00:24:52     all    0.75    0.00    1.50   23.56    0.00    0.00    0.00    0.00    0.00   74.19
00:24:53     all    0.75    0.00    1.26   23.37    0.00    0.00    0.00    0.00    0.00   74.62
00:24:54     all    0.50    0.00    1.01   24.18    0.00    0.00    0.00    0.00    0.00   74.31
00:24:55     all    0.50    0.00    1.01   23.43    0.00    0.00    0.00    0.00    0.00   75.06
00:24:56     all    0.75    0.00    1.00   24.06    0.00    0.00    0.00    0.00    0.00   74.19
00:24:57     all    0.50    0.00    1.26   23.37    0.00    0.25    0.00    0.00    0.00   74.62
00:24:58     all    0.51    0.00    0.76   23.99    0.00    0.00    0.00    0.00    0.00   74.75
00:24:59     all    0.25    0.00    1.02   23.66    0.00    0.00    0.00    0.00    0.00   75.06
00:25:00     all    0.25    0.00    0.51   24.24    0.00    0.00    0.00    0.00    0.00   75.00
00:25:01     all    1.00    0.00    1.75   23.50    0.00    0.25    0.00    0.00    0.00   73.50
00:25:02     all    0.50    0.00    1.01   23.68    0.00    0.00    0.00    0.00    0.00   74.81
00:25:03     all    0.50    0.00    0.75   24.12    0.00    0.25    0.00    0.00    0.00   74.37
00:25:04     all    1.00    0.00    1.50   23.31    0.00    0.00    0.00    0.00    0.00   74.19
00:25:05     all    0.51    0.00    0.51   24.24    0.00    0.00    0.00    0.00    0.00   74.75
00:25:06     all    0.75    0.00    1.50   23.25    0.00    0.00    0.00    0.00    0.00   74.50
00:25:07     all    0.50    0.00    1.01   23.87    0.00    0.25    0.00    0.00    0.00   74.37
00:25:08     all    0.25    0.00    0.51   23.86    0.00    0.00    0.00    0.00    0.00   75.38
00:25:09     all    0.76    0.00    1.01   23.74    0.00    0.00    0.00    0.00    0.00   74.49
00:25:10     all    0.75    0.00    1.01   23.62    0.00    0.00    0.00    0.00    0.00   74.62
00:25:11     all    0.25    0.00    1.01   23.80    0.00    0.00    0.00    0.00    0.00   74.94
00:25:12     all    0.50    0.00    1.26   23.68    0.00    0.00    0.00    0.00    0.00   74.56
00:25:13     all    0.51    0.00    1.01   23.48    0.00    0.00    0.00    0.00    0.00   75.00
00:25:14     all    0.75    0.00    1.25   24.00    0.00    0.00    0.00    0.00    0.00   74.00
00:25:15     all    0.50    0.00    1.51   23.37    0.00    0.00    0.00    0.00    0.00   74.62
00:25:16     all    1.01    0.00    0.51   23.74    0.00    0.00    0.00    0.00    0.00   74.75
00:25:17     all    0.51    0.00    1.02   23.60    0.00    0.00    0.00    0.00    0.00   74.87
00:25:18     all    0.75    0.00    1.00   23.75    0.00    0.00    0.00    0.00    0.00   74.50
00:25:19     all    0.51    0.00    1.02   23.60    0.00    0.00    0.00    0.00    0.00   74.87
00:25:20     all    0.50    0.00    1.01   23.68    0.00    0.00    0.00    0.00    0.00   74.81
00:25:21     all    0.75    0.00    2.01   23.81    0.00    0.00    0.00    0.00    0.00   73.43
00:25:22     all    0.51    0.00    1.02   23.60    0.00    0.00    0.00    0.00    0.00   74.87
00:25:23     all    0.51    0.00    1.01   23.54    0.00    0.00    0.00    0.00    0.00   74.94
00:25:24     all    0.75    0.00    1.26   23.87    0.00    0.00    0.00    0.00    0.00   74.12
00:25:25     all    0.76    0.00    1.01   23.68    0.00    0.00    0.00    0.00    0.00   74.56
00:25:26     all    0.25    0.00    0.76   23.74    0.00    0.00    0.00    0.00    0.00   75.25
00:25:27     all    0.76    0.00    1.01   23.74    0.00    0.00    0.00    0.00    0.00   74.49
00:25:28     all    0.25    0.00    0.51   23.86    0.00    0.00    0.00    0.00    0.00   75.38
00:25:29     all    0.75    0.00    1.50   23.50    0.00    0.25    0.00    0.00    0.00   74.00
00:25:30     all    0.50    0.00    0.75   23.87    0.00    0.00    0.00    0.00    0.00   74.87
00:25:31     all    0.51    0.00    1.26   23.48    0.00    0.00    0.00    0.00    0.00   74.75
00:25:32     all    0.50    0.00    1.01   23.93    0.00    0.00    0.00    0.00    0.00   74.56
00:25:33     all    0.75    0.00    1.01   23.87    0.00    0.00    0.00    0.00    0.00   74.37
00:25:34     all    0.76    0.00    0.76   23.43    0.00    0.00    0.00    0.00    0.00   75.06
00:25:35     all    0.51    0.00    1.01   23.99    0.00    0.00    0.00    0.00    0.00   74.49
00:25:36     all    0.50    0.00    1.01   23.68    0.00    0.00    0.00    0.00    0.00   74.81
00:25:37     all    0.25    0.00    1.01   23.93    0.00    0.00    0.00    0.00    0.00   74.81
00:25:38     all    0.75    0.00    1.01   23.62    0.00    0.00    0.00    0.00    0.00   74.62
00:25:39     all    0.25    0.00    1.01   23.99    0.00    0.00    0.00    0.00    0.00   74.75
00:25:40     all    0.76    0.00    0.76   23.74    0.00    0.00    0.00    0.00    0.00   74.75
00:25:41     all    0.50    0.00    1.50   23.75    0.00    0.25    0.00    0.00    0.00   74.00
00:25:42     all    0.51    0.00    0.76   23.48    0.00    0.00    0.00    0.00    0.00   75.25
00:25:43     all    0.50    0.00    1.51   23.62    0.00    0.00    0.00    0.00    0.00   74.37
00:25:44     all    0.50    0.00    1.26   23.62    0.00    0.00    0.00    0.00    0.00   74.62
00:25:45     all    0.25    0.00    1.01   23.93    0.00    0.00    0.00    0.00    0.00   74.81
00:25:46     all    0.76    0.00    0.76   23.74    0.00    0.00    0.00    0.00    0.00   74.75
00:25:47     all    0.51    0.00    1.26   23.48    0.00    0.00    0.00    0.00    0.00   74.75
00:25:48     all    0.25    0.00    1.01   23.93    0.00    0.00    0.00    0.00    0.00   74.81
00:25:49     all    0.75    0.00    1.00   24.31    0.00    0.00    0.00    0.00    0.00   73.93
00:25:50     all    0.25    0.00    1.26   23.48    0.00    0.00    0.00    0.00    0.00   75.00
00:25:51     all    1.00    0.00    1.50   23.50    0.00    0.00    0.00    0.00    0.00   74.00
00:25:52     all    0.25    0.00    1.26   23.74    0.00    0.00    0.00    0.00    0.00   74.75
00:25:53     all    0.75    0.00    1.00   23.75    0.00    0.00    0.00    0.00    0.00   74.50
00:25:54     all    0.51    0.00    0.76   23.99    0.00    0.25    0.00    0.00    0.00   74.49
00:25:55     all    0.75    0.00    1.75   23.06    0.00    0.00    0.00    0.00    0.00   74.44
00:25:56     all    0.50    0.00    1.26   23.68    0.00    0.00    0.00    0.00    0.00   74.56
00:25:57     all    0.75    0.00    1.75   23.44    0.00    0.00    0.00    0.00    0.00   74.06
00:25:58     all    0.75    0.00    1.01   23.62    0.00    0.00    0.00    0.00    0.00   74.62
00:25:59     all    0.50    0.00    1.51   23.87    0.00    0.00    0.00    0.00    0.00   74.12
00:26:00     all    0.75    0.00    1.00   23.81    0.00    0.00    0.00    0.00    0.00   74.44
00:26:01     all    0.51    0.00    1.01   23.54    0.00    0.00    0.00    0.00    0.00   74.94
00:26:02     all    0.25    0.00    1.51   23.62    0.00    0.00    0.00    0.00    0.00   74.62
00:26:03     all    0.51    0.00    0.76   23.80    0.00    0.00    0.00    0.00    0.00   74.94
00:26:04     all    0.51    0.00    0.76   23.80    0.00    0.00    0.00    0.00    0.00   74.94
00:26:05     all    0.25    0.00    1.01   23.93    0.00    0.25    0.00    0.00    0.00   74.56
00:26:06     all    0.75    0.00    0.75   23.62    0.00    0.00    0.00    0.00    0.00   74.87
00:26:07     all    0.75    0.00    1.25   23.56    0.00    0.00    0.00    0.00    0.00   74.44
00:26:08     all    0.51    0.00    0.51   23.86    0.00    0.00    0.00    0.00    0.00   75.13
00:26:09     all    0.50    0.00    1.26   23.87    0.00    0.00    0.00    0.00    0.00   74.37
00:26:10     all    0.51    0.00    1.02   23.60    0.00    0.00    0.00    0.00    0.00   74.87
00:26:11     all    0.25    0.00    1.26   23.68    0.00    0.00    0.00    0.00    0.00   74.81
00:26:12     all    0.75    0.00    1.00   23.81    0.00    0.00    0.00    0.00    0.00   74.44
00:26:13     all    0.25    0.00    1.51   23.68    0.00    0.00    0.00    0.00    0.00   74.56
00:26:14     all    1.01    0.00    0.75   23.62    0.00    0.00    0.00    0.00    0.00   74.62
00:26:15     all    0.75    0.00    1.25   23.69    0.00    0.25    0.00    0.00    0.00   74.06
00:26:16     all    0.25    0.00    1.77   23.48    0.00    0.00    0.00    0.00    0.00   74.49
00:26:17     all    0.75    0.00    1.01   23.62    0.00    0.00    0.00    0.00    0.00   74.62
00:26:18     all    0.76    0.00    1.01   23.93    0.00    0.00    0.00    0.00    0.00   74.31
00:26:19     all    0.00    0.00    0.76   23.66    0.00    0.00    0.00    0.00    0.00   75.57
00:26:20     all    1.00    0.00    1.24   23.63    0.00    0.00    0.00    0.00    0.00   74.13
00:26:21     all    0.51    0.00    2.03   23.54    0.00    0.00    0.00    0.00    0.00   73.92
00:26:22     all    0.76    0.00    1.26   23.68    0.00    0.00    0.00    0.00    0.00   74.31
00:26:23     all    0.50    0.00    1.25   23.75    0.00    0.00    0.00    0.00    0.00   74.50
00:26:24     all    0.51    0.00    1.01   23.54    0.00    0.00    0.00    0.00    0.00   74.94
00:26:25     all    0.50    0.00    1.51   23.37    0.00    0.00    0.00    0.00    0.00   74.62
00:26:26     all    0.51    0.00    0.76   23.99    0.00    0.00    0.00    0.00    0.00   74.75
00:26:27     all    0.50    0.00    1.50   23.81    0.00    0.00    0.00    0.00    0.00   74.19
00:26:28     all    0.75    0.00    1.25   23.56    0.00    0.00    0.00    0.00    0.00   74.44
00:26:29     all    0.75    0.00    1.75   23.56    0.00    0.00    0.00    0.00    0.00   73.93
00:26:30     all    0.25    0.00    1.01   23.48    0.00    0.00    0.00    0.00    0.00   75.25
00:26:31     all    0.50    0.00    0.75   24.12    0.00    0.25    0.00    0.00    0.00   74.37
00:26:32     all    0.76    0.00    1.01   23.68    0.00    0.00    0.00    0.00    0.00   74.56
00:26:33     all    0.75    0.00    1.26   23.62    0.00    0.00    0.00    0.00    0.00   74.37
00:26:34     all    0.25    0.00    0.76   23.66    0.00    0.00    0.00    0.00    0.00   75.32
00:26:35     all    0.75    0.00    1.25   23.81    0.00    0.00    0.00    0.00    0.00   74.19
00:26:36     all    0.75    0.00    1.50   23.31    0.00    0.00    0.00    0.00    0.00   74.44
00:26:37     all    0.75    0.00    1.01   23.62    0.00    0.00    0.00    0.00    0.00   74.62
00:26:38     all    0.50    0.00    1.01   23.93    0.00    0.00    0.00    0.00    0.00   74.56
00:26:39     all    1.00    0.00    1.25   23.75    0.00    0.00    0.00    0.00    0.00   74.00
00:26:40     all    0.25    0.00    1.26   23.62    0.00    0.25    0.00    0.00    0.00   74.62
00:26:41     all    0.76    0.00    1.01   23.48    0.00    0.00    0.00    0.00    0.00   74.75
00:26:42     all    0.50    0.00    1.25   23.81    0.00    0.00    0.00    0.00    0.00   74.44
00:26:43     all    0.25    0.00    1.26   23.93    0.00    0.00    0.00    0.00    0.00   74.56
00:26:44     all    0.75    0.00    1.26   23.62    0.00    0.00    0.00    0.00    0.00   74.37
00:26:45     all    0.50    0.00    1.01   23.43    0.00    0.00    0.00    0.00    0.00   75.06
00:26:46     all    0.76    0.00    0.76   23.93    0.00    0.00    0.00    0.00    0.00   74.56
00:26:47     all    1.00    0.00    1.25   23.31    0.00    0.00    0.00    0.00    0.00   74.44
00:26:48     all    0.00    0.00    0.76   24.49    0.00    0.00    0.00    0.00    0.00   74.75
00:26:49     all    1.01    0.00    1.01   23.43    0.00    0.00    0.00    0.00    0.00   74.56
00:26:50     all    0.50    0.00    1.25   23.75    0.00    0.25    0.00    0.00    0.00   74.25
00:26:51     all    0.25    0.00    1.02   23.60    0.00    0.00    0.00    0.00    0.00   75.13
00:26:52     all    1.00    0.00    1.00   23.56    0.00    0.00    0.00    0.00    0.00   74.44
00:26:53     all    0.75    0.00    1.75   23.31    0.00    0.00    0.00    0.00    0.00   74.19
00:26:54     all    0.25    0.00    0.76   24.24    0.00    0.00    0.00    0.00    0.00   74.75
00:26:55     all    0.50    0.00    1.01   23.68    0.00    0.00    0.00    0.00    0.00   74.81
00:26:56     all    0.76    0.00    1.01   23.68    0.00    0.00    0.00    0.00    0.00   74.56
00:26:57     all    0.25    0.00    0.76   23.99    0.00    0.00    0.00    0.00    0.00   75.00
00:26:58     all    1.00    0.00    1.50   23.44    0.00    0.00    0.00    0.00    0.00   74.06
00:26:59     all    0.50    0.00    1.01   23.93    0.00    0.00    0.00    0.00    0.00   74.56
00:27:00     all    1.01    0.00    1.01   23.43    0.00    0.00    0.00    0.00    0.00   74.56
00:27:01     all    0.50    0.00    1.01   23.93    0.00    0.00    0.00    0.00    0.00   74.56
00:27:02     all    0.50    0.00    1.01   23.87    0.00    0.00    0.00    0.00    0.00   74.62
00:27:03     all    0.50    0.00    1.50   23.56    0.00    0.25    0.00    0.00    0.00   74.19
00:27:04     all    0.51    0.00    0.76   23.60    0.00    0.00    0.00    0.00    0.00   75.13
00:27:05     all    0.75    0.00    1.26   23.62    0.00    0.00    0.00    0.00    0.00   74.37
00:27:06     all    0.50    0.00    1.26   23.62    0.00    0.00    0.00    0.00    0.00   74.62
00:27:07     all    0.76    0.00    1.01   23.68    0.00    0.00    0.00    0.00    0.00   74.56
00:27:08     all    0.25    0.00    1.01   23.93    0.00    0.00    0.00    0.00    0.00   74.81
00:27:09     all    1.01    0.00    1.51   23.17    0.00    0.00    0.00    0.00    0.00   74.31
00:27:10     all    0.50    0.00    1.25   24.06    0.00    0.00    0.00    0.00    0.00   74.19
00:27:11     all    0.51    0.00    0.76   23.54    0.00    0.00    0.00    0.00    0.00   75.19
00:27:12     all    0.50    0.00    1.01   23.68    0.00    0.25    0.00    0.00    0.00   74.56
00:27:13     all    1.00    0.00    1.00   23.56    0.00    0.00    0.00    0.00    0.00   74.44
00:27:14     all    0.00    0.00    1.01   23.80    0.00    0.00    0.00    0.00    0.00   75.19
00:27:15     all    1.25    0.00    1.00   23.69    0.00    0.00    0.00    0.00    0.00   74.06
00:27:16     all    0.76    0.00    1.26   23.48    0.00    0.00    0.00    0.00    0.00   74.49
00:27:17     all    0.25    0.00    1.01   24.43    0.00    0.00    0.00    0.00    0.00   74.31
00:27:18     all    0.50    0.00    1.26   23.62    0.00    0.25    0.00    0.00    0.00   74.37
00:27:19     all    0.51    0.00    0.76   23.74    0.00    0.00    0.00    0.00    0.00   75.00
00:27:20     all    0.76    0.00    1.26   23.43    0.00    0.00    0.00    0.00    0.00   74.56
00:27:21     all    0.25    0.00    1.52   23.99    0.00    0.25    0.00    0.00    0.00   73.99
00:27:22     all    0.76    0.00    1.01   23.68    0.00    0.00    0.00    0.00    0.00   74.56
00:27:23     all    0.51    0.00    1.01   23.74    0.00    0.00    0.00    0.00    0.00   74.75
00:27:24     all    0.76    0.00    1.26   23.48    0.00    0.00    0.00    0.00    0.00   74.49
00:27:25     all    0.25    0.00    1.25   23.81    0.00    0.00    0.00    0.00    0.00   74.69
00:27:26     all    0.76    0.00    0.51   23.80    0.00    0.00    0.00    0.00    0.00   74.94
00:27:27     all    0.50    0.00    1.25   23.50    0.00    0.00    0.00    0.00    0.00   74.75
00:27:28     all    1.01    0.00    1.01   24.12    0.00    0.00    0.00    0.00    0.00   73.87
00:27:29     all    0.25    0.00    1.01   23.54    0.00    0.00    0.00    0.00    0.00   75.19
00:27:30     all    0.50    0.00    1.25   23.81    0.00    0.00    0.00    0.00    0.00   74.44
00:27:31     all    0.25    0.00    0.51   23.92    0.00    0.00    0.00    0.00    0.00   75.32
00:27:32     all    0.25    0.00    1.01   23.80    0.00    0.00    0.00    0.00    0.00   74.94
00:27:33     all    0.51    0.00    0.76   23.74    0.00    0.00    0.00    0.00    0.00   75.00
00:27:34     all    0.75    0.00    1.75   23.44    0.00    0.25    0.00    0.00    0.00   73.82
00:27:35     all    0.75    0.00    1.26   23.62    0.00    0.00    0.00    0.00    0.00   74.37
00:27:36     all    0.25    0.00    0.76   23.99    0.00    0.00    0.00    0.00    0.00   75.00
00:27:37     all    1.01    0.00    1.01   23.17    0.00    0.00    0.00    0.00    0.00   74.81
00:27:38     all    0.25    0.00    1.26   23.68    0.00    0.00    0.00    0.00    0.00   74.81
00:27:39     all    0.75    0.00    1.25   23.81    0.00    0.00    0.00    0.00    0.00   74.19
00:27:40     all    0.51    0.00    0.76   23.86    0.00    0.00    0.00    0.00    0.00   74.87
00:27:41     all    1.01    0.00    1.26   23.37    0.00    0.00    0.00    0.00    0.00   74.37
00:27:42     all    0.25    0.00    1.01   23.74    0.00    0.00    0.00    0.00    0.00   75.00
00:27:43     all    0.25    0.00    1.26   23.74    0.00    0.00    0.00    0.00    0.00   74.75
00:27:44     all    0.76    0.00    0.76   23.68    0.00    0.00    0.00    0.00    0.00   74.81
00:27:45     all    0.25    0.00    1.25   23.56    0.00    0.25    0.00    0.00    0.00   74.69
00:27:46     all    0.76    0.00    1.01   23.74    0.00    0.00    0.00    0.00    0.00   74.49
00:27:47     all    0.75    0.00    1.01   23.62    0.00    0.00    0.00    0.00    0.00   74.62
00:27:48     all    0.25    0.00    1.02   23.86    0.00    0.00    0.00    0.00    0.00   74.87
00:27:49     all    0.50    0.00    1.01   23.87    0.00    0.00    0.00    0.00    0.00   74.62
00:27:50     all    0.50    0.00    1.01   23.68    0.00    0.00    0.00    0.00    0.00   74.81
00:27:51     all    0.50    0.00    1.01   23.68    0.00    0.00    0.00    0.00    0.00   74.81
00:27:52     all    0.51    0.00    1.01   23.74    0.00    0.00    0.00    0.00    0.00   74.75
00:27:53     all    0.76    0.00    1.26   23.43    0.00    0.00    0.00    0.00    0.00   74.56
00:27:54     all    0.00    0.00    0.76   24.24    0.00    0.00    0.00    0.00    0.00   75.00
00:27:55     all    0.76    0.00    0.76   23.29    0.00    0.00    0.00    0.00    0.00   75.19
00:27:56     all    0.50    0.00    1.50   23.81    0.00    0.00    0.00    0.00    0.00   74.19
00:27:57     all    0.51    0.00    1.01   23.74    0.00    0.00    0.00    0.00    0.00   74.75
00:27:58     all    0.50    0.00    1.25   23.56    0.00    0.25    0.00    0.00    0.00   74.44
00:27:59     all    0.50    0.00    1.26   23.62    0.00    0.00    0.00    0.00    0.00   74.62
00:28:00     all    0.50    0.00    1.01   23.87    0.00    0.00    0.00    0.00    0.00   74.62
00:28:01     all    0.76    0.00    1.01   23.54    0.00    0.00    0.00    0.00    0.00   74.68
00:28:02     all    0.50    0.00    1.00   24.06    0.00    0.00    0.00    0.00    0.00   74.44
00:28:03     all    0.75    0.00    1.50   23.50    0.00    0.00    0.00    0.00    0.00   74.25
00:28:04     all    0.76    0.00    1.01   23.68    0.00    0.00    0.00    0.00    0.00   74.56
00:28:05     all    0.75    0.00    1.50   23.75    0.00    0.00    0.00    0.00    0.00   74.00
00:28:06     all    0.25    0.00    1.01   23.68    0.00    0.00    0.00    0.00    0.00   75.06
00:28:07     all    0.25    0.00    0.76   24.11    0.00    0.00    0.00    0.00    0.00   74.87
00:28:08     all    0.75    0.00    1.01   23.62    0.00    0.00    0.00    0.00    0.00   74.62
00:28:09     all    0.25    0.00    1.01   23.80    0.00    0.00    0.00    0.00    0.00   74.94
00:28:10     all    1.00    0.00    1.24   23.38    0.00    0.25    0.00    0.00    0.00   74.13
00:28:11     all    0.76    0.00    1.01   23.68    0.00    0.00    0.00    0.00    0.00   74.56
00:28:12     all    0.25    0.00    1.01   24.05    0.00    0.00    0.00    0.00    0.00   74.68
00:28:13     all    0.76    0.00    0.76   23.74    0.00    0.00    0.00    0.00    0.00   74.75
00:28:14     all    0.25    0.00    0.76   23.80    0.00    0.00    0.00    0.00    0.00   75.19
00:28:15     all    0.75    0.00    1.51   23.62    0.00    0.00    0.00    0.00    0.00   74.12
00:28:16     all    0.51    0.00    0.76   23.48    0.00    0.00    0.00    0.00    0.00   75.25
00:28:17     all    1.25    0.00    1.50   23.44    0.00    0.25    0.00    0.00    0.00   73.57
00:28:18     all    0.50    0.00    1.26   23.87    0.00    0.00    0.00    0.00    0.00   74.37
00:28:19     all    0.50    0.00    1.50   23.56    0.00    0.00    0.00    0.00    0.00   74.44
00:28:20     all    0.50    0.00    1.00   23.81    0.00    0.00    0.00    0.00    0.00   74.69
00:28:21     all    0.76    0.00    1.77   23.54    0.00    0.00    0.00    0.00    0.00   73.92
00:28:22     all    0.51    0.00    0.51   23.66    0.00    0.00    0.00    0.00    0.00   75.32
00:28:23     all    0.50    0.00    1.26   23.93    0.00    0.00    0.00    0.00    0.00   74.31
00:28:24     all    0.50    0.00    1.50   23.56    0.00    0.00    0.00    0.00    0.00   74.44
00:28:25     all    0.50    0.00    1.01   23.68    0.00    0.25    0.00    0.00    0.00   74.56
00:28:26     all    0.51    0.00    0.76   23.99    0.00    0.00    0.00    0.00    0.00   74.75
00:28:27     all    0.50    0.00    1.01   23.68    0.00    0.00    0.00    0.00    0.00   74.81
00:28:28     all    0.51    0.00    0.76   23.74    0.00    0.00    0.00    0.00    0.00   75.00
00:28:29     all    0.50    0.00    1.51   23.62    0.00    0.25    0.00    0.00    0.00   74.12
00:28:30     all    0.50    0.00    0.75   23.87    0.00    0.00    0.00    0.00    0.00   74.87
00:28:31     all    0.76    0.00    1.01   23.68    0.00    0.00    0.00    0.00    0.00   74.56
00:28:32     all    0.25    0.00    1.01   23.99    0.00    0.00    0.00    0.00    0.00   74.75
00:28:33     all    0.51    0.00    0.76   23.80    0.00    0.00    0.00    0.00    0.00   74.94
00:28:34     all    0.50    0.00    1.25   23.81    0.00    0.00    0.00    0.00    0.00   74.44
00:28:35     all    0.51    0.00    1.01   23.54    0.00    0.00    0.00    0.00    0.00   74.94
00:28:36     all    1.00    0.00    1.00   23.56    0.00    0.00    0.00    0.00    0.00   74.44
00:28:37     all    0.25    0.00    0.76   23.74    0.00    0.25    0.00    0.00    0.00   75.00
00:28:38     all    0.25    0.00    1.26   23.99    0.00    0.00    0.00    0.00    0.00   74.49
00:28:39     all    0.75    0.00    1.25   23.50    0.00    0.00    0.00    0.00    0.00   74.50
00:28:40     all    0.00    0.00    0.76   23.92    0.00    0.00    0.00    0.00    0.00   75.32
00:28:41     all    1.25    0.00    1.50   23.44    0.00    0.00    0.00    0.00    0.00   73.82
00:28:42     all    0.25    0.00    1.01   23.80    0.00    0.00    0.00    0.00    0.00   74.94
00:28:43     all    0.75    0.00    1.25   23.81    0.00    0.00    0.00    0.00    0.00   74.19
00:28:44     all    0.51    0.00    1.01   23.48    0.00    0.00    0.00    0.00    0.00   75.00
00:28:45     all    0.00    0.00    1.51   23.87    0.00    0.00    0.00    0.00    0.00   74.62
00:28:46     all    1.01    0.00    1.01   23.37    0.00    0.00    0.00    0.00    0.00   74.62
00:28:47     all    0.25    0.00    0.76   24.05    0.00    0.00    0.00    0.00    0.00   74.94
00:28:48     all    0.76    0.00    1.26   23.68    0.00    0.00    0.00    0.00    0.00   74.31
00:28:49     all    0.75    0.00    1.00   23.56    0.00    0.00    0.00    0.00    0.00   74.69
00:28:50     all    0.50    0.00    1.50   23.75    0.00    0.00    0.00    0.00    0.00   74.25
00:28:51     all    0.25    0.00    0.76   23.66    0.00    0.00    0.00    0.00    0.00   75.32
00:28:52     all    1.01    0.00    1.01   23.87    0.00    0.00    0.00    0.00    0.00   74.12
00:28:53     all    0.76    0.00    1.01   23.54    0.00    0.00    0.00    0.00    0.00   74.68
00:28:54     all    0.25    0.00    1.26   23.68    0.00    0.00    0.00    0.00    0.00   74.81
00:28:55     all    0.75    0.00    1.25   23.75    0.00    0.00    0.00    0.00    0.00   74.25
00:28:56     all    0.75    0.00    1.25   23.56    0.00    0.00    0.00    0.00    0.00   74.44
00:28:57     all    0.25    0.00    1.27   23.54    0.00    0.00    0.00    0.00    0.00   74.94
00:28:58     all    0.50    0.00    1.00   24.06    0.00    0.25    0.00    0.00    0.00   74.19
00:28:59     all    0.75    0.00    1.25   23.31    0.00    0.25    0.00    0.00    0.00   74.44
00:29:00     all    0.00    0.00    0.76   23.92    0.00    0.00    0.00    0.00    0.00   75.32
00:29:01     all    0.50    0.00    1.01   23.43    0.00    0.00    0.00    0.00    0.00   75.06
00:29:02     all    1.01    0.00    1.01   23.62    0.00    0.00    0.00    0.00    0.00   74.37
00:29:03     all    0.25    0.00    1.01   24.12    0.00    0.00    0.00    0.00    0.00   74.62
00:29:04     all    0.25    0.00    1.01   23.80    0.00    0.00    0.00    0.00    0.00   74.94
00:29:05     all    1.01    0.00    1.01   23.62    0.00    0.00    0.00    0.00    0.00   74.37
00:29:06     all    0.25    0.00    1.01   23.80    0.00    0.00    0.00    0.00    0.00   74.94
00:29:07     all    1.00    0.00    1.25   23.50    0.00    0.00    0.00    0.00    0.00   74.25
00:29:08     all    0.25    0.00    1.76   23.37    0.00    0.00    0.00    0.00    0.00   74.62
00:29:09     all    0.75    0.00    1.00   23.81    0.00    0.00    0.00    0.00    0.00   74.44
00:29:10     all    0.50    0.00    1.26   23.93    0.00    0.00    0.00    0.00    0.00   74.31
00:29:11     all    0.75    0.00    0.75   23.87    0.00    0.25    0.00    0.00    0.00   74.37
00:29:12     all    0.75    0.00    1.26   23.37    0.00    0.00    0.00    0.00    0.00   74.62
00:29:13     all    0.25    0.00    1.26   23.87    0.00    0.00    0.00    0.00    0.00   74.62
00:29:14     all    0.51    0.00    0.76   23.74    0.00    0.00    0.00    0.00    0.00   75.00
00:29:15     all    0.75    0.00    1.26   23.62    0.00    0.00    0.00    0.00    0.00   74.37
00:29:16     all    0.50    0.00    1.50   23.75    0.00    0.00    0.00    0.00    0.00   74.25
00:29:17     all    0.51    0.00    1.02   23.86    0.00    0.00    0.00    0.00    0.00   74.62
00:29:18     all    0.50    0.00    1.25   23.56    0.00    0.00    0.00    0.00    0.00   74.69
00:29:19     all    1.01    0.00    1.01   23.62    0.00    0.00    0.00    0.00    0.00   74.37
00:29:20     all    0.25    0.00    0.76   23.99    0.00    0.00    0.00    0.00    0.00   75.00
00:29:21     all    0.51    0.00    2.02   23.48    0.00    0.00    0.00    0.00    0.00   73.99
00:29:22     all    0.75    0.00    1.01   23.87    0.00    0.00    0.00    0.00    0.00   74.37
00:29:23     all    0.25    0.00    1.01   23.99    0.00    0.00    0.00    0.00    0.00   74.75
00:29:24     all    0.76    0.00    1.01   23.68    0.00    0.00    0.00    0.00    0.00   74.56
00:29:25     all    0.76    0.00    1.26   23.17    0.00    0.00    0.00    0.00    0.00   74.81
00:29:26     all    0.50    0.00    1.26   23.87    0.00    0.00    0.00    0.00    0.00   74.37
00:29:27     all    0.00    0.00    1.01   23.99    0.00    0.00    0.00    0.00    0.00   75.00
00:29:28     all    0.76    0.00    0.76   23.74    0.00    0.00    0.00    0.00    0.00   74.75
00:29:29     all    0.51    0.00    0.76   23.74    0.00    0.25    0.00    0.00    0.00   74.75
00:29:30     all    0.25    0.00    1.25   23.81    0.00    0.00    0.00    0.00    0.00   74.69
00:29:31     all    0.50    0.00    1.01   23.68    0.00    0.00    0.00    0.00    0.00   74.81
00:29:32     all    0.51    0.00    1.01   23.80    0.00    0.00    0.00    0.00    0.00   74.68
00:29:33     all    0.75    0.00    1.50   23.69    0.00    0.00    0.00    0.00    0.00   74.06
00:29:34     all    0.51    0.00    0.51   23.92    0.00    0.00    0.00    0.00    0.00   75.06
00:29:35     all    0.50    0.00    1.51   23.37    0.00    0.00    0.00    0.00    0.00   74.62
00:29:36     all    0.50    0.00    1.01   23.93    0.00    0.00    0.00    0.00    0.00   74.56
00:29:37     all    0.75    0.00    1.25   23.31    0.00    0.00    0.00    0.00    0.00   74.69
00:29:38     all    0.00    0.00    1.26   24.18    0.00    0.00    0.00    0.00    0.00   74.56
00:29:39     all    1.01    0.00    0.76   23.48    0.00    0.00    0.00    0.00    0.00   74.75
00:29:40     all    1.01    0.00    0.75   23.62    0.00    0.00    0.00    0.00    0.00   74.62
00:29:41     all    0.25    0.00    1.51   23.62    0.00    0.25    0.00    0.00    0.00   74.37
00:29:42     all    1.01    0.00    1.26   23.37    0.00    0.00    0.00    0.00    0.00   74.37
00:29:43     all    0.25    0.00    0.76   23.99    0.00    0.00    0.00    0.00    0.00   75.00
00:29:44     all    0.51    0.00    1.01   23.99    0.00    0.00    0.00    0.00    0.00   74.49
00:29:45     all    0.50    0.00    1.26   23.43    0.00    0.00    0.00    0.00    0.00   74.81
00:29:46     all    0.25    0.00    0.76   23.86    0.00    0.00    0.00    0.00    0.00   75.13
00:29:47     all    1.25    0.00    1.00   23.50    0.00    0.00    0.00    0.00    0.00   74.25
00:29:48     all    0.00    0.00    1.01   24.18    0.00    0.25    0.00    0.00    0.00   74.56
00:29:49     all    0.50    0.00    1.01   23.93    0.00    0.00    0.00    0.00    0.00   74.56
00:29:50     all    0.76    0.00    0.76   23.68    0.00    0.00    0.00    0.00    0.00   74.81
00:29:51     all    0.00    0.00    1.27   23.80    0.00    0.00    0.00    0.00    0.00   74.94
00:29:52     all    0.75    0.00    1.50   23.50    0.00    0.00    0.00    0.00    0.00   74.25
00:29:53     all    0.51    0.00    1.01   23.99    0.00    0.00    0.00    0.00    0.00   74.49
00:29:54     all    0.75    0.00    1.25   23.31    0.00    0.25    0.00    0.00    0.00   74.44
00:29:55     all    0.75    0.00    1.01   23.87    0.00    0.00    0.00    0.00    0.00   74.37
00:29:56     all    0.25    0.00    1.01   23.54    0.00    0.00    0.00    0.00    0.00   75.19
00:29:57     all    0.25    0.00    1.01   23.87    0.00    0.00    0.00    0.00    0.00   74.87
00:29:58     all    0.76    0.00    0.76   23.54    0.00    0.00    0.00    0.00    0.00   74.94
00:29:59     all    0.75    0.00    1.50   23.75    0.00    0.00    0.00    0.00    0.00   74.00
00:30:00     all    0.25    0.00    1.01   23.99    0.00    0.00    0.00    0.00    0.00   74.75
00:30:01     all    0.51    0.00    0.76   23.54    0.00    0.00    0.00    0.00    0.00   75.19
00:30:02     all    0.50    0.00    1.01   23.87    0.00    0.00    0.00    0.00    0.00   74.62
00:30:03     all    0.50    0.00    1.00   24.06    0.00    0.00    0.00    0.00    0.00   74.44
00:30:04     all    0.25    0.00    1.26   23.99    0.00    0.25    0.00    0.00    0.00   74.24
00:30:05     all    1.01    0.00    0.75   23.62    0.00    0.00    0.00    0.00    0.00   74.62
00:30:06     all    0.25    0.00    1.27   23.80    0.00    0.00    0.00    0.00    0.00   74.68
00:30:07     all    0.50    0.00    1.01   23.62    0.00    0.00    0.00    0.00    0.00   74.87
00:30:08     all    0.50    0.00    1.01   24.12    0.00    0.00    0.00    0.00    0.00   74.37
00:30:09     all    0.25    0.00    0.76   23.92    0.00    0.00    0.00    0.00    0.00   75.06
00:30:10     all    0.75    0.00    0.75   23.87    0.00    0.00    0.00    0.00    0.00   74.62
00:30:11     all    0.76    0.00    1.01   23.68    0.00    0.25    0.00    0.00    0.00   74.31
00:30:12     all    0.25    0.00    1.01   23.62    0.00    0.00    0.00    0.00    0.00   75.13
00:30:13     all    0.76    0.00    1.01   23.74    0.00    0.00    0.00    0.00    0.00   74.49
00:30:14     all    0.50    0.00    1.25   23.56    0.00    0.00    0.00    0.00    0.00   74.69
00:30:15     all    0.25    0.00    1.01   23.80    0.00    0.00    0.00    0.00    0.00   74.94
00:30:16     all    0.75    0.00    1.00   23.81    0.00    0.00    0.00    0.00    0.00   74.44
00:30:17     all    0.76    0.00    1.26   23.43    0.00    0.00    0.00    0.00    0.00   74.56
00:30:18     all    0.50    0.00    1.25   24.06    0.00    0.00    0.00    0.00    0.00   74.19
00:30:19     all    0.51    0.00    0.76   23.60    0.00    0.00    0.00    0.00    0.00   75.13
00:30:20     all    1.00    0.00    1.25   23.31    0.00    0.00    0.00    0.00    0.00   74.44
00:30:21     all    0.25    0.00    2.03   23.86    0.00    0.00    0.00    0.00    0.00   73.86
00:30:22     all    0.75    0.00    1.00   23.56    0.00    0.00    0.00    0.00    0.00   74.69
00:30:23     all    0.25    0.00    0.76   23.80    0.00    0.25    0.00    0.00    0.00   74.94
00:30:24     all    0.51    0.00    0.76   23.74    0.00    0.00    0.00    0.00    0.00   75.00
00:30:25     all    0.75    0.00    2.01   23.31    0.00    0.00    0.00    0.00    0.00   73.93
00:30:26     all    0.25    0.00    1.01   23.68    0.00    0.00    0.00    0.00    0.00   75.06
00:30:27     all    0.25    0.00    0.76   24.05    0.00    0.00    0.00    0.00    0.00   74.94
00:30:28     all    0.75    0.00    1.25   23.75    0.00    0.00    0.00    0.00    0.00   74.25
00:30:29     all    0.51    0.00    1.26   23.48    0.00    0.00    0.00    0.00    0.00   74.75
00:30:30     all    0.25    0.00    1.26   23.93    0.00    0.00    0.00    0.00    0.00   74.56
00:30:31     all    0.50    0.00    1.26   23.68    0.00    0.00    0.00    0.00    0.00   74.56
00:30:32     all    0.25    0.00    0.76   23.60    0.00    0.00    0.00    0.00    0.00   75.38
00:30:33     all    0.75    0.00    0.75   18.05    0.00    0.00    0.00    0.00    0.00   80.45
00:30:34     all    0.00    0.00    0.00    0.00    0.00    0.00    0.00    0.00    0.00  100.00
00:30:35     all    0.00    0.00    0.00    0.00    0.00    0.00    0.00    0.00    0.00  100.00
00:30:36     all    0.25    0.00    0.00    0.00    0.00    0.00    0.00    0.00    0.00   99.75
00:30:37     all    0.25    0.00    0.00    0.00    0.00    0.00    0.00    0.00    0.00   99.75
00:30:38     all    0.00    0.00    0.00    0.00    0.00    0.00    0.00    0.00    0.00  100.00
00:30:39     all    0.00    0.00    0.25    0.25    0.00    0.00    0.00    0.00    0.00   99.50
00:30:40     all    0.00    0.00    0.00    0.00    0.00    0.00    0.00    0.00    0.00  100.00
00:30:41     all    0.00    0.00    0.00    0.00    0.00    0.00    0.00    0.00    0.00  100.00
00:30:42     all    0.00    0.00    0.00    0.00    0.00    0.00    0.00    0.00    0.00  100.00
