Linux 6.8.0-1062-azure (csb-bench-host-azure) 	08/04/26 	_x86_64_	(4 CPU)

23:38:17     CPU    %usr   %nice    %sys %iowait    %irq   %soft  %steal  %guest  %gnice   %idle
23:38:18     all   10.10    0.00    3.54    0.00    0.00    0.00    0.00    0.00    0.00   86.36
23:38:19     all    3.54    0.00    1.01    0.00    0.00    0.00    0.00    0.00    0.00   95.44
23:38:20     all   41.35    0.00    2.51    0.00    0.00    0.75    0.00    0.00    0.00   55.39
23:38:21     all   32.98    0.00   24.66    0.00    0.00   11.53    0.00    0.00    0.00   30.83
23:38:22     all   39.47    0.00   21.87    0.00    0.00    8.53    0.00    0.00    0.00   30.13
23:38:23     all   41.27    0.00   20.63    0.00    0.00    8.20    0.00    0.00    0.00   29.89
23:38:24     all   42.18    0.00   17.77    0.00    0.00    8.22    0.00    0.00    0.00   31.83
23:38:25     all   35.04    0.00   21.83    0.00    0.00    8.63    0.00    0.00    0.00   34.50
23:38:26     all   31.40    0.00   21.90    0.00    0.00   10.55    0.00    0.00    0.00   36.15
23:38:27     all   40.92    0.00   20.87    0.00    0.00    8.94    0.00    0.00    0.00   29.27
23:38:28     all   39.68    0.00   18.77    0.00    0.00    9.38    0.00    0.00    0.00   32.17
23:38:29     all   40.32    0.00   18.55    0.00    0.00    8.33    0.00    0.00    0.00   32.80
23:38:30     all   40.74    0.00   19.05    0.00    0.00    7.67    0.00    0.00    0.00   32.54
23:38:31     all   38.83    0.00   18.88    0.00    0.00    8.24    0.00    0.00    0.00   34.04
23:38:32     all   29.38    0.00   23.18    0.00    0.00   10.24    0.00    0.00    0.00   37.20
23:38:33     all   40.21    0.00   20.38    0.00    0.00    9.12    0.00    0.00    0.00   30.29
23:38:34     all   40.64    0.00   19.79    0.00    0.00    8.56    0.00    0.00    0.00   31.02
23:38:35     all   42.59    0.00   18.33    0.27    0.00    7.55    0.00    0.00    0.00   31.27
23:38:36     all   40.96    0.00   20.21    0.00    0.00    8.24    0.00    0.00    0.00   30.59
23:38:37     all   39.04    0.00   18.45    0.00    0.00    7.49    0.00    0.00    0.00   35.03
23:38:38     all   40.53    0.00   19.74    0.00    0.00    7.89    0.00    0.00    0.00   31.84
23:38:39     all   40.85    0.00   19.10    0.00    0.00    7.96    0.00    0.00    0.00   32.10
23:38:40     all   37.10    0.00   19.89    0.00    0.00    7.53    0.00    0.00    0.00   35.48
23:38:41     all   31.73    0.00   21.87    0.00    0.00    8.27    0.00    0.00    0.00   38.13
23:38:42     all   40.86    0.00   19.89    0.00    0.00    7.80    0.00    0.00    0.00   31.45
23:38:43     all   40.94    0.00   19.69    0.00    0.00    8.14    0.00    0.00    0.00   31.23
23:38:44     all   40.96    0.00   18.88    0.00    0.00    9.04    0.00    0.00    0.00   31.12
23:38:45     all   41.22    0.00   19.41    0.00    0.00    8.24    0.00    0.00    0.00   31.12
23:38:46     all   41.05    0.00   18.68    0.00    0.00    7.89    0.00    0.00    0.00   32.37
23:38:47     all   41.87    0.00   18.67    0.27    0.00    8.27    0.00    0.00    0.00   30.93
23:38:48     all   38.81    0.00   18.33    0.00    0.00    8.63    0.00    0.00    0.00   34.23
23:38:49     all   36.19    0.00   20.11    0.00    0.00    9.38    0.00    0.00    0.00   34.32
23:38:50     all   32.09    0.00   21.93    0.00    0.00    8.29    0.00    0.00    0.00   37.70
23:38:51     all   42.16    0.00   18.11    0.00    0.00   10.27    0.00    0.00    0.00   29.46
23:38:52     all   40.58    0.00   19.36    0.00    0.00    8.49    0.00    0.00    0.00   31.56
23:38:53     all   41.55    0.00   17.69    0.00    0.00    8.31    0.00    0.00    0.00   32.44
23:38:54     all   22.31    0.00    8.97    0.00    0.00    4.10    0.00    0.00    0.00   64.62
23:38:55     all   37.73    0.00   19.79    0.00    0.00    8.44    0.00    0.00    0.00   34.04
23:38:56     all   39.14    0.00   19.84    0.00    0.00    8.04    0.00    0.00    0.00   32.98
23:38:57     all   41.64    0.00   18.04    0.00    0.00    7.96    0.00    0.00    0.00   32.36
23:38:58     all   41.40    0.00   18.01    0.00    0.00    9.41    0.00    0.00    0.00   31.18
23:38:59     all   41.38    0.00   18.83    0.00    0.00    8.22    0.00    0.00    0.00   31.56
23:39:00     all   40.58    0.00   19.63    0.00    0.00    9.28    0.00    0.00    0.00   30.50
23:39:01     all   42.29    0.00   17.29    0.00    0.00    7.71    0.00    0.00    0.00   32.71
23:39:02     all   40.53    0.00   19.20    0.00    0.00    8.53    0.00    0.00    0.00   31.73
23:39:03     all   41.08    0.00   18.38    0.27    0.00    7.57    0.00    0.00    0.00   32.70
23:39:04     all   39.84    0.00   17.91    0.27    0.00    8.56    0.00    0.00    0.00   33.42
23:39:05     all   36.53    0.00   18.93    0.00    0.00    8.80    0.00    0.00    0.00   35.73
23:39:06     all   36.41    0.00   19.29    0.00    0.00    8.42    0.00    0.00    0.00   35.87
23:39:07     all   41.14    0.00   18.53    0.00    0.00    7.63    0.00    0.00    0.00   32.70
23:39:08     all   40.86    0.00   16.67    0.00    0.00    9.95    0.00    0.00    0.00   32.53
23:39:09     all   42.51    0.00   17.11    0.00    0.00    9.36    0.00    0.00    0.00   31.02
23:39:10     all   42.36    0.00   16.09    0.00    0.00    9.12    0.00    0.00    0.00   32.44
23:39:11     all   41.24    0.00   16.71    0.00    0.00    9.16    0.00    0.00    0.00   32.88
23:39:12     all   40.94    0.00   19.69    0.00    0.00    8.14    0.00    0.00    0.00   31.23
23:39:13     all   42.18    0.00   17.51    0.00    0.00    8.22    0.00    0.00    0.00   32.10
23:39:14     all   30.16    0.00   19.29    0.00    0.00    8.42    0.00    0.00    0.00   42.12
23:39:15     all   39.62    0.00   18.58    0.00    0.00    7.92    0.00    0.00    0.00   33.88
23:39:16     all   42.70    0.00   17.30    0.00    0.00    8.38    0.00    0.00    0.00   31.62
23:39:17     all   42.47    0.00   17.47    0.00    0.00    7.80    0.00    0.00    0.00   32.26
23:39:18     all   40.96    0.00   18.35    0.00    0.00    9.57    0.00    0.00    0.00   31.12
23:39:19     all   40.97    0.00   16.71    0.00    0.00    7.55    0.00    0.00    0.00   34.77
23:39:20     all   42.05    0.00   16.71    0.00    0.00    7.82    0.00    0.00    0.00   33.42
23:39:21     all   41.82    0.00   18.23    0.00    0.00    8.31    0.00    0.00    0.00   31.64
23:39:22     all   36.56    0.00   19.09    0.27    0.00    7.53    0.00    0.00    0.00   36.56
23:39:23     all   30.27    0.00   19.73    0.00    0.00    8.92    0.00    0.00    0.00   41.08
23:39:24     all   41.55    0.00   19.57    0.00    0.00    9.38    0.00    0.00    0.00   29.49
23:39:25     all   40.80    0.00   17.07    0.00    0.00    9.07    0.00    0.00    0.00   33.07
23:39:26     all   41.55    0.00   17.69    0.27    0.00    8.04    0.00    0.00    0.00   32.44
23:39:27     all   41.29    0.00   17.16    0.00    0.00    8.58    0.00    0.00    0.00   32.98
23:39:28     all   42.93    0.00   15.73    0.00    0.00    8.53    0.00    0.00    0.00   32.80
23:39:29     all   42.78    0.00   16.04    0.00    0.00    7.49    0.00    0.00    0.00   33.69
23:39:30     all   42.12    0.00   16.58    0.00    0.00    8.70    0.00    0.00    0.00   32.61
23:39:31     all   32.80    0.00   19.09    0.00    0.00    9.41    0.00    0.00    0.00   38.71
23:39:32     all   35.97    0.00   19.07    0.00    0.00    8.17    0.00    0.00    0.00   36.78
23:39:33     all   42.66    0.00   17.93    0.00    0.00    8.15    0.00    0.00    0.00   31.25
23:39:34     all   40.54    0.00   17.57    0.00    0.00    8.92    0.00    0.00    0.00   32.97
23:39:35     all   41.82    0.00   17.69    0.00    0.00    8.85    0.00    0.00    0.00   31.64
23:39:36     all   41.60    0.00   18.93    0.00    0.00    8.53    0.00    0.00    0.00   30.93
23:39:37     all   40.81    0.00   17.57    0.00    0.00    8.65    0.00    0.00    0.00   32.97
23:39:38     all   42.29    0.00   18.62    0.00    0.00    8.24    0.00    0.00    0.00   30.85
23:39:39     all   42.40    0.00   16.80    0.00    0.00    8.27    0.00    0.00    0.00   32.53
23:39:40     all   42.86    0.00   17.79    0.00    0.00    7.82    0.00    0.00    0.00   31.54
23:39:41     all   36.39    0.00   18.06    0.00    0.00    8.36    0.00    0.00    0.00   37.20
23:39:42     all   41.35    0.00   17.30    0.00    0.00    7.57    0.00    0.00    0.00   33.78
23:39:43     all   34.49    0.00   20.86    0.00    0.00    8.29    0.00    0.00    0.00   36.36
23:39:44     all   44.47    0.00   17.79    0.00    0.00    7.82    0.00    0.00    0.00   29.92
23:39:45     all   42.82    0.00   17.02    0.00    0.00    7.98    0.00    0.00    0.00   32.18
23:39:46     all   41.71    0.00   16.58    0.27    0.00    8.02    0.00    0.00    0.00   33.42
23:39:47     all   44.44    0.00   17.34    0.00    0.00    7.59    0.00    0.00    0.00   30.62
23:39:48     all   39.84    0.00   17.11    0.00    0.00   10.43    0.00    0.00    0.00   32.62
23:39:49     all   41.71    0.00   17.38    0.00    0.00    8.02    0.00    0.00    0.00   32.89
23:39:50     all   43.05    0.00   17.11    0.00    0.00    8.02    0.00    0.00    0.00   31.82
23:39:51     all   42.32    0.00   18.60    0.00    0.00    6.74    0.00    0.00    0.00   32.35
23:39:52     all   40.69    0.00   18.35    0.00    0.00    8.78    0.00    0.00    0.00   32.18
23:39:53     all   38.38    0.00   18.11    0.00    0.00    8.11    0.00    0.00    0.00   35.41
23:39:54     all   34.23    0.00   19.95    0.00    0.00    9.70    0.00    0.00    0.00   36.12
23:39:55     all   40.91    0.00   20.32    0.00    0.00    8.02    0.00    0.00    0.00   30.75
23:39:56     all   41.94    0.00   16.40    0.00    0.00    9.68    0.00    0.00    0.00   31.99
23:39:57     all   43.05    0.00   15.51    0.00    0.00    8.82    0.00    0.00    0.00   32.62
23:39:58     all   41.55    0.00   19.03    0.00    0.00    7.77    0.00    0.00    0.00   31.64
23:39:59     all   42.59    0.00   17.46    0.00    0.00    9.52    0.00    0.00    0.00   30.42
23:40:00     all   42.51    0.00   16.84    0.00    0.00    8.82    0.00    0.00    0.00   31.82
23:40:01     all   38.10    0.00   12.17    0.00    0.00    6.35    0.00    0.00    0.00   43.39
23:40:02     all   41.91    0.00   18.57    0.00    0.00    8.22    0.00    0.00    0.00   31.30
23:40:03     all   39.35    0.00   19.41    0.00    0.00    8.36    0.00    0.00    0.00   32.88
23:40:04     all   37.50    0.00   19.68    0.00    0.00    8.24    0.00    0.00    0.00   34.57
23:40:05     all   33.70    0.00   20.11    0.00    0.00    8.42    0.00    0.00    0.00   37.77
23:40:06     all   42.12    0.00   18.75    0.00    0.00    8.42    0.00    0.00    0.00   30.71
23:40:07     all   43.58    0.00   16.58    0.00    0.00    8.02    0.00    0.00    0.00   31.82
23:40:08     all   41.51    0.00   17.52    0.54    0.00    8.63    0.00    0.00    0.00   31.81
23:40:09     all   42.82    0.00   16.49    0.00    0.00    7.98    0.00    0.00    0.00   32.71
23:40:10     all   41.99    0.00   16.80    0.00    0.00    8.40    0.00    0.00    0.00   32.81
23:40:11     all   42.18    0.00   17.51    0.00    0.00    9.55    0.00    0.00    0.00   30.77
23:40:12     all   42.93    0.00   16.53    0.00    0.00    8.53    0.00    0.00    0.00   32.00
23:40:13     all   41.55    0.00   18.77    0.00    0.00    8.58    0.00    0.00    0.00   31.10
23:40:14     all   38.67    0.00   19.47    0.00    0.00    8.80    0.00    0.00    0.00   33.07
23:40:15     all   35.29    0.00   20.32    0.00    0.00    7.75    0.00    0.00    0.00   36.63
23:40:16     all   36.19    0.00   18.50    0.00    0.00    7.51    0.00    0.00    0.00   37.80
23:40:17     all   43.70    0.00   19.03    0.00    0.00    7.77    0.00    0.00    0.00   29.49
23:40:18     all   42.47    0.00   17.47    0.27    0.00    8.60    0.00    0.00    0.00   31.18
23:40:19     all   41.62    0.00   16.76    0.00    0.00    8.11    0.00    0.00    0.00   33.51
23:40:20     all   42.06    0.00   15.61    0.00    0.00    9.26    0.00    0.00    0.00   33.07
23:40:21     all   41.01    0.00   17.46    0.00    0.00    7.94    0.00    0.00    0.00   33.60
23:40:22     all   41.40    0.00   18.28    0.00    0.00    8.06    0.00    0.00    0.00   32.26
23:40:23     all   42.09    0.00   17.96    0.00    0.00    7.77    0.00    0.00    0.00   32.17
23:40:24     all   38.24    0.00   17.91    0.00    0.00    9.09    0.00    0.00    0.00   34.76
23:40:25     all   29.38    0.00   20.75    0.00    0.00    9.43    0.00    0.00    0.00   40.43
23:40:26     all   41.62    0.00   18.11    0.00    0.00    8.38    0.00    0.00    0.00   31.89
23:40:27     all   39.79    0.00   17.77    0.00    0.00    9.02    0.00    0.00    0.00   33.42
23:40:28     all   41.69    0.00   16.62    0.00    0.00    8.71    0.00    0.00    0.00   32.98
23:40:29     all   43.32    0.00   16.35    0.00    0.00    7.90    0.00    0.00    0.00   32.43
23:40:30     all   42.86    0.00   16.93    0.00    0.00    8.73    0.00    0.00    0.00   31.48
23:40:31     all   42.40    0.00   16.27    0.00    0.00    9.60    0.00    0.00    0.00   31.73
23:40:32     all   36.07    0.00   19.40    0.00    0.00    8.74    0.00    0.00    0.00   35.79
23:40:33     all   36.56    0.00   19.35    0.00    0.00    9.14    0.00    0.00    0.00   34.95
23:40:34     all   36.10    0.00   18.72    0.00    0.00    9.09    0.00    0.00    0.00   36.10
23:40:35     all   42.51    0.00   17.44    0.00    0.00    8.72    0.00    0.00    0.00   31.34
23:40:36     all   43.62    0.00   17.02    0.00    0.00    8.24    0.00    0.00    0.00   31.12
23:40:37     all   42.25    0.00   17.65    0.00    0.00    8.29    0.00    0.00    0.00   31.82
23:40:38     all   42.67    0.00   17.87    0.00    0.00    7.73    0.00    0.00    0.00   31.73
23:40:39     all   42.63    0.00   16.09    0.00    0.00    8.58    0.00    0.00    0.00   32.71
23:40:40     all   40.86    0.00   17.47    0.00    0.00    7.53    0.00    0.00    0.00   34.14
23:40:41     all   44.15    0.00   17.29    0.00    0.00    7.18    0.00    0.00    0.00   31.38
23:40:42     all   38.01    0.00   16.17    0.00    0.00    7.01    0.00    0.00    0.00   38.81
23:40:43     all   37.80    0.00   18.50    0.00    0.00    8.04    0.00    0.00    0.00   35.66
23:40:44     all   37.20    0.00   18.60    0.00    0.00    8.89    0.00    0.00    0.00   35.31
23:40:45     all   41.22    0.00   20.21    0.00    0.00    7.98    0.00    0.00    0.00   30.59
23:40:46     all   42.20    0.00   15.59    0.00    0.00    8.06    0.00    0.00    0.00   34.14
23:40:47     all   42.13    0.00   18.40    0.00    0.00    7.73    0.00    0.00    0.00   31.73
23:40:48     all   42.36    0.00   17.43    0.00    0.00    9.12    0.00    0.00    0.00   31.10
23:40:49     all   43.16    0.00   16.62    0.00    0.00    8.04    0.00    0.00    0.00   32.17
23:40:50     all   40.63    0.00   16.62    0.00    0.00    8.44    0.00    0.00    0.00   34.30
23:40:51     all   40.43    0.00   16.22    0.00    0.00    7.98    0.00    0.00    0.00   35.37
23:40:52     all   33.15    0.00   17.81    0.00    0.00    8.77    0.00    0.00    0.00   40.27
23:40:53     all   38.27    0.00   19.68    0.00    0.00    8.36    0.00    0.00    0.00   33.69
23:40:54     all   41.89    0.00   17.84    0.00    0.00    9.46    0.00    0.00    0.00   30.81
23:40:55     all   42.44    0.00   16.98    0.00    0.00    7.16    0.00    0.00    0.00   33.42
23:40:56     all   40.87    0.00   17.71    0.00    0.00    8.45    0.00    0.00    0.00   32.97
23:40:57     all   43.43    0.00   17.16    0.27    0.00    8.04    0.00    0.00    0.00   31.10
23:40:58     all   41.40    0.00   17.20    0.00    0.00    8.33    0.00    0.00    0.00   33.06
23:40:59     all   41.87    0.00   17.07    0.00    0.00    8.00    0.00    0.00    0.00   33.07
23:41:00     all   42.44    0.00   18.04    0.00    0.00    8.75    0.00    0.00    0.00   30.77
23:41:01     all   40.96    0.00   18.62    0.00    0.00    7.98    0.00    0.00    0.00   32.45
23:41:02     all   34.84    0.00   21.01    0.00    0.00    8.24    0.00    0.00    0.00   35.90
23:41:03     all   34.81    0.00   20.17    0.00    0.00    8.29    0.00    0.00    0.00   36.74
23:41:04     all   42.86    0.00   17.46    0.00    0.00    8.20    0.00    0.00    0.00   31.48
23:41:05     all   34.67    0.00   10.93    0.00    0.00    6.93    0.00    0.00    0.00   47.47
23:41:06     all   42.33    0.00   17.46    0.00    0.00    8.47    0.00    0.00    0.00   31.75
23:41:07     all   41.13    0.00   17.47    0.27    0.00    7.26    0.00    0.00    0.00   33.87
23:41:08     all   42.22    0.00   17.68    0.00    0.00   10.03    0.00    0.00    0.00   30.08
23:41:09     all   36.66    0.00   18.33    0.00    0.00    8.63    0.00    0.00    0.00   36.39
23:41:10     all   38.04    0.00   18.21    0.00    0.00    8.15    0.00    0.00    0.00   35.60
23:41:11     all   37.90    0.00   18.82    0.00    0.00    9.14    0.00    0.00    0.00   34.14
23:41:12     all   42.05    0.00   19.14    0.00    0.00    7.55    0.00    0.00    0.00   31.27
23:41:13     all   41.71    0.00   17.38    0.27    0.00    7.75    0.00    0.00    0.00   32.89
23:41:14     all   41.60    0.00   17.87    0.00    0.00    9.07    0.00    0.00    0.00   31.47
23:41:15     all   42.90    0.00   16.35    0.00    0.00    9.38    0.00    0.00    0.00   31.37
23:41:16     all   43.24    0.00   16.18    0.00    0.00    7.16    0.00    0.00    0.00   33.42
23:41:17     all   41.58    0.00   16.58    0.00    0.00    9.21    0.00    0.00    0.00   32.63
23:41:18     all   43.16    0.00   16.89    0.00    0.00    7.24    0.00    0.00    0.00   32.71
23:41:19     all   35.68    0.00   19.73    0.00    0.00    8.65    0.00    0.00    0.00   35.95
23:41:20     all   33.24    0.00   20.54    0.00    0.00    8.65    0.00    0.00    0.00   37.57
23:41:21     all   41.18    0.00   18.45    0.00    0.00    7.75    0.00    0.00    0.00   32.62
23:41:22     all   40.59    0.00   18.28    0.00    0.00    8.87    0.00    0.00    0.00   32.26
23:41:23     all   42.59    0.00   17.25    0.00    0.00    8.36    0.00    0.00    0.00   31.81
23:41:24     all   41.44    0.00   17.38    0.00    0.00    7.75    0.00    0.00    0.00   33.42
23:41:25     all   43.77    0.00   16.98    0.27    0.00    7.69    0.00    0.00    0.00   31.30
23:41:26     all   41.76    0.00   17.29    0.00    0.00    8.24    0.00    0.00    0.00   32.71
23:41:27     all   42.86    0.00   16.67    0.00    0.00    7.14    0.00    0.00    0.00   33.33
23:41:28     all   35.73    0.00   19.73    0.00    0.00    7.47    0.00    0.00    0.00   37.07
23:41:29     all   37.84    0.00   19.19    0.00    0.00    8.38    0.00    0.00    0.00   34.59
23:41:30     all   42.97    0.00   17.84    0.00    0.00    8.38    0.00    0.00    0.00   30.81
23:41:31     all   41.94    0.00   15.59    0.00    0.00    9.14    0.00    0.00    0.00   33.33
23:41:32     all   41.87    0.00   16.27    0.00    0.00    8.00    0.00    0.00    0.00   33.87
23:41:33     all   41.11    0.00   16.98    0.00    0.00    9.02    0.00    0.00    0.00   32.89
23:41:34     all   41.82    0.00   16.89    0.00    0.00    9.65    0.00    0.00    0.00   31.64
23:41:35     all   44.35    0.00   15.32    0.00    0.00    7.26    0.00    0.00    0.00   33.06
23:41:36     all   43.05    0.00   17.11    0.00    0.00    7.22    0.00    0.00    0.00   32.62
23:41:37     all   35.52    0.00   19.40    0.00    0.00    8.74    0.00    0.00    0.00   36.34
23:41:38     all   37.33    0.00   19.47    0.00    0.00    8.53    0.00    0.00    0.00   34.67
23:41:39     all   40.05    0.00   19.62    0.00    0.00    8.33    0.00    0.00    0.00   31.99
23:41:40     all   41.30    0.00   19.29    0.00    0.00    8.42    0.00    0.00    0.00   30.98
23:41:41     all   40.21    0.00   17.96    0.00    0.00    8.58    0.00    0.00    0.00   33.24
23:41:42     all   42.09    0.00   18.77    0.00    0.00    7.77    0.00    0.00    0.00   31.37
23:41:43     all   43.20    0.00   16.80    0.00    0.00    8.53    0.00    0.00    0.00   31.47
23:41:44     all   42.48    0.00   18.73    0.00    0.00    7.12    0.00    0.00    0.00   31.66
23:41:45     all   42.02    0.00   18.09    0.00    0.00    7.71    0.00    0.00    0.00   32.18
23:41:46     all   41.27    0.00   19.05    0.00    0.00    8.20    0.00    0.00    0.00   31.48
23:41:47     all   41.44    0.00   16.84    0.27    0.00    9.36    0.00    0.00    0.00   32.09
23:41:48     all   40.37    0.00   18.72    0.00    0.00    8.29    0.00    0.00    0.00   32.62
23:41:49     all   41.91    0.00   17.51    0.00    0.00    8.49    0.00    0.00    0.00   32.10
23:41:50     all   37.43    0.00   18.58    0.00    0.00    7.92    0.00    0.00    0.00   36.07
23:41:51     all   33.69    0.00   19.52    0.00    0.00    8.56    0.00    0.00    0.00   38.24
23:41:52     all   42.20    0.00   19.09    0.00    0.00    7.80    0.00    0.00    0.00   30.91
23:41:53     all   41.67    0.00   18.28    0.00    0.00    8.06    0.00    0.00    0.00   31.99
23:41:54     all   40.48    0.00   18.50    0.00    0.00    7.51    0.00    0.00    0.00   33.51
23:41:55     all   41.44    0.00   17.91    0.00    0.00    8.29    0.00    0.00    0.00   32.35
23:41:56     all   39.90    0.00   18.90    0.00    0.00    7.87    0.00    0.00    0.00   33.33
23:41:57     all   43.51    0.00   17.30    0.00    0.00    7.57    0.00    0.00    0.00   31.62
23:41:58     all   41.80    0.00   16.93    0.00    0.00    7.94    0.00    0.00    0.00   33.33
23:41:59     all   42.74    0.00   18.01    0.00    0.00    7.26    0.00    0.00    0.00   31.99
23:42:00     all   42.74    0.00   17.47    0.00    0.00    8.60    0.00    0.00    0.00   31.18
23:42:01     all   34.32    0.00   19.30    0.00    0.00    8.58    0.00    0.00    0.00   37.80
23:42:02     all   37.27    0.00   20.64    0.00    0.00    7.77    0.00    0.00    0.00   34.32
23:42:03     all   38.75    0.00   18.70    0.00    0.00    9.21    0.00    0.00    0.00   33.33
23:42:04     all   42.90    0.00   17.69    0.00    0.00    9.12    0.00    0.00    0.00   30.29
23:42:05     all   41.08    0.00   19.19    0.00    0.00    9.19    0.00    0.00    0.00   30.54
23:42:06     all   41.87    0.00   17.07    0.00    0.00    9.07    0.00    0.00    0.00   32.00
23:42:07     all   41.71    0.00   17.91    0.00    0.00    7.75    0.00    0.00    0.00   32.62
23:42:08     all   41.33    0.00   17.60    0.00    0.00    8.53    0.00    0.00    0.00   32.53
23:42:09     all   43.16    0.00   16.89    0.00    0.00    8.04    0.00    0.00    0.00   31.90
23:42:10     all   36.36    0.00   17.91    0.00    0.00    8.29    0.00    0.00    0.00   37.43
23:42:11     all   34.76    0.00   17.91    0.00    0.00    9.09    0.00    0.00    0.00   38.24
23:42:12     all   38.21    0.00   19.51    0.00    0.00    7.86    0.00    0.00    0.00   34.42
23:42:13     all   42.32    0.00   17.25    0.00    0.00    8.36    0.00    0.00    0.00   32.08
23:42:14     all   42.82    0.00   18.35    0.00    0.00    7.71    0.00    0.00    0.00   31.12
23:42:15     all   40.96    0.00   17.82    0.00    0.00    8.51    0.00    0.00    0.00   32.71
23:42:16     all   42.18    0.00   17.24    0.00    0.00    9.02    0.00    0.00    0.00   31.56
23:42:17     all   42.36    0.00   17.96    0.00    0.00    8.31    0.00    0.00    0.00   31.37
23:42:18     all   41.91    0.00   16.71    0.00    0.00    7.69    0.00    0.00    0.00   33.69
23:42:19     all   39.79    0.00   17.77    0.27    0.00    8.49    0.00    0.00    0.00   33.69
23:42:20     all   36.22    0.00   18.92    0.00    0.00    8.11    0.00    0.00    0.00   36.76
23:42:21     all   34.75    0.00   19.89    0.00    0.00    7.96    0.00    0.00    0.00   37.40
23:42:22     all   42.28    0.00   18.16    0.00    0.00    7.86    0.00    0.00    0.00   31.71
23:42:23     all   39.89    0.00   18.09    0.00    0.00    9.04    0.00    0.00    0.00   32.98
23:42:24     all   41.51    0.00   16.17    0.00    0.00    9.70    0.00    0.00    0.00   32.61
23:42:25     all   41.98    0.00   17.11    0.00    0.00    8.56    0.00    0.00    0.00   32.35
23:42:26     all   42.82    0.00   15.99    0.00    0.00    7.32    0.00    0.00    0.00   33.88
23:42:27     all   42.78    0.00   17.38    0.00    0.00    8.56    0.00    0.00    0.00   31.28
23:42:28     all   41.98    0.00   17.11    0.27    0.00    7.22    0.00    0.00    0.00   33.42
23:42:29     all   39.95    0.00   16.89    0.27    0.00    9.92    0.00    0.00    0.00   32.98
23:42:30     all   38.26    0.00   17.94    0.00    0.00    8.44    0.00    0.00    0.00   35.36
23:42:31     all   36.34    0.00   19.10    0.00    0.00    8.49    0.00    0.00    0.00   36.07
23:42:32     all   37.30    0.00   18.92    0.00    0.00    8.38    0.00    0.00    0.00   35.41
23:42:33     all   41.40    0.00   17.20    0.00    0.00    8.60    0.00    0.00    0.00   32.80
23:42:34     all   42.09    0.00   16.62    0.00    0.00    8.31    0.00    0.00    0.00   32.98
23:42:35     all   42.59    0.00   15.61    0.00    0.00    8.20    0.00    0.00    0.00   33.60
23:42:36     all   41.82    0.00   16.62    0.00    0.00    8.31    0.00    0.00    0.00   33.24
23:42:37     all   41.05    0.00   16.84    0.00    0.00    8.68    0.00    0.00    0.00   33.42
23:42:38     all   41.67    0.00   17.47    0.00    0.00    8.33    0.00    0.00    0.00   32.53
23:42:39     all   43.51    0.00   16.76    0.00    0.00    7.84    0.00    0.00    0.00   31.89
23:42:40     all   38.36    0.00   17.99    0.00    0.00    9.52    0.00    0.00    0.00   34.13
23:42:41     all   38.44    0.00   18.55    0.00    0.00    8.60    0.00    0.00    0.00   34.41
23:42:42     all   36.51    0.00   18.80    0.00    0.00    8.99    0.00    0.00    0.00   35.69
23:42:43     all   38.83    0.00   19.68    0.00    0.00    7.98    0.00    0.00    0.00   33.51
23:42:44     all   41.18    0.00   17.91    0.00    0.00    9.36    0.00    0.00    0.00   31.55
23:42:45     all   41.78    0.00   17.79    0.00    0.00    7.28    0.00    0.00    0.00   33.15
23:42:46     all   42.33    0.00   17.72    0.00    0.00    7.94    0.00    0.00    0.00   32.01
23:42:47     all   42.82    0.00   16.80    0.00    0.00    8.40    0.00    0.00    0.00   31.98
23:42:48     all   38.12    0.00   14.36    0.00    0.00    7.05    0.00    0.00    0.00   40.47
23:42:49     all   42.71    0.00   15.65    0.00    0.00    7.16    0.00    0.00    0.00   34.48
23:42:50     all   42.78    0.00   16.04    0.00    0.00    7.75    0.00    0.00    0.00   33.42
23:42:51     all   40.16    0.00   18.35    0.00    0.00    8.78    0.00    0.00    0.00   32.71
23:42:52     all   38.27    0.00   18.06    0.00    0.00    7.82    0.00    0.00    0.00   35.85
23:42:53     all   40.16    0.00   16.44    0.00    0.00    8.36    0.00    0.00    0.00   35.04
23:42:54     all   36.22    0.00   18.65    0.00    0.00    7.84    0.00    0.00    0.00   37.30
23:42:55     all   43.70    0.00   17.16    0.00    0.00    8.58    0.00    0.00    0.00   30.56
23:42:56     all   42.67    0.00   16.00    0.00    0.00    8.80    0.00    0.00    0.00   32.53
23:42:57     all   40.97    0.00   18.33    0.00    0.00    8.36    0.00    0.00    0.00   32.35
23:42:58     all   41.85    0.00   16.03    0.00    0.00    8.42    0.00    0.00    0.00   33.70
23:42:59     all   42.29    0.00   17.29    0.00    0.00    8.51    0.00    0.00    0.00   31.91
23:43:00     all   40.97    0.00   16.44    0.00    0.00    8.36    0.00    0.00    0.00   34.23
23:43:01     all   41.51    0.00   16.71    0.00    0.00    8.09    0.00    0.00    0.00   33.69
23:43:02     all   42.40    0.00   15.47    0.00    0.00    8.27    0.00    0.00    0.00   33.87
23:43:03     all   42.28    0.00   15.99    0.00    0.00    8.94    0.00    0.00    0.00   32.79
23:43:04     all   28.96    0.00   20.49    0.27    0.00    8.74    0.00    0.00    0.00   41.53
23:43:05     all   12.18    0.00    8.29    0.00    0.00    2.07    0.00    0.00    0.00   77.46
23:43:06     all    0.00    0.00    0.00    0.00    0.00    0.00    0.00    0.00    0.00  100.00
23:43:07     all    0.25    0.00    0.25    0.00    0.00    0.00    0.00    0.00    0.00   99.50
23:43:08     all    0.00    0.00    0.00    0.00    0.00    0.00    0.00    0.00    0.00  100.00
23:43:09     all   15.83    0.00    0.50    0.25    0.00    0.50    0.00    0.00    0.00   82.91
23:43:10     all   39.47    0.00   16.80    0.00    0.00    8.80    0.00    0.00    0.00   34.93
23:43:11     all   42.78    0.00   16.31    0.00    0.00    7.49    0.00    0.00    0.00   33.42
23:43:12     all   42.25    0.00   16.04    0.00    0.00    8.29    0.00    0.00    0.00   33.42
23:43:13     all   41.95    0.00   16.09    0.00    0.00    8.44    0.00    0.00    0.00   33.51
23:43:14     all   40.87    0.00   16.62    0.00    0.00    8.45    0.00    0.00    0.00   34.06
23:43:15     all   39.35    0.00   15.63    0.00    0.00    9.43    0.00    0.00    0.00   35.58
23:43:16     all   36.10    0.00   17.11    0.00    0.00    8.02    0.00    0.00    0.00   38.77
23:43:17     all   38.21    0.00   17.34    0.00    0.00    8.40    0.00    0.00    0.00   36.04
23:43:18     all   43.28    0.00   17.20    0.00    0.00    8.06    0.00    0.00    0.00   31.45
23:43:19     all   42.63    0.00   18.50    0.00    0.00    8.58    0.00    0.00    0.00   30.29
23:43:20     all   42.16    0.00   17.57    0.00    0.00    7.84    0.00    0.00    0.00   32.43
23:43:21     all   41.40    0.00   16.67    0.00    0.00    7.80    0.00    0.00    0.00   34.14
23:43:22     all   40.43    0.00   17.55    0.00    0.00    9.31    0.00    0.00    0.00   32.71
23:43:23     all   42.01    0.00   15.99    0.00    0.00    8.67    0.00    0.00    0.00   33.33
23:43:24     all   42.29    0.00   17.02    0.00    0.00    7.98    0.00    0.00    0.00   32.71
23:43:25     all   41.91    0.00   16.98    0.00    0.00    8.49    0.00    0.00    0.00   32.63
23:43:26     all   41.84    0.00   17.37    0.26    0.00    9.21    0.00    0.00    0.00   31.32
23:43:27     all   38.24    0.00   18.45    0.00    0.00    8.56    0.00    0.00    0.00   34.76
23:43:28     all   34.59    0.00   16.22    0.00    0.00    9.46    0.00    0.00    0.00   39.73
23:43:29     all   39.46    0.00   16.76    0.00    0.00    8.92    0.00    0.00    0.00   34.86
23:43:30     all   41.13    0.00   17.20    0.00    0.00    7.26    0.00    0.00    0.00   34.41
23:43:31     all   41.67    0.00   16.13    0.00    0.00    9.14    0.00    0.00    0.00   33.06
23:43:32     all   42.09    0.00   16.62    0.00    0.00    8.58    0.00    0.00    0.00   32.71
23:43:33     all   42.47    0.00   15.05    0.00    0.00    8.33    0.00    0.00    0.00   34.14
23:43:34     all   42.13    0.00   16.80    0.00    0.00    8.27    0.00    0.00    0.00   32.80
23:43:35     all   41.82    0.00   15.28    0.00    0.00    7.51    0.00    0.00    0.00   35.39
23:43:36     all   42.90    0.00   17.43    0.00    0.00    7.51    0.00    0.00    0.00   32.17
23:43:37     all   42.63    0.00   17.69    0.00    0.00    8.58    0.00    0.00    0.00   31.10
23:43:38     all   38.15    0.00   17.98    0.00    0.00    8.17    0.00    0.00    0.00   35.69
23:43:39     all   37.53    0.00   18.50    0.00    0.00    7.77    0.00    0.00    0.00   36.19
23:43:40     all   36.83    0.00   17.47    0.00    0.00    7.80    0.00    0.00    0.00   37.90
23:43:41     all   42.12    0.00   16.03    0.00    0.00    8.70    0.00    0.00    0.00   33.15
23:43:42     all   41.02    0.00   17.16    0.27    0.00    8.58    0.00    0.00    0.00   32.98
23:43:43     all   42.22    0.00   16.36    0.00    0.00    8.44    0.00    0.00    0.00   32.98
23:43:44     all   42.25    0.00   17.38    0.00    0.00    8.82    0.00    0.00    0.00   31.55
23:43:45     all   42.01    0.00   16.26    0.00    0.00    7.59    0.00    0.00    0.00   34.15
23:43:46     all   43.35    0.00   15.43    0.00    0.00    8.24    0.00    0.00    0.00   32.98
23:43:47     all   41.98    0.00   16.04    0.00    0.00    8.02    0.00    0.00    0.00   33.96
23:43:48     all   42.09    0.00   15.01    0.00    0.00    6.97    0.00    0.00    0.00   35.92
23:43:49     all   42.20    0.00   16.13    0.00    0.00    7.80    0.00    0.00    0.00   33.87
23:43:50     all   32.24    0.00   18.85    0.00    0.00    7.92    0.00    0.00    0.00   40.98
23:43:51     all   38.87    0.00   18.50    0.00    0.00    8.85    0.00    0.00    0.00   33.78
23:43:52     all   43.17    0.00   16.39    0.00    0.00    7.65    0.00    0.00    0.00   32.79
23:43:53     all   27.23    0.00   15.71    0.00    0.00    8.12    0.00    0.00    0.00   48.95
23:43:54     all    0.00    0.00    0.00    0.00    0.00    0.00    0.00    0.00    0.00  100.00
23:43:55     all    0.00    0.00    0.00    0.00    0.00    0.00    0.00    0.00    0.00  100.00
23:43:56     all    0.00    0.00    0.00    0.00    0.00    0.00    0.00    0.00    0.00  100.00
23:43:57     all    0.00    0.00    0.25    0.00    0.00    0.00    0.00    0.00    0.00   99.75
23:43:58     all   45.36    0.00    6.96    0.00    0.00    4.90    0.00    0.00    0.00   42.78
23:43:59     all   40.97    0.00   17.79    0.00    0.00    9.70    0.00    0.00    0.00   31.54
23:44:00     all   39.20    0.00   17.60    0.00    0.00    8.80    0.00    0.00    0.00   34.40
23:44:01     all   35.66    0.00   17.96    0.00    0.00    9.12    0.00    0.00    0.00   37.27
23:44:02     all   37.20    0.00   18.33    0.00    0.00    8.36    0.00    0.00    0.00   36.12
23:44:03     all   41.35    0.00   14.05    0.00    0.00    8.92    0.00    0.00    0.00   35.68
23:44:04     all   39.57    0.00   15.99    0.00    0.00   10.03    0.00    0.00    0.00   34.42
23:44:05     all   40.32    0.00   13.79    0.00    0.00    9.02    0.00    0.00    0.00   36.87
23:44:06     all   41.55    0.00   15.55    0.00    0.00    7.51    0.00    0.00    0.00   35.39
23:44:07     all   42.20    0.00   16.40    0.00    0.00    8.33    0.00    0.00    0.00   33.06
23:44:08     all   37.47    0.00   18.33    0.27    0.00    7.82    0.00    0.00    0.00   36.12
23:44:09     all   36.63    0.00   17.65    0.00    0.00    9.36    0.00    0.00    0.00   36.36
23:44:10     all   39.89    0.00   16.94    0.00    0.00    7.65    0.00    0.00    0.00   35.52
23:44:11     all   40.75    0.00   18.23    0.00    0.00    8.85    0.00    0.00    0.00   32.17
23:44:12     all   42.36    0.00   16.62    0.00    0.00    9.38    0.00    0.00    0.00   31.64
23:44:13     all   41.29    0.00   16.09    0.00    0.00    8.04    0.00    0.00    0.00   34.58
23:44:14     all   41.73    0.00   16.80    0.00    0.00    8.13    0.00    0.00    0.00   33.33
23:44:15     all   41.49    0.00   17.55    0.00    0.00    8.51    0.00    0.00    0.00   32.45
23:44:16     all   41.95    0.00   16.62    0.26    0.00    9.23    0.00    0.00    0.00   31.93
23:44:17     all   42.48    0.00   17.68    0.00    0.00    8.18    0.00    0.00    0.00   31.66
23:44:18     all   42.74    0.00   15.59    0.00    0.00    8.33    0.00    0.00    0.00   33.33
23:44:19     all   43.16    0.00   16.89    0.00    0.00    7.51    0.00    0.00    0.00   32.44
23:44:20     all   42.74    0.00   15.59    0.00    0.00    9.14    0.00    0.00    0.00   32.53
23:44:21     all   41.24    0.00   18.87    0.00    0.00    8.09    0.00    0.00    0.00   31.81
23:44:22     all   30.14    0.00   20.82    0.00    0.00    9.32    0.00    0.00    0.00   39.73
23:44:23     all   14.84    0.00    9.90    0.00    0.00    2.60    0.00    0.00    0.00   72.66
23:44:24     all    0.00    0.00    0.00    0.00    0.00    0.00    0.00    0.00    0.00  100.00
23:44:25     all    0.25    0.00    0.00    0.00    0.00    0.00    0.00    0.00    0.00   99.75
23:44:26     all    0.00    0.00    0.00    0.25    0.00    0.00    0.00    0.00    0.00   99.75
23:44:27     all   13.78    0.00    0.00    0.00    0.00    0.00    0.00    0.00    0.00   86.22
23:44:28     all   41.18    0.00   15.24    0.00    0.00    9.89    0.00    0.00    0.00   33.69
23:44:29     all   42.59    0.00   15.90    0.00    0.00    7.55    0.00    0.00    0.00   33.96
23:44:30     all   42.97    0.00   15.41    0.00    0.00    8.38    0.00    0.00    0.00   33.24
23:44:31     all   41.13    0.00   16.67    0.00    0.00    8.06    0.00    0.00    0.00   34.14
23:44:32     all   36.14    0.00   18.48    0.00    0.00    8.97    0.00    0.00    0.00   36.41
23:44:33     all   34.96    0.00   16.80    0.00    0.00    7.59    0.00    0.00    0.00   40.65
23:44:34     all   42.86    0.00   16.44    0.00    0.00    7.82    0.00    0.00    0.00   32.88
23:44:35     all   42.20    0.00   16.40    0.00    0.00    8.33    0.00    0.00    0.00   33.06
23:44:36     all   41.78    0.00   16.44    0.00    0.00    9.16    0.00    0.00    0.00   32.61
23:44:37     all   41.29    0.00   16.62    0.00    0.00    9.38    0.00    0.00    0.00   32.71
23:44:38     all   43.35    0.00   14.63    0.00    0.00    8.51    0.00    0.00    0.00   33.51
23:44:39     all   42.18    0.00   18.04    0.00    0.00    8.49    0.00    0.00    0.00   31.30
23:44:40     all   43.28    0.00   16.13    0.00    0.00    8.06    0.00    0.00    0.00   32.53
23:44:41     all   41.94    0.00   16.40    0.00    0.00    8.87    0.00    0.00    0.00   32.80
23:44:42     all   42.63    0.00   17.69    0.00    0.00    8.58    0.00    0.00    0.00   31.10
23:44:43     all   36.34    0.00   16.94    0.00    0.00    7.92    0.00    0.00    0.00   38.80
23:44:44     all   37.67    0.00   17.34    0.00    0.00    8.40    0.00    0.00    0.00   36.59
23:44:45     all   37.50    0.00   18.62    0.00    0.00    8.51    0.00    0.00    0.00   35.37
23:44:46     all   43.16    0.00   17.96    0.00    0.00    8.04    0.00    0.00    0.00   30.83
23:44:47     all   41.33    0.00   16.53    0.00    0.00    9.07    0.00    0.00    0.00   33.07
23:44:48     all   42.05    0.00   17.52    0.00    0.00    8.63    0.00    0.00    0.00   31.81
23:44:49     all   41.49    0.00   16.49    0.00    0.00    8.78    0.00    0.00    0.00   33.24
23:44:50     all   37.30    0.00   11.64    0.00    0.00    6.08    0.00    0.00    0.00   44.97
23:44:51     all   41.82    0.00   17.43    0.00    0.00    8.58    0.00    0.00    0.00   32.17
23:44:52     all   42.20    0.00   16.94    0.00    0.00    8.06    0.00    0.00    0.00   32.80
23:44:53     all   38.40    0.00   18.67    0.00    0.00    8.27    0.00    0.00    0.00   34.67
23:44:54     all   39.41    0.00   17.96    0.00    0.00    8.31    0.00    0.00    0.00   34.32
23:44:55     all   35.14    0.00   18.65    0.00    0.00    8.11    0.00    0.00    0.00   38.11
23:44:56     all   42.20    0.00   16.67    0.00    0.00    8.60    0.00    0.00    0.00   32.53
23:44:57     all   42.74    0.00   18.01    0.00    0.00    8.06    0.00    0.00    0.00   31.18
23:44:58     all   40.48    0.00   15.87    0.00    0.00    8.47    0.00    0.00    0.00   35.19
23:44:59     all   42.05    0.00   15.90    0.27    0.00    8.36    0.00    0.00    0.00   33.42
23:45:00     all   42.74    0.00   15.32    0.00    0.00    8.06    0.00    0.00    0.00   33.87
23:45:01     all   43.67    0.00   16.17    0.00    0.00    8.09    0.00    0.00    0.00   32.08
23:45:02     all   42.93    0.00   14.93    0.27    0.00    9.60    0.00    0.00    0.00   32.27
23:45:03     all   42.29    0.00   16.22    0.00    0.00    9.31    0.00    0.00    0.00   32.18
23:45:04     all   42.63    0.00   17.16    0.00    0.00    8.04    0.00    0.00    0.00   32.17
23:45:05     all   34.76    0.00   18.18    0.00    0.00    8.56    0.00    0.00    0.00   38.50
23:45:06     all   34.33    0.00   19.89    0.00    0.00    9.26    0.00    0.00    0.00   36.51
23:45:07     all   42.63    0.00   17.16    0.27    0.00    8.58    0.00    0.00    0.00   31.37
23:45:08     all   42.78    0.00   16.35    0.00    0.00    7.90    0.00    0.00    0.00   32.97
23:45:09     all   43.20    0.00   16.00    0.00    0.00    8.27    0.00    0.00    0.00   32.53
23:45:10     all   43.16    0.00   15.82    0.00    0.00    8.58    0.00    0.00    0.00   32.44
23:45:11     all   43.73    0.00   14.93    0.00    0.00    8.27    0.00    0.00    0.00   33.07
23:45:12     all   42.32    0.00   15.90    0.00    0.00    8.36    0.00    0.00    0.00   33.42
23:45:13     all   37.63    0.00   17.74    0.00    0.00    8.60    0.00    0.00    0.00   36.02
23:45:14     all   14.63    0.00   11.70    0.00    0.00    4.52    0.00    0.00    0.00   69.15
23:45:15     all    0.00    0.00    0.00    0.00    0.00    0.00    0.00    0.00    0.00  100.00
23:45:16     all    0.00    0.00    0.00    0.00    0.00    0.00    0.00    0.00    0.00  100.00
23:45:17     all    0.00    0.00    0.00    0.00    0.00    0.00    0.00    0.00    0.00  100.00
23:45:18     all    7.27    0.00    2.26    0.25    0.00    1.50    0.00    0.00    0.00   88.72
23:45:19     all   43.43    0.00   17.16    0.00    0.00    8.31    0.00    0.00    0.00   31.10
23:45:20     all   42.55    0.00   17.29    0.00    0.00    9.04    0.00    0.00    0.00   31.12
23:45:21     all   41.33    0.00   16.00    0.00    0.00    8.80    0.00    0.00    0.00   33.87
23:45:22     all   41.49    0.00   16.49    0.00    0.00    9.57    0.00    0.00    0.00   32.45
23:45:23     all   42.22    0.00   16.09    0.00    0.00    8.18    0.00    0.00    0.00   33.51
23:45:24     all   44.09    0.00   16.40    0.00    0.00    6.99    0.00    0.00    0.00   32.53
23:45:25     all   44.50    0.00   16.89    0.00    0.00    8.04    0.00    0.00    0.00   30.56
23:45:26     all   41.18    0.00   16.84    0.00    0.00    8.02    0.00    0.00    0.00   33.96
23:45:27     all   34.06    0.00   18.26    0.00    0.00    8.45    0.00    0.00    0.00   39.24
23:45:28     all   35.60    0.00   17.39    0.00    0.00    8.70    0.00    0.00    0.00   38.32
23:45:29     all   43.73    0.00   18.13    0.00    0.00    8.53    0.00    0.00    0.00   29.60
23:45:30     all   42.44    0.00   15.65    0.00    0.00    9.55    0.00    0.00    0.00   32.36
23:45:31     all   42.37    0.00   16.32    0.00    0.00    8.68    0.00    0.00    0.00   32.63
23:45:32     all   40.80    0.00   16.53    0.00    0.00    9.60    0.00    0.00    0.00   33.07
23:45:33     all   42.67    0.00   15.73    0.00    0.00    8.53    0.00    0.00    0.00   33.07
23:45:34     all   42.97    0.00   15.68    0.00    0.00    8.11    0.00    0.00    0.00   33.24
23:45:35     all   40.53    0.00   16.27    0.00    0.00    9.33    0.00    0.00    0.00   33.87
23:45:36     all   30.08    0.00   13.19    0.00    0.00    6.07    0.00    0.00    0.00   50.66
23:45:37     all   40.05    0.00   16.94    0.00    0.00    6.45    0.00    0.00    0.00   36.56
23:45:38     all   39.40    0.00   17.66    0.00    0.00    7.34    0.00    0.00    0.00   35.60
23:45:39     all   44.54    0.00   14.48    0.00    0.00    8.20    0.00    0.00    0.00   32.79
23:45:40     all   42.63    0.00   15.79    0.00    0.00    8.95    0.00    0.00    0.00   32.63
23:45:41     all   42.78    0.00   16.31    0.00    0.00    8.29    0.00    0.00    0.00   32.62
23:45:42     all   27.15    0.00    9.14    0.00    0.00    4.96    0.00    0.00    0.00   58.75
23:45:43     all   32.97    0.00   18.53    0.00    0.00    8.45    0.00    0.00    0.00   40.05
23:45:44     all   42.35    0.00   17.21    0.00    0.00    9.56    0.00    0.00    0.00   30.87
23:45:45     all   43.16    0.00   16.09    0.00    0.00    9.12    0.00    0.00    0.00   31.64
23:45:46     all   42.93    0.00   16.53    0.27    0.00    8.27    0.00    0.00    0.00   32.00
23:45:47     all   42.40    0.00   16.27    0.00    0.00    7.73    0.00    0.00    0.00   33.60
23:45:48     all   42.82    0.00   15.96    0.00    0.00    8.24    0.00    0.00    0.00   32.98
23:45:49     all   43.47    0.00   14.67    0.00    0.00    7.73    0.00    0.00    0.00   34.13
23:45:50     all   42.37    0.00   16.32    0.00    0.00    7.89    0.00    0.00    0.00   33.42
23:45:51     all   41.55    0.00   16.89    0.27    0.00    7.51    0.00    0.00    0.00   33.78
23:45:52     all   34.76    0.00   17.38    0.00    0.00    9.09    0.00    0.00    0.00   38.77
23:45:53     all   32.79    0.00   17.49    0.00    0.00    8.47    0.00    0.00    0.00   41.26
23:45:54     all   42.09    0.00   17.96    0.00    0.00    8.58    0.00    0.00    0.00   31.37
23:45:55     all   39.20    0.00   14.13    0.00    0.00    8.27    0.00    0.00    0.00   38.40
23:45:56     all   42.20    0.00   16.40    0.00    0.00    8.33    0.00    0.00    0.00   33.06
23:45:57     all   41.53    0.00   17.20    0.00    0.00    8.47    0.00    0.00    0.00   32.80
23:45:58     all   42.13    0.00   17.07    0.00    0.00    8.00    0.00    0.00    0.00   32.80
23:45:59     all   42.86    0.00   16.93    0.00    0.00    8.73    0.00    0.00    0.00   31.48
23:46:00     all   33.15    0.00   18.75    0.00    0.00    8.42    0.00    0.00    0.00   39.67
23:46:01     all   34.23    0.00   18.33    0.00    0.00    9.16    0.00    0.00    0.00   38.27
23:46:02     all   43.32    0.00   16.89    0.00    0.00    8.72    0.00    0.00    0.00   31.06
23:46:03     all   42.33    0.00   16.14    0.00    0.00    8.73    0.00    0.00    0.00   32.80
23:46:04     all   42.82    0.00   16.53    0.00    0.00    8.40    0.00    0.00    0.00   32.25
23:46:05     all   42.33    0.00   15.34    0.00    0.00    8.73    0.00    0.00    0.00   33.60
23:46:06     all   43.13    0.00   16.17    0.27    0.00    8.09    0.00    0.00    0.00   32.35
23:46:07     all   43.16    0.00   14.21    0.00    0.00    8.85    0.00    0.00    0.00   33.78
23:46:08     all   42.32    0.00   15.36    0.00    0.00    7.28    0.00    0.00    0.00   35.04
23:46:09     all   43.24    0.00   15.38    0.00    0.00    8.75    0.00    0.00    0.00   32.63
23:46:10     all   32.54    0.00   16.93    0.00    0.00    9.26    0.00    0.00    0.00   41.27
23:46:11     all   35.95    0.00   18.38    0.00    0.00    8.38    0.00    0.00    0.00   37.30
23:46:12     all   43.44    0.00   16.39    0.00    0.00    7.65    0.00    0.00    0.00   32.51
23:46:13     all   39.95    0.00   14.21    0.00    0.00    8.31    0.00    0.00    0.00   37.53
23:46:14     all   43.28    0.00   15.86    0.00    0.00    8.60    0.00    0.00    0.00   32.26
23:46:15     all   41.84    0.00   14.74    0.00    0.00    9.47    0.00    0.00    0.00   33.95
23:46:16     all   41.87    0.00   16.00    0.00    0.00    8.27    0.00    0.00    0.00   33.87
23:46:17     all   41.98    0.00   16.84    0.00    0.00    8.82    0.00    0.00    0.00   32.35
23:46:18     all   42.63    0.00   16.09    0.00    0.00    8.85    0.00    0.00    0.00   32.44
23:46:19     all   41.76    0.00   15.69    0.00    0.00    8.78    0.00    0.00    0.00   33.78
23:46:20     all   36.22    0.00   17.30    0.00    0.00    8.92    0.00    0.00    0.00   37.57
23:46:21     all   33.06    0.00   19.24    0.00    0.00    7.05    0.00    0.00    0.00   40.65
23:46:22     all   42.66    0.00   17.93    0.00    0.00    8.42    0.00    0.00    0.00   30.98
23:46:23     all   40.27    0.00   16.80    0.00    0.00    7.73    0.00    0.00    0.00   35.20
23:46:24     all   42.09    0.00   15.28    0.00    0.00    8.31    0.00    0.00    0.00   34.32
23:46:25     all   42.16    0.00   15.95    0.00    0.00    8.38    0.00    0.00    0.00   33.51
23:46:26     all   41.76    0.00   15.96    0.00    0.00    8.78    0.00    0.00    0.00   33.51
23:46:27     all   43.16    0.00   16.35    0.27    0.00    8.04    0.00    0.00    0.00   32.17
23:46:28     all   38.40    0.00   16.80    0.00    0.00    8.53    0.00    0.00    0.00   36.27
23:46:29     all   35.47    0.00   18.40    0.00    0.00    8.53    0.00    0.00    0.00   37.60
23:46:30     all   39.24    0.00   18.80    0.00    0.00    8.17    0.00    0.00    0.00   33.79
23:46:31     all   41.22    0.00   17.02    0.00    0.00    9.84    0.00    0.00    0.00   31.91
23:46:32     all   42.70    0.00   15.41    0.00    0.00    8.92    0.00    0.00    0.00   32.97
23:46:33     all   41.27    0.00   16.40    0.00    0.00    8.73    0.00    0.00    0.00   33.60
23:46:34     all   41.98    0.00   15.51    0.00    0.00    9.09    0.00    0.00    0.00   33.42
23:46:35     all   41.60    0.00   16.53    0.00    0.00    8.00    0.00    0.00    0.00   33.87
23:46:36     all   43.62    0.00   16.22    0.00    0.00    7.71    0.00    0.00    0.00   32.45
23:46:37     all   41.87    0.00   16.00    0.00    0.00    8.27    0.00    0.00    0.00   33.87
23:46:38     all   39.47    0.00   15.20    0.00    0.00    9.60    0.00    0.00    0.00   35.73
23:46:39     all   35.12    0.00   17.96    0.00    0.00    9.38    0.00    0.00    0.00   37.53
23:46:40     all   36.49    0.00   17.84    0.00    0.00    8.11    0.00    0.00    0.00   37.57
23:46:41     all   41.51    0.00   17.52    0.00    0.00    8.09    0.00    0.00    0.00   32.88
23:46:42     all   43.05    0.00   14.44    0.00    0.00    8.17    0.00    0.00    0.00   34.33
23:46:43     all   41.18    0.00   16.31    0.27    0.00    8.82    0.00    0.00    0.00   33.42
23:46:44     all   41.98    0.00   16.04    0.00    0.00    7.75    0.00    0.00    0.00   34.22
23:46:45     all   44.65    0.00   15.78    0.00    0.00    7.49    0.00    0.00    0.00   32.09
23:46:46     all   40.43    0.00   15.16    0.00    0.00    8.78    0.00    0.00    0.00   35.64
23:46:47     all   42.33    0.00   16.40    0.00    0.00    8.47    0.00    0.00    0.00   32.80
23:46:48     all   42.51    0.00   15.78    0.00    0.00    8.56    0.00    0.00    0.00   33.16
23:46:49     all   36.34    0.00   17.21    0.00    0.00    9.02    0.00    0.00    0.00   37.43
23:46:50     all   40.65    0.00   15.99    0.00    0.00    8.40    0.00    0.00    0.00   34.96
23:46:51     all   35.47    0.00   17.07    0.00    0.00    8.80    0.00    0.00    0.00   38.67
23:46:52     all   41.62    0.00   15.68    0.27    0.00    8.65    0.00    0.00    0.00   33.78
23:46:53     all   42.01    0.00   14.63    0.00    0.00    8.13    0.00    0.00    0.00   35.23
23:46:54     all   41.46    0.00   15.99    0.00    0.00    9.76    0.00    0.00    0.00   32.79
23:46:55     all   42.13    0.00   15.20    0.00    0.00    8.53    0.00    0.00    0.00   34.13
23:46:56     all   41.82    0.00   15.01    0.00    0.00    8.58    0.00    0.00    0.00   34.58
23:46:57     all   42.71    0.00   15.12    0.00    0.00    7.69    0.00    0.00    0.00   34.48
23:46:58     all   39.73    0.00   14.67    0.00    0.00    8.00    0.00    0.00    0.00   37.60
23:46:59     all   41.51    0.00   14.82    0.00    0.00    9.70    0.00    0.00    0.00   33.96
23:47:00     all   37.20    0.00   17.25    0.00    0.00    8.09    0.00    0.00    0.00   37.47
23:47:01     all   34.15    0.00   17.07    0.00    0.00    9.21    0.00    0.00    0.00   39.57
23:47:02     all   41.87    0.00   17.87    0.00    0.00    8.80    0.00    0.00    0.00   31.47
23:47:03     all   40.86    0.00   14.78    0.00    0.00    8.60    0.00    0.00    0.00   35.75
23:47:04     all   40.53    0.00   16.80    0.00    0.00    9.33    0.00    0.00    0.00   33.33
23:47:05     all   41.94    0.00   15.86    0.00    0.00    8.60    0.00    0.00    0.00   33.60
23:47:06     all   42.36    0.00   16.09    0.00    0.00    8.04    0.00    0.00    0.00   33.51
23:47:07     all   41.44    0.00   15.78    0.00    0.00    7.75    0.00    0.00    0.00   35.03
23:47:08     all   42.67    0.00   17.07    0.00    0.00    7.47    0.00    0.00    0.00   32.80
23:47:09     all   41.46    0.00   16.80    0.00    0.00    7.86    0.00    0.00    0.00   33.88
23:47:10     all   34.85    0.00   17.43    0.00    0.00    8.58    0.00    0.00    0.00   39.14
23:47:11     all   32.88    0.00   18.08    0.00    0.00    8.77    0.00    0.00    0.00   40.27
23:47:12     all   43.51    0.00   16.76    0.00    0.00    8.38    0.00    0.00    0.00   31.35
23:47:13     all   42.32    0.00   15.90    0.00    0.00    8.36    0.00    0.00    0.00   33.42
23:47:14     all   41.22    0.00   16.22    0.00    0.00    8.51    0.00    0.00    0.00   34.04
23:47:15     all   42.59    0.00   15.63    0.00    0.00    8.36    0.00    0.00    0.00   33.42
23:47:16     all   42.09    0.00   15.28    0.00    0.00    8.04    0.00    0.00    0.00   34.58
23:47:17     all   41.02    0.00   15.82    0.00    0.00    9.38    0.00    0.00    0.00   33.78
23:47:18     all   34.93    0.00   18.40    0.00    0.00    8.00    0.00    0.00    0.00   38.67
23:47:19     all   33.88    0.00   17.21    0.00    0.00    9.56    0.00    0.00    0.00   39.34
23:47:20     all   43.51    0.00   17.84    0.00    0.00    7.84    0.00    0.00    0.00   30.81
23:47:21     all   41.60    0.00   16.53    0.00    0.00    8.27    0.00    0.00    0.00   33.60
23:47:22     all   40.91    0.00   17.38    0.00    0.00    9.09    0.00    0.00    0.00   32.62
23:47:23     all   40.97    0.00   16.71    0.00    0.00    8.36    0.00    0.00    0.00   33.96
23:47:24     all   41.71    0.00   15.51    0.00    0.00    8.02    0.00    0.00    0.00   34.76
23:47:25     all   41.94    0.00   16.67    0.00    0.00    7.53    0.00    0.00    0.00   33.87
23:47:26     all   41.64    0.00   18.30    0.00    0.00    8.22    0.00    0.00    0.00   31.83
23:47:27     all   35.92    0.00   18.50    0.27    0.00    8.04    0.00    0.00    0.00   37.27
23:47:28     all   39.52    0.00   18.55    0.00    0.00    7.53    0.00    0.00    0.00   34.41
23:47:29     all   36.51    0.00   19.35    0.00    0.00    8.17    0.00    0.00    0.00   35.97
23:47:30     all   41.67    0.00   18.28    0.00    0.00    8.06    0.00    0.00    0.00   31.99
23:47:31     all   43.13    0.00   16.44    0.00    0.00    7.82    0.00    0.00    0.00   32.61
23:47:32     all   40.37    0.00   17.15    0.00    0.00    8.44    0.00    0.00    0.00   34.04
23:47:33     all   42.33    0.00   16.14    0.26    0.00    9.26    0.00    0.00    0.00   32.01
23:47:34     all   40.96    0.00   16.49    0.00    0.00    9.04    0.00    0.00    0.00   33.51
23:47:35     all   42.09    0.00   15.28    0.00    0.00    7.51    0.00    0.00    0.00   35.12
23:47:36     all   39.47    0.00   18.13    0.00    0.00    9.60    0.00    0.00    0.00   32.80
23:47:37     all   37.00    0.00   19.30    0.00    0.00    7.77    0.00    0.00    0.00   35.92
23:47:38     all   35.18    0.00   18.84    0.00    0.00    7.76    0.00    0.00    0.00   38.23
23:47:39     all   41.29    0.00   17.43    0.00    0.00    9.12    0.00    0.00    0.00   32.17
23:47:40     all   41.78    0.00   16.98    0.00    0.00    8.36    0.00    0.00    0.00   32.88
23:47:41     all   41.96    0.00   16.35    0.00    0.00    8.17    0.00    0.00    0.00   33.51
23:47:42     all   42.33    0.00   16.67    0.00    0.00    7.94    0.00    0.00    0.00   33.07
23:47:43     all   42.02    0.00   15.16    0.00    0.00    7.71    0.00    0.00    0.00   35.11
23:47:44     all   42.09    0.00   16.62    0.00    0.00    7.51    0.00    0.00    0.00   33.78
23:47:45     all   41.78    0.00   15.63    0.00    0.00    8.36    0.00    0.00    0.00   34.23
23:47:46     all   41.38    0.00   17.24    0.00    0.00    8.75    0.00    0.00    0.00   32.63
23:47:47     all   34.05    0.00   19.19    0.00    0.00    8.92    0.00    0.00    0.00   37.84
23:47:48     all   36.93    0.00   17.79    0.00    0.00    9.16    0.00    0.00    0.00   36.12
23:47:49     all   38.80    0.00   18.31    0.00    0.00    8.20    0.00    0.00    0.00   34.70
23:47:50     all   41.55    0.00   17.69    0.27    0.00    9.38    0.00    0.00    0.00   31.10
23:47:51     all   42.20    0.00   15.86    0.00    0.00    8.60    0.00    0.00    0.00   33.33
23:47:52     all   42.86    0.00   17.46    0.00    0.00    7.67    0.00    0.00    0.00   32.01
23:47:53     all   41.40    0.00   15.86    0.00    0.00    8.33    0.00    0.00    0.00   34.41
23:47:54     all   40.27    0.00   17.07    0.00    0.00    9.60    0.00    0.00    0.00   33.07
23:47:55     all   40.27    0.00   16.80    0.00    0.00    8.80    0.00    0.00    0.00   34.13
23:47:56     all   29.70    0.00   19.89    0.00    0.00    9.81    0.00    0.00    0.00   40.60
23:47:57     all   12.92    0.00    8.53    0.00    0.00    3.10    0.00    0.00    0.00   75.45
23:47:58     all    0.00    0.00    0.00    0.00    0.00    0.00    0.00    0.00    0.00  100.00
23:47:59     all    0.00    0.00    0.25    0.00    0.00    0.00    0.00    0.00    0.00   99.75
23:48:00     all    0.00    0.00    0.00    0.00    0.00    0.00    0.00    0.00    0.00  100.00
23:48:01     all   14.11    0.00    0.76    0.00    0.00    0.00    0.00    0.00    0.00   85.14
23:48:02     all   41.18    0.00   16.04    0.00    0.00    9.63    0.00    0.00    0.00   33.16
23:48:03     all   42.05    0.00   15.63    0.00    0.00    9.97    0.00    0.00    0.00   32.35
23:48:04     all   42.01    0.00   15.45    0.00    0.00    7.86    0.00    0.00    0.00   34.69
23:48:05     all   42.06    0.00   15.87    0.26    0.00    8.73    0.00    0.00    0.00   33.07
23:48:06     all   42.05    0.00   16.17    0.00    0.00    8.09    0.00    0.00    0.00   33.69
23:48:07     all   34.65    0.00   15.49    0.00    0.00    8.14    0.00    0.00    0.00   41.73
23:48:08     all   37.84    0.00   17.57    0.00    0.00    8.38    0.00    0.00    0.00   36.22
23:48:09     all   37.50    0.00   18.21    0.00    0.00    8.15    0.00    0.00    0.00   36.14
23:48:10     all   41.29    0.00   15.55    0.27    0.00    8.31    0.00    0.00    0.00   34.58
23:48:11     all   41.16    0.00   16.89    0.00    0.00    8.97    0.00    0.00    0.00   32.98
23:48:12     all   41.76    0.00   16.76    0.00    0.00    7.71    0.00    0.00    0.00   33.78
23:48:13     all   42.36    0.00   16.62    0.00    0.00    8.04    0.00    0.00    0.00   32.98
23:48:14     all   41.82    0.00   17.16    0.00    0.00    8.58    0.00    0.00    0.00   32.44
23:48:15     all   42.36    0.00   17.43    0.00    0.00    7.24    0.00    0.00    0.00   32.98
23:48:16     all   41.33    0.00   17.07    0.27    0.00    8.80    0.00    0.00    0.00   32.53
23:48:17     all   30.16    0.00   18.75    0.00    0.00    8.97    0.00    0.00    0.00   42.12
23:48:18     all   38.59    0.00   19.02    0.00    0.00    8.42    0.00    0.00    0.00   33.97
23:48:19     all   40.48    0.00   17.96    0.00    0.00    8.58    0.00    0.00    0.00   32.98
23:48:20     all   40.59    0.00   18.82    0.00    0.00    8.06    0.00    0.00    0.00   32.53
23:48:21     all   40.81    0.00   16.22    0.27    0.00    8.11    0.00    0.00    0.00   34.59
23:48:22     all   41.51    0.00   17.52    0.00    0.00    7.55    0.00    0.00    0.00   33.42
23:48:23     all   41.22    0.00   15.16    0.00    0.00    6.91    0.00    0.00    0.00   36.70
23:48:24     all   40.43    0.00   15.96    0.00    0.00    7.71    0.00    0.00    0.00   35.90
23:48:25     all   33.69    0.00   19.14    0.00    0.00    8.09    0.00    0.00    0.00   39.08
23:48:26     all   35.25    0.00   19.95    0.00    0.00    7.65    0.00    0.00    0.00   37.16
23:48:27     all   42.01    0.00   17.62    0.00    0.00    8.94    0.00    0.00    0.00   31.44
23:48:28     all   42.51    0.00   15.78    0.00    0.00    7.49    0.00    0.00    0.00   34.22
23:48:29     all   41.18    0.00   17.65    0.00    0.00    8.29    0.00    0.00    0.00   32.89
23:48:30     all   42.55    0.00   17.29    0.00    0.00    8.24    0.00    0.00    0.00   31.91
23:48:31     all   41.82    0.00   17.16    0.00    0.00    8.58    0.00    0.00    0.00   32.44
23:48:32     all   43.28    0.00   15.32    0.00    0.00    8.87    0.00    0.00    0.00   32.53
23:48:33     all   38.07    0.00   15.82    0.00    0.00    8.58    0.00    0.00    0.00   37.53
23:48:34     all   31.98    0.00   18.43    0.00    0.00    8.40    0.00    0.00    0.00   41.19
23:48:35     all   39.02    0.00   18.43    0.00    0.00    8.67    0.00    0.00    0.00   33.88
23:48:36     all   41.82    0.00   15.55    0.00    0.00    9.65    0.00    0.00    0.00   32.98
23:48:37     all   40.32    0.00   16.67    0.00    0.00    8.06    0.00    0.00    0.00   34.95
23:48:38     all   40.90    0.00   17.68    0.00    0.00    8.71    0.00    0.00    0.00   32.72
23:48:39     all   42.43    0.00   16.49    0.00    0.00    8.38    0.00    0.00    0.00   32.70
23:48:40     all   41.98    0.00   16.04    0.00    0.00    7.75    0.00    0.00    0.00   34.22
23:48:41     all   42.63    0.00   15.28    0.00    0.00    8.31    0.00    0.00    0.00   33.78
23:48:42     all   31.90    0.00   15.82    0.00    0.00    7.24    0.00    0.00    0.00   45.04
23:48:43     all   34.76    0.00   18.45    0.00    0.00    8.29    0.00    0.00    0.00   38.50
23:48:44     all   42.66    0.00   17.12    0.00    0.00    9.24    0.00    0.00    0.00   30.98
23:48:45     all   42.47    0.00   15.32    0.00    0.00    8.87    0.00    0.00    0.00   33.33
23:48:46     all   43.21    0.00   16.03    0.00    0.00    7.61    0.00    0.00    0.00   33.15
23:48:47     all   41.82    0.00   16.09    0.00    0.00    8.58    0.00    0.00    0.00   33.51
23:48:48     all   42.40    0.00   16.00    0.00    0.00    8.27    0.00    0.00    0.00   33.33
23:48:49     all   41.87    0.00   14.40    0.00    0.00    8.00    0.00    0.00    0.00   35.73
23:48:50     all   42.09    0.00   16.62    0.00    0.00    7.24    0.00    0.00    0.00   34.05
23:48:51     all   42.06    0.00   15.61    0.00    0.00    9.26    0.00    0.00    0.00   33.07
23:48:52     all   43.70    0.00   15.01    0.00    0.00    7.77    0.00    0.00    0.00   33.51
23:48:53     all   40.43    0.00   15.90    0.00    0.00    7.55    0.00    0.00    0.00   36.12
23:48:54     all   34.50    0.00   16.71    0.00    0.00    9.16    0.00    0.00    0.00   39.62
23:48:55     all   36.04    0.00   18.16    0.00    0.00    8.13    0.00    0.00    0.00   37.67
23:48:56     all   42.78    0.00   17.65    0.00    0.00    8.29    0.00    0.00    0.00   31.28
23:48:57     all   42.66    0.00   15.76    0.27    0.00    8.70    0.00    0.00    0.00   32.61
23:48:58     all   42.18    0.00   15.92    0.00    0.00    8.49    0.00    0.00    0.00   33.42
23:48:59     all   41.27    0.00   15.87    0.00    0.00    8.99    0.00    0.00    0.00   33.86
23:49:00     all   41.89    0.00   14.86    0.00    0.00    7.84    0.00    0.00    0.00   35.41
23:49:01     all   43.24    0.00   16.71    0.00    0.00    7.96    0.00    0.00    0.00   32.10
23:49:02     all   42.02    0.00   16.49    0.00    0.00    9.04    0.00    0.00    0.00   32.45
23:49:03     all   41.46    0.00   16.26    0.00    0.00    8.40    0.00    0.00    0.00   33.88
23:49:04     all   35.81    0.00   17.77    0.00    0.00    7.96    0.00    0.00    0.00   38.46
23:49:05     all   33.87    0.00   18.82    0.00    0.00    9.14    0.00    0.00    0.00   38.17
23:49:06     all   40.00    0.00   18.38    0.00    0.00    8.38    0.00    0.00    0.00   33.24
23:49:07     all   43.09    0.00   15.69    0.00    0.00    7.98    0.00    0.00    0.00   33.24
23:49:08     all   41.46    0.00   17.62    0.00    0.00    8.40    0.00    0.00    0.00   32.52
23:49:09     all   41.44    0.00   16.58    0.00    0.00    7.75    0.00    0.00    0.00   34.22
23:49:10     all   31.11    0.00   10.28    0.00    0.00    4.63    0.00    0.00    0.00   53.98
23:49:11     all   30.08    0.00   16.16    0.00    0.00    8.36    0.00    0.00    0.00   45.40
23:49:12     all   42.28    0.00   16.53    0.00    0.00    7.59    0.00    0.00    0.00   33.60
23:49:13     all   40.91    0.00   14.97    0.27    0.00    8.82    0.00    0.00    0.00   35.03
23:49:14     all   42.02    0.00   16.76    0.00    0.00    7.71    0.00    0.00    0.00   33.51
23:49:15     all   40.80    0.00   14.93    0.00    0.00    9.07    0.00    0.00    0.00   35.20
23:49:16     all   42.25    0.00   15.51    0.00    0.00    8.56    0.00    0.00    0.00   33.69
23:49:17     all   42.59    0.00   16.14    0.00    0.00    7.94    0.00    0.00    0.00   33.33
23:49:18     all   43.01    0.00   15.86    0.00    0.00    7.80    0.00    0.00    0.00   33.33
23:49:19     all   42.25    0.00   15.78    0.00    0.00    8.29    0.00    0.00    0.00   33.69
23:49:20     all   41.18    0.00   16.31    0.00    0.00    9.09    0.00    0.00    0.00   33.42
23:49:21     all   39.95    0.00   16.93    0.00    0.00    7.41    0.00    0.00    0.00   35.71
23:49:22     all   36.22    0.00   18.65    0.00    0.00    8.11    0.00    0.00    0.00   37.03
23:49:23     all   37.13    0.00   17.34    0.00    0.00    6.23    0.00    0.00    0.00   39.30
23:49:24     all   42.28    0.00   16.53    0.27    0.00    8.67    0.00    0.00    0.00   32.25
23:49:25     all   42.28    0.00   14.36    0.00    0.00    7.86    0.00    0.00    0.00   35.50
23:49:26     all   42.16    0.00   15.68    0.00    0.00    8.38    0.00    0.00    0.00   33.78
23:49:27     all   41.67    0.00   15.05    0.00    0.00    8.06    0.00    0.00    0.00   35.22
23:49:28     all   41.44    0.00   17.91    0.00    0.00    8.02    0.00    0.00    0.00   32.62
23:49:29     all   42.36    0.00   14.75    0.27    0.00    7.77    0.00    0.00    0.00   34.85
23:49:30     all   42.37    0.00   16.58    0.00    0.00    9.47    0.00    0.00    0.00   31.58
23:49:31     all   40.48    0.00   16.62    0.00    0.00    8.85    0.00    0.00    0.00   34.05
23:49:32     all   37.70    0.00   15.57    0.00    0.00    7.92    0.00    0.00    0.00   38.80
23:49:33     all   31.44    0.00   18.16    0.00    0.00    8.40    0.00    0.00    0.00   42.01
23:49:34     all   43.40    0.00   16.98    0.00    0.00    8.09    0.00    0.00    0.00   31.54
23:49:35     all   42.51    0.00   16.08    0.00    0.00    7.90    0.00    0.00    0.00   33.51
23:49:36     all   39.57    0.00   15.78    0.00    0.00    8.82    0.00    0.00    0.00   35.83
23:49:37     all   42.51    0.00   15.24    0.00    0.00    8.29    0.00    0.00    0.00   33.96
23:49:38     all   42.78    0.00   15.51    0.00    0.00    8.82    0.00    0.00    0.00   32.89
23:49:39     all   42.67    0.00   14.93    0.00    0.00    8.80    0.00    0.00    0.00   33.60
23:49:40     all   41.94    0.00   15.86    0.00    0.00    7.80    0.00    0.00    0.00   34.41
23:49:41     all   42.78    0.00   17.11    0.00    0.00    8.29    0.00    0.00    0.00   31.82
23:49:42     all   42.23    0.00   14.99    0.00    0.00    8.45    0.00    0.00    0.00   34.33
23:49:43     all   40.21    0.00   17.69    0.00    0.00    8.58    0.00    0.00    0.00   33.51
23:49:44     all   31.79    0.00   16.58    0.00    0.00    8.15    0.00    0.00    0.00   43.48
23:49:45     all   36.86    0.00   17.62    0.00    0.00   10.03    0.00    0.00    0.00   35.50
23:49:46     all   41.24    0.00   17.79    0.00    0.00    7.55    0.00    0.00    0.00   33.42
23:49:47     all   42.59    0.00   15.90    0.00    0.00    9.16    0.00    0.00    0.00   32.35
23:49:48     all   39.04    0.00   16.58    0.00    0.00    8.29    0.00    0.00    0.00   36.10
23:49:49     all   42.05    0.00   15.36    0.00    0.00    7.82    0.00    0.00    0.00   34.77
23:49:50     all   41.49    0.00   15.69    0.00    0.00    8.24    0.00    0.00    0.00   34.57
23:49:51     all   42.02    0.00   15.43    0.27    0.00    7.45    0.00    0.00    0.00   34.84
23:49:52     all   41.40    0.00   15.86    0.00    0.00    8.87    0.00    0.00    0.00   33.87
23:49:53     all   42.51    0.00   16.08    0.00    0.00    7.90    0.00    0.00    0.00   33.51
23:49:54     all   42.40    0.00   17.60    0.00    0.00    7.47    0.00    0.00    0.00   32.53
23:49:55     all   38.71    0.00   16.67    0.00    0.00    8.33    0.00    0.00    0.00   36.29
23:49:56     all   35.83    0.00   18.18    0.00    0.00    9.36    0.00    0.00    0.00   36.63
23:49:57     all   37.57    0.00   18.92    0.00    0.00    7.30    0.00    0.00    0.00   36.22
23:49:58     all   42.74    0.00   17.47    0.00    0.00    8.06    0.00    0.00    0.00   31.72
23:49:59     all   42.47    0.00   16.40    0.00    0.00    8.06    0.00    0.00    0.00   33.06
23:50:00     all   42.63    0.00   15.82    0.00    0.00    8.31    0.00    0.00    0.00   33.24
23:50:01     all   41.71    0.00   16.31    0.00    0.00    8.56    0.00    0.00    0.00   33.42
23:50:02     all   40.00    0.00   15.53    0.00    0.00   10.00    0.00    0.00    0.00   34.47
23:50:03     all   40.48    0.00   15.82    0.00    0.00    8.85    0.00    0.00    0.00   34.85
23:50:04     all   40.58    0.00   15.92    0.00    0.00    8.75    0.00    0.00    0.00   34.75
23:50:05     all   43.09    0.00   15.96    0.00    0.00    7.71    0.00    0.00    0.00   33.24
23:50:06     all   42.70    0.00   16.22    0.00    0.00    7.30    0.00    0.00    0.00   33.78
23:50:07     all   40.69    0.00   15.96    0.00    0.00    7.98    0.00    0.00    0.00   35.37
23:50:08     all   34.41    0.00   18.01    0.00    0.00    8.33    0.00    0.00    0.00   39.25
23:50:09     all   37.10    0.00   18.01    0.00    0.00    8.06    0.00    0.00    0.00   36.83
23:50:10     all   41.67    0.00   15.05    0.00    0.00    8.87    0.00    0.00    0.00   34.41
23:50:11     all   40.91    0.00   16.04    0.00    0.00    8.82    0.00    0.00    0.00   34.22
23:50:12     all   43.05    0.00   14.97    0.00    0.00    9.09    0.00    0.00    0.00   32.89
23:50:13     all   41.08    0.00   16.49    0.00    0.00    7.84    0.00    0.00    0.00   34.59
23:50:14     all   42.29    0.00   15.16    0.00    0.00    8.24    0.00    0.00    0.00   34.31
23:50:15     all   41.82    0.00   15.55    0.00    0.00    8.58    0.00    0.00    0.00   34.05
23:50:16     all   41.46    0.00   15.99    0.00    0.00    8.94    0.00    0.00    0.00   33.60
23:50:17     all   35.92    0.00   14.21    0.27    0.00    7.24    0.00    0.00    0.00   42.36
23:50:18     all   40.11    0.00   16.04    0.00    0.00    8.02    0.00    0.00    0.00   35.83
23:50:19     all   34.86    0.00   16.76    0.00    0.00    8.11    0.00    0.00    0.00   40.27
23:50:20     all   43.28    0.00   17.47    0.00    0.00    6.99    0.00    0.00    0.00   32.26
23:50:21     all   40.54    0.00   14.86    0.00    0.00    9.73    0.00    0.00    0.00   34.86
23:50:22     all   42.09    0.00   16.62    0.00    0.00    8.58    0.00    0.00    0.00   32.71
23:50:23     all   43.05    0.00   15.51    0.00    0.00    8.02    0.00    0.00    0.00   33.42
23:50:24     all   40.16    0.00   15.03    0.00    0.00    9.56    0.00    0.00    0.00   35.25
23:50:25     all   41.80    0.00   15.08    0.00    0.00    8.99    0.00    0.00    0.00   34.13
23:50:26     all   42.82    0.00   14.63    0.00    0.00    8.24    0.00    0.00    0.00   34.31
23:50:27     all   40.69    0.00   15.69    0.27    0.00    8.51    0.00    0.00    0.00   34.84
23:50:28     all   42.82    0.00   14.91    0.00    0.00    8.67    0.00    0.00    0.00   33.60
23:50:29     all   36.22    0.00   16.49    0.27    0.00    7.57    0.00    0.00    0.00   39.46
23:50:30     all   40.05    0.00   16.71    0.00    0.00    7.43    0.00    0.00    0.00   35.81
23:50:31     all   37.40    0.00   16.53    0.00    0.00    9.49    0.00    0.00    0.00   36.59
23:50:32     all   40.27    0.00   15.68    0.00    0.00    7.57    0.00    0.00    0.00   36.49
23:50:33     all   42.67    0.00   16.27    0.00    0.00    8.53    0.00    0.00    0.00   32.53
23:50:34     all   42.97    0.00   15.68    0.00    0.00    7.57    0.00    0.00    0.00   33.78
23:50:35     all   41.55    0.00   14.48    0.00    0.00    8.31    0.00    0.00    0.00   35.66
23:50:36     all   43.05    0.00   15.51    0.00    0.00    8.29    0.00    0.00    0.00   33.16
23:50:37     all   41.62    0.00   15.68    0.00    0.00    7.84    0.00    0.00    0.00   34.86
23:50:38     all   41.38    0.00   15.12    0.00    0.00    9.02    0.00    0.00    0.00   34.48
23:50:39     all   42.32    0.00   14.82    0.00    0.00    7.55    0.00    0.00    0.00   35.31
23:50:40     all   40.87    0.00   16.62    0.27    0.00    9.54    0.00    0.00    0.00   32.70
23:50:41     all   41.89    0.00   14.32    0.00    0.00    8.38    0.00    0.00    0.00   35.41
23:50:42     all   36.76    0.00   17.03    0.00    0.00    8.65    0.00    0.00    0.00   37.57
23:50:43     all   37.40    0.00   15.45    0.00    0.00    7.86    0.00    0.00    0.00   39.30
23:50:44     all   36.86    0.00   17.34    0.00    0.00    8.40    0.00    0.00    0.00   37.40
23:50:45     all   41.85    0.00   16.85    0.00    0.00    8.15    0.00    0.00    0.00   33.15
23:50:46     all   42.43    0.00   15.41    0.00    0.00    8.11    0.00    0.00    0.00   34.05
23:50:47     all   42.36    0.00   15.55    0.00    0.00    8.85    0.00    0.00    0.00   33.24
23:50:48     all   41.42    0.00   15.83    0.00    0.00    8.97    0.00    0.00    0.00   33.77
23:50:49     all   41.40    0.00   16.40    0.00    0.00    8.87    0.00    0.00    0.00   33.33
23:50:50     all   41.51    0.00   14.02    0.00    0.00    8.63    0.00    0.00    0.00   35.85
23:50:51     all   43.35    0.00   15.69    0.00    0.00    7.45    0.00    0.00    0.00   33.51
23:50:52     all   43.51    0.00   14.59    0.00    0.00    8.65    0.00    0.00    0.00   33.24
23:50:53     all   42.25    0.00   15.78    0.00    0.00    8.82    0.00    0.00    0.00   33.16
23:50:54     all   43.58    0.00   16.31    0.00    0.00    8.02    0.00    0.00    0.00   32.09
23:50:55     all   42.59    0.00   14.29    0.00    0.00    8.09    0.00    0.00    0.00   35.04
23:50:56     all   43.16    0.00   15.82    0.00    0.00    9.38    0.00    0.00    0.00   31.64
23:50:57     all   40.11    0.00   15.72    0.00    0.00    8.94    0.00    0.00    0.00   35.23
23:50:58     all   35.41    0.00   16.49    0.00    0.00    8.92    0.00    0.00    0.00   39.19
23:50:59     all   42.82    0.00   15.72    0.00    0.00    7.86    0.00    0.00    0.00   33.60
23:51:00     all   41.18    0.00   16.84    0.00    0.00    8.02    0.00    0.00    0.00   33.96
23:51:01     all   39.51    0.00   15.53    0.00    0.00    7.90    0.00    0.00    0.00   37.06
23:51:02     all   43.05    0.00   15.51    0.00    0.00    9.09    0.00    0.00    0.00   32.35
23:51:03     all   41.96    0.00   16.62    0.00    0.00    9.54    0.00    0.00    0.00   31.88
23:51:04     all   43.32    0.00   15.24    0.00    0.00    8.82    0.00    0.00    0.00   32.62
23:51:05     all   42.55    0.00   16.49    0.00    0.00    8.51    0.00    0.00    0.00   32.45
23:51:06     all   43.20    0.00   15.20    0.00    0.00    8.27    0.00    0.00    0.00   33.33
23:51:07     all   40.59    0.00   15.59    0.00    0.00    8.33    0.00    0.00    0.00   35.48
23:51:08     all   42.55    0.00   15.43    0.00    0.00    8.24    0.00    0.00    0.00   33.78
23:51:09     all   41.94    0.00   13.98    0.00    0.00    8.33    0.00    0.00    0.00   35.75
23:51:10     all   41.51    0.00   16.71    0.00    0.00    8.63    0.00    0.00    0.00   33.15
23:51:11     all   42.74    0.00   15.05    0.00    0.00    8.60    0.00    0.00    0.00   33.60
23:51:12     all   41.38    0.00   16.18    0.00    0.00    7.16    0.00    0.00    0.00   35.28
23:51:13     all   42.93    0.00   15.76    0.00    0.00    8.15    0.00    0.00    0.00   33.15
23:51:14     all   39.73    0.00   15.73    0.00    0.00    8.80    0.00    0.00    0.00   35.73
23:51:15     all   34.99    0.00   16.25    0.00    0.00    8.82    0.00    0.00    0.00   39.94
23:51:16     all   35.83    0.00   17.11    0.00    0.00    9.09    0.00    0.00    0.00   37.97
23:51:17     all   42.74    0.00   15.89    0.00    0.00    7.95    0.00    0.00    0.00   33.42
23:51:18     all   42.20    0.00   16.94    0.00    0.00    7.80    0.00    0.00    0.00   33.06
23:51:19     all   41.62    0.00   15.95    0.00    0.00    8.11    0.00    0.00    0.00   34.32
23:51:20     all   42.59    0.00   15.09    0.00    0.00    8.89    0.00    0.00    0.00   33.42
23:51:21     all   41.29    0.00   14.21    0.00    0.00    8.31    0.00    0.00    0.00   36.19
23:51:22     all   41.80    0.00   16.14    0.00    0.00    7.94    0.00    0.00    0.00   34.13
23:51:23     all   40.76    0.00   16.03    0.00    0.00    7.07    0.00    0.00    0.00   36.14
23:51:24     all   34.38    0.00   11.81    0.00    0.00    6.30    0.00    0.00    0.00   47.51
23:51:25     all   35.95    0.00   17.84    0.00    0.00    8.38    0.00    0.00    0.00   37.84
23:51:26     all   40.27    0.00   17.26    0.00    0.00    7.12    0.00    0.00    0.00   35.34
23:51:27     all   38.81    0.00   17.25    0.00    0.00    8.63    0.00    0.00    0.00   35.31
23:51:28     all   40.53    0.00   14.67    0.00    0.00    8.53    0.00    0.00    0.00   36.27
23:51:29     all   41.64    0.00   14.85    0.00    0.00    7.96    0.00    0.00    0.00   35.54
23:51:30     all   40.54    0.00   16.22    0.00    0.00    7.84    0.00    0.00    0.00   35.41
23:51:31     all   41.67    0.00   15.59    0.00    0.00    8.06    0.00    0.00    0.00   34.68
23:51:32     all   41.71    0.00   15.78    0.00    0.00    7.75    0.00    0.00    0.00   34.76
23:51:33     all   44.05    0.00   15.14    0.00    0.00    8.38    0.00    0.00    0.00   32.43
23:51:34     all   42.29    0.00   16.76    0.00    0.00    8.78    0.00    0.00    0.00   32.18
23:51:35     all   38.34    0.00   18.23    0.00    0.00    8.04    0.00    0.00    0.00   35.39
23:51:36     all   31.88    0.00   18.26    0.00    0.00    9.54    0.00    0.00    0.00   40.33
23:51:37     all   39.95    0.00   18.21    0.00    0.00    7.61    0.00    0.00    0.00   34.24
23:51:38     all   43.24    0.00   15.95    0.00    0.00    8.38    0.00    0.00    0.00   32.43
23:51:39     all   42.74    0.00   15.32    0.00    0.00    8.60    0.00    0.00    0.00   33.33
23:51:40     all   40.91    0.00   16.31    0.00    0.00    8.02    0.00    0.00    0.00   34.76
23:51:41     all   42.67    0.00   15.47    0.00    0.00    8.27    0.00    0.00    0.00   33.60
23:51:42     all   41.67    0.00   16.40    0.00    0.00    8.33    0.00    0.00    0.00   33.60
23:51:43     all   41.08    0.00   15.95    0.00    0.00    8.65    0.00    0.00    0.00   34.32
23:51:44     all   41.51    0.00   16.71    0.00    0.00    7.55    0.00    0.00    0.00   34.23
23:51:45     all   41.87    0.00   17.07    0.00    0.00    7.20    0.00    0.00    0.00   33.87
23:51:46     all   40.84    0.00   17.02    0.00    0.00    8.64    0.00    0.00    0.00   33.51
23:51:47     all   39.36    0.00   18.62    0.00    0.00    7.98    0.00    0.00    0.00   34.04
23:51:48     all   29.83    0.00   18.78    0.00    0.00    9.12    0.00    0.00    0.00   42.27
23:51:49     all   41.29    0.00   18.77    0.00    0.00    6.97    0.00    0.00    0.00   32.98
23:51:50     all   42.93    0.00   16.00    0.00    0.00    8.80    0.00    0.00    0.00   32.27
23:51:51     all   41.71    0.00   16.58    0.27    0.00    8.29    0.00    0.00    0.00   33.16
23:51:52     all   40.80    0.00   15.73    0.00    0.00    8.00    0.00    0.00    0.00   35.47
23:51:53     all   41.67    0.00   16.40    0.00    0.00    8.60    0.00    0.00    0.00   33.33
23:51:54     all   40.98    0.00   16.39    0.00    0.00    7.38    0.00    0.00    0.00   35.25
23:51:55     all   41.88    0.00   15.97    0.26    0.00    7.59    0.00    0.00    0.00   34.29
23:51:56     all   41.98    0.00   16.84    0.27    0.00    7.75    0.00    0.00    0.00   33.16
23:51:57     all   33.06    0.00   19.09    0.00    0.00    8.33    0.00    0.00    0.00   39.52
23:51:58     all   33.96    0.00   19.52    0.00    0.00    7.75    0.00    0.00    0.00   38.77
23:51:59     all   42.67    0.00   17.33    0.00    0.00    8.53    0.00    0.00    0.00   31.47
23:52:00     all   42.23    0.00   16.35    0.00    0.00    8.99    0.00    0.00    0.00   32.43
23:52:01     all   41.07    0.00   16.27    0.00    0.00    7.73    0.00    0.00    0.00   34.93
23:52:02     all   42.40    0.00   15.20    0.00    0.00    8.80    0.00    0.00    0.00   33.60
23:52:03     all   41.60    0.00   16.27    0.00    0.00    8.80    0.00    0.00    0.00   33.33
23:52:04     all   43.24    0.00   15.92    0.00    0.00    6.90    0.00    0.00    0.00   33.95
23:52:05     all   42.40    0.00   16.00    0.00    0.00    8.00    0.00    0.00    0.00   33.60
23:52:06     all   42.32    0.00   16.17    0.00    0.00    8.63    0.00    0.00    0.00   32.88
23:52:07     all   35.23    0.00   18.16    0.00    0.00    9.49    0.00    0.00    0.00   37.13
23:52:08     all   32.98    0.00   18.50    0.00    0.00    8.85    0.00    0.00    0.00   39.68
23:52:09     all   41.13    0.00   17.47    0.00    0.00    8.87    0.00    0.00    0.00   32.53
23:52:10     all   40.80    0.00   17.60    0.00    0.00    7.47    0.00    0.00    0.00   34.13
23:52:11     all   40.80    0.00   15.73    0.00    0.00    9.33    0.00    0.00    0.00   34.13
23:52:12     all   42.40    0.00   15.20    0.00    0.00    8.27    0.00    0.00    0.00   34.13
23:52:13     all   42.13    0.00   16.80    0.00    0.00    7.73    0.00    0.00    0.00   33.33
23:52:14     all   31.07    0.00   13.32    0.00    0.00    6.27    0.00    0.00    0.00   49.35
23:52:15     all   32.35    0.00   18.87    0.00    0.00    8.89    0.00    0.00    0.00   39.89
23:52:16     all   40.22    0.00   18.48    0.00    0.00    8.15    0.00    0.00    0.00   33.15
23:52:17     all   41.13    0.00   15.05    0.00    0.00    8.06    0.00    0.00    0.00   35.75
23:52:18     all   42.59    0.00   14.82    0.00    0.00    9.16    0.00    0.00    0.00   33.42
23:52:19     all   43.35    0.00   15.96    0.00    0.00    7.71    0.00    0.00    0.00   32.98
23:52:20     all   41.40    0.00   15.86    0.00    0.00    9.14    0.00    0.00    0.00   33.60
23:52:21     all   41.98    0.00   16.04    0.00    0.00    8.29    0.00    0.00    0.00   33.69
23:52:22     all   42.18    0.00   14.59    0.00    0.00    8.75    0.00    0.00    0.00   34.48
23:52:23     all   42.42    0.00   13.77    0.00    0.00    8.54    0.00    0.00    0.00   35.26
23:52:24     all   38.01    0.00   16.71    0.00    0.00    8.63    0.00    0.00    0.00   36.66
23:52:25     all   38.24    0.00   16.84    0.00    0.00    8.02    0.00    0.00    0.00   36.90
23:52:26     all   38.04    0.00   15.22    0.00    0.00    7.88    0.00    0.00    0.00   38.86
23:52:27     all   41.71    0.00   16.31    0.00    0.00    7.22    0.00    0.00    0.00   34.76
23:52:28     all   42.01    0.00   15.18    0.00    0.00    7.86    0.00    0.00    0.00   34.96
23:52:29     all   42.36    0.00   16.09    0.00    0.00    8.04    0.00    0.00    0.00   33.51
23:52:30     all   34.20    0.00    8.62    0.00    0.00    5.74    0.00    0.00    0.00   51.44
23:52:31     all   42.40    0.00   15.73    0.00    0.00    8.53    0.00    0.00    0.00   33.33
23:52:32     all   38.11    0.00   16.22    0.00    0.00    8.11    0.00    0.00    0.00   37.57
23:52:33     all   35.12    0.00   17.43    0.00    0.00    8.31    0.00    0.00    0.00   39.14
23:52:34     all   37.10    0.00   16.94    0.00    0.00    7.53    0.00    0.00    0.00   38.44
23:52:35     all   42.63    0.00   16.62    0.00    0.00    8.85    0.00    0.00    0.00   31.90
23:52:36     all   44.74    0.00   14.56    0.00    0.00    7.55    0.00    0.00    0.00   33.15
23:52:37     all   42.13    0.00   14.93    0.00    0.00    8.27    0.00    0.00    0.00   34.67
23:52:38     all   42.06    0.00   14.55    0.00    0.00    8.47    0.00    0.00    0.00   34.92
23:52:39     all   43.73    0.00   15.20    0.00    0.00    8.53    0.00    0.00    0.00   32.53
23:52:40     all   42.36    0.00   13.67    0.00    0.00    7.77    0.00    0.00    0.00   36.19
23:52:41     all   42.25    0.00   15.78    0.00    0.00    6.95    0.00    0.00    0.00   35.03
23:52:42     all   41.51    0.00   15.09    0.00    0.00    8.09    0.00    0.00    0.00   35.31
23:52:43     all   36.00    0.00   16.80    0.00    0.00    8.53    0.00    0.00    0.00   38.67
23:52:44     all   34.33    0.00   17.17    0.00    0.00    9.54    0.00    0.00    0.00   38.96
23:52:45     all   42.32    0.00   17.52    0.00    0.00    7.82    0.00    0.00    0.00   32.35
23:52:46     all   41.13    0.00   16.13    0.27    0.00    8.06    0.00    0.00    0.00   34.41
23:52:47     all   43.62    0.00   15.96    0.00    0.00    7.18    0.00    0.00    0.00   33.24
23:52:48     all   41.22    0.00   15.69    0.00    0.00    9.04    0.00    0.00    0.00   34.04
23:52:49     all   41.51    0.00   15.09    0.00    0.00    9.16    0.00    0.00    0.00   34.23
23:52:50     all   41.24    0.00   16.44    0.00    0.00    7.82    0.00    0.00    0.00   34.50
23:52:51     all   42.13    0.00   16.27    0.00    0.00    7.73    0.00    0.00    0.00   33.87
23:52:52     all   42.16    0.00   15.95    0.00    0.00    8.92    0.00    0.00    0.00   32.97
23:52:53     all   39.04    0.00   17.11    0.00    0.00    8.56    0.00    0.00    0.00   35.29
23:52:54     all   24.47    0.00   13.56    0.00    0.00    6.38    0.00    0.00    0.00   55.59
23:52:55     all   41.13    0.00   16.94    0.00    0.00    6.99    0.00    0.00    0.00   34.95
23:52:56     all   40.00    0.00   17.84    0.00    0.00    7.84    0.00    0.00    0.00   34.32
23:52:57     all   42.74    0.00   14.25    0.27    0.00    8.33    0.00    0.00    0.00   34.41
23:52:58     all   40.32    0.00   15.12    0.00    0.00    7.96    0.00    0.00    0.00   36.60
23:52:59     all   43.43    0.00   15.28    0.00    0.00    7.77    0.00    0.00    0.00   33.51
23:53:00     all   42.78    0.00   15.24    0.00    0.00    9.09    0.00    0.00    0.00   32.89
23:53:01     all   42.05    0.00   14.56    0.00    0.00    8.36    0.00    0.00    0.00   35.04
23:53:02     all   42.70    0.00   15.95    0.27    0.00    8.92    0.00    0.00    0.00   32.16
23:53:03     all   42.97    0.00   14.86    0.00    0.00    8.11    0.00    0.00    0.00   34.05
23:53:04     all   42.63    0.00   15.82    0.00    0.00    8.58    0.00    0.00    0.00   32.98
23:53:05     all   42.63    0.00   16.62    0.00    0.00    8.04    0.00    0.00    0.00   32.71
23:53:06     all   35.25    0.00   15.85    0.00    0.00    8.47    0.00    0.00    0.00   40.44
23:53:07     all   36.59    0.00   16.80    0.00    0.00    8.13    0.00    0.00    0.00   38.48
23:53:08     all   40.75    0.00   16.09    0.00    0.00    7.77    0.00    0.00    0.00   35.39
23:53:09     all   38.27    0.00   15.63    0.00    0.00    8.36    0.00    0.00    0.00   37.74
23:53:10     all   36.39    0.00   10.21    0.00    0.00    6.28    0.00    0.00    0.00   47.12
23:53:11     all   41.40    0.00   15.05    0.00    0.00    8.87    0.00    0.00    0.00   34.68
23:53:12     all   42.36    0.00   15.82    0.00    0.00    8.85    0.00    0.00    0.00   32.98
23:53:13     all   40.86    0.00   15.86    0.00    0.00    8.33    0.00    0.00    0.00   34.95
23:53:14     all   42.82    0.00   16.49    0.00    0.00    7.98    0.00    0.00    0.00   32.71
23:53:15     all   39.95    0.00   15.55    0.00    0.00    8.85    0.00    0.00    0.00   35.66
23:53:16     all   39.57    0.00   17.11    0.00    0.00    8.29    0.00    0.00    0.00   35.03
23:53:17     all   33.60    0.00   16.13    0.00    0.00    9.41    0.00    0.00    0.00   40.86
Average:     all   39.30    0.00   16.43    0.02    0.00    8.09    0.00    0.00    0.00   36.16
