Linux 6.8.0-1062-azure (csb-bench-host-azure) 	08/04/26 	_x86_64_	(4 CPU)

19:32:39     CPU    %usr   %nice    %sys %iowait    %irq   %soft  %steal  %guest  %gnice   %idle
19:32:40     all   10.58    0.00    3.78    0.00    0.00    0.00    0.00    0.00    0.00   85.64
19:32:41     all    3.56    0.00    1.53    0.00    0.00    0.00    0.00    0.00    0.00   94.91
19:32:42     all   55.98    0.00    8.14    0.25    0.00    3.82    0.00    0.00    0.00   31.81
19:32:43     all   34.69    0.00   24.39    0.00    0.00    9.49    0.00    0.00    0.00   31.44
19:32:44     all   31.72    0.00   26.34    0.00    0.00    9.14    0.00    0.00    0.00   32.80
19:32:45     all   41.60    0.00   19.73    0.00    0.00    8.00    0.00    0.00    0.00   30.67
19:32:46     all   42.09    0.00   18.50    0.00    0.00    8.31    0.00    0.00    0.00   31.10
19:32:47     all   41.91    0.00   19.10    0.00    0.00    8.75    0.00    0.00    0.00   30.24
19:32:48     all   41.33    0.00   18.67    0.27    0.00    8.27    0.00    0.00    0.00   31.47
19:32:49     all   42.25    0.00   17.38    0.00    0.00    8.56    0.00    0.00    0.00   31.82
19:32:50     all   33.42    0.00   19.84    0.00    0.00    9.78    0.00    0.00    0.00   36.96
19:32:51     all   35.12    0.00   24.13    0.00    0.00    7.24    0.00    0.00    0.00   33.51
19:32:52     all   42.67    0.00   18.40    0.00    0.00    8.53    0.00    0.00    0.00   30.40
19:32:53     all   40.85    0.00   19.36    0.00    0.00    9.02    0.00    0.00    0.00   30.77
19:32:54     all   40.21    0.00   17.43    0.00    0.00    8.31    0.00    0.00    0.00   34.05
19:32:55     all   42.25    0.00   18.45    0.00    0.00    8.29    0.00    0.00    0.00   31.02
19:32:56     all   41.38    0.00   19.63    0.00    0.00    7.16    0.00    0.00    0.00   31.83
19:32:57     all   35.75    0.00   19.62    0.00    0.00    9.14    0.00    0.00    0.00   35.48
19:32:58     all   31.52    0.00   20.38    0.00    0.00    8.70    0.00    0.00    0.00   39.40
19:32:59     all   44.26    0.00   17.76    0.00    0.00    8.47    0.00    0.00    0.00   29.51
19:33:00     all   41.36    0.00   19.63    0.00    0.00    8.12    0.00    0.00    0.00   30.89
19:33:01     all   40.74    0.00   18.52    0.00    0.00    9.26    0.00    0.00    0.00   31.48
19:33:02     all   42.09    0.00   19.30    0.00    0.00    6.97    0.00    0.00    0.00   31.64
19:33:03     all   41.27    0.00   17.72    0.00    0.00    8.20    0.00    0.00    0.00   32.80
19:33:04     all   35.58    0.00   21.02    0.00    0.00    7.55    0.00    0.00    0.00   35.85
19:33:05     all   32.79    0.00   21.68    0.00    0.00    7.59    0.00    0.00    0.00   37.94
19:33:06     all   40.96    0.00   19.41    0.00    0.00    8.24    0.00    0.00    0.00   31.38
19:33:07     all   41.35    0.00   16.76    0.00    0.00   10.00    0.00    0.00    0.00   31.89
19:33:08     all   41.76    0.00   18.35    0.00    0.00    8.51    0.00    0.00    0.00   31.38
19:33:09     all   42.59    0.00   17.99    0.00    0.00    8.73    0.00    0.00    0.00   30.69
19:33:10     all   44.12    0.00   16.31    0.00    0.00    7.49    0.00    0.00    0.00   32.09
19:33:11     all   38.74    0.00   19.11    0.26    0.00    8.38    0.00    0.00    0.00   33.51
19:33:12     all   30.43    0.00   19.57    0.00    0.00    8.70    0.00    0.00    0.00   41.30
19:33:13     all   42.90    0.00   18.50    0.00    0.00    8.85    0.00    0.00    0.00   29.76
19:33:14     all   41.44    0.00   18.72    0.00    0.00    8.56    0.00    0.00    0.00   31.28
19:33:15     all   41.07    0.00   19.47    0.00    0.00    7.73    0.00    0.00    0.00   31.73
19:33:16     all   40.64    0.00   18.18    0.00    0.00    7.75    0.00    0.00    0.00   33.42
19:33:17     all   40.53    0.00   17.37    0.00    0.00    7.37    0.00    0.00    0.00   34.74
19:33:18     all   36.44    0.00   19.73    0.00    0.00    8.77    0.00    0.00    0.00   35.07
19:33:19     all   31.64    0.00   21.18    0.00    0.00    7.77    0.00    0.00    0.00   39.41
19:33:20     all   43.78    0.00   19.73    0.00    0.00    8.38    0.00    0.00    0.00   28.11
19:33:21     all   39.74    0.00   18.95    0.00    0.00    8.42    0.00    0.00    0.00   32.89
19:33:22     all   40.92    0.00   18.16    0.00    0.00    8.67    0.00    0.00    0.00   32.25
19:33:23     all   42.82    0.00   18.62    0.00    0.00    7.98    0.00    0.00    0.00   30.59
19:33:24     all   41.76    0.00   17.02    0.00    0.00    6.65    0.00    0.00    0.00   34.57
19:33:25     all   28.65    0.00   20.11    0.00    0.00    9.64    0.00    0.00    0.00   41.60
19:33:26     all   39.10    0.00   21.01    0.00    0.00    8.51    0.00    0.00    0.00   31.38
19:33:27     all   39.73    0.00   16.53    0.00    0.00    8.27    0.00    0.00    0.00   35.47
19:33:28     all   41.87    0.00   16.27    0.00    0.00    8.27    0.00    0.00    0.00   33.60
19:33:29     all   41.13    0.00   18.28    0.00    0.00    8.87    0.00    0.00    0.00   31.72
19:33:30     all   42.25    0.00   17.11    0.00    0.00    9.09    0.00    0.00    0.00   31.55
19:33:31     all   41.02    0.00   17.43    0.00    0.00    8.58    0.00    0.00    0.00   32.98
19:33:32     all   34.42    0.00   18.43    0.00    0.00    9.76    0.00    0.00    0.00   37.40
19:33:33     all   32.51    0.00   20.22    0.00    0.00    7.38    0.00    0.00    0.00   39.89
19:33:34     all   43.05    0.00   17.11    0.00    0.00    7.75    0.00    0.00    0.00   32.09
19:33:35     all   40.27    0.00   15.73    0.00    0.00    9.07    0.00    0.00    0.00   34.93
19:33:36     all   42.32    0.00   17.25    0.00    0.00    8.63    0.00    0.00    0.00   31.81
19:33:37     all   40.53    0.00   18.13    0.00    0.00    8.27    0.00    0.00    0.00   33.07
19:33:38     all   41.55    0.00   17.69    0.00    0.00    8.85    0.00    0.00    0.00   31.90
19:33:39     all   39.04    0.00   18.98    0.00    0.00    8.82    0.00    0.00    0.00   33.16
19:33:40     all   31.81    0.00   20.75    0.00    0.00    9.43    0.00    0.00    0.00   38.01
19:33:41     all   40.54    0.00   20.54    0.00    0.00    8.11    0.00    0.00    0.00   30.81
19:33:42     all   42.32    0.00   16.17    0.27    0.00    8.36    0.00    0.00    0.00   32.88
19:33:43     all   41.94    0.00   15.86    0.00    0.00    9.41    0.00    0.00    0.00   32.80
19:33:44     all   41.98    0.00   16.58    0.00    0.00    7.75    0.00    0.00    0.00   33.69
19:33:45     all   42.09    0.00   17.16    0.00    0.00    8.04    0.00    0.00    0.00   32.71
19:33:46     all   41.84    0.00   16.32    0.26    0.00    8.16    0.00    0.00    0.00   33.42
19:33:47     all   35.77    0.00   18.43    0.00    0.00    8.67    0.00    0.00    0.00   37.13
19:33:48     all   32.60    0.00   20.72    0.00    0.00    8.56    0.00    0.00    0.00   38.12
19:33:49     all   41.60    0.00   19.20    0.00    0.00    7.73    0.00    0.00    0.00   31.47
19:33:50     all   42.02    0.00   16.76    0.00    0.00    8.78    0.00    0.00    0.00   32.45
19:33:51     all   40.75    0.00   17.96    0.00    0.00    8.04    0.00    0.00    0.00   33.24
19:33:52     all   42.02    0.00   17.02    0.00    0.00    8.51    0.00    0.00    0.00   32.45
19:33:53     all   42.63    0.00   16.89    0.00    0.00    8.31    0.00    0.00    0.00   32.17
19:33:54     all   41.64    0.00   15.92    0.00    0.00    8.22    0.00    0.00    0.00   34.22
19:33:55     all   37.14    0.00   18.83    0.00    0.00    9.02    0.00    0.00    0.00   35.01
19:33:56     all   33.33    0.00   18.01    0.00    0.00    9.41    0.00    0.00    0.00   39.25
19:33:57     all   37.47    0.00   19.14    0.00    0.00    8.89    0.00    0.00    0.00   34.50
19:33:58     all   40.69    0.00   17.29    0.27    0.00    8.51    0.00    0.00    0.00   33.24
19:33:59     all   42.55    0.00   18.62    0.00    0.00    7.71    0.00    0.00    0.00   31.12
19:34:00     all   41.49    0.00   16.49    0.00    0.00    9.31    0.00    0.00    0.00   32.71
19:34:01     all   41.11    0.00   18.04    0.00    0.00    8.22    0.00    0.00    0.00   32.63
19:34:02     all   41.38    0.00   17.51    0.00    0.00    8.75    0.00    0.00    0.00   32.36
19:34:03     all   33.06    0.00   18.31    0.00    0.00    9.02    0.00    0.00    0.00   39.62
19:34:04     all   37.06    0.00   19.89    0.00    0.00    7.36    0.00    0.00    0.00   35.69
19:34:05     all   40.81    0.00   17.03    0.00    0.00    9.19    0.00    0.00    0.00   32.97
19:34:06     all   41.29    0.00   17.43    0.27    0.00    8.58    0.00    0.00    0.00   32.44
19:34:07     all   42.97    0.00   17.30    0.00    0.00    8.92    0.00    0.00    0.00   30.81
19:34:08     all   42.51    0.00   18.45    0.00    0.00    8.29    0.00    0.00    0.00   30.75
19:34:09     all   42.33    0.00   16.67    0.00    0.00    8.47    0.00    0.00    0.00   32.54
19:34:10     all   38.87    0.00   16.62    0.00    0.00    9.92    0.00    0.00    0.00   34.58
19:34:11     all   25.40    0.00   17.91    0.00    0.00    8.29    0.00    0.00    0.00   48.40
19:34:12     all   41.24    0.00   18.06    0.00    0.00    9.16    0.00    0.00    0.00   31.54
19:34:13     all   42.55    0.00   16.80    0.00    0.00    8.94    0.00    0.00    0.00   31.71
19:34:14     all   41.49    0.00   18.35    0.00    0.00    9.04    0.00    0.00    0.00   31.12
19:34:15     all   41.98    0.00   16.58    0.00    0.00    9.09    0.00    0.00    0.00   32.35
19:34:16     all   42.82    0.00   16.22    0.00    0.00    9.04    0.00    0.00    0.00   31.91
19:34:17     all   43.12    0.00   17.72    0.00    0.00    7.94    0.00    0.00    0.00   31.22
19:34:18     all   39.78    0.00   17.44    0.00    0.00    7.63    0.00    0.00    0.00   35.15
19:34:19     all   29.81    0.00   21.41    0.00    0.00    9.76    0.00    0.00    0.00   39.02
19:34:20     all   40.80    0.00   19.20    0.00    0.00    7.73    0.00    0.00    0.00   32.27
19:34:21     all   43.05    0.00   17.91    0.00    0.00    7.75    0.00    0.00    0.00   31.28
19:34:22     all   40.27    0.00   18.13    0.00    0.00    8.80    0.00    0.00    0.00   32.80
19:34:23     all   42.06    0.00   16.67    0.00    0.00    8.20    0.00    0.00    0.00   33.07
19:34:24     all   42.06    0.00   17.46    0.00    0.00    8.47    0.00    0.00    0.00   32.01
19:34:25     all   41.71    0.00   16.84    0.00    0.00    8.02    0.00    0.00    0.00   33.42
19:34:26     all   31.90    0.00   21.45    0.00    0.00    7.77    0.00    0.00    0.00   38.87
19:34:27     all   12.83    0.00    9.42    0.00    0.00    3.40    0.00    0.00    0.00   74.35
19:34:28     all    0.00    0.00    0.00    0.00    0.00    0.00    0.00    0.00    0.00  100.00
19:34:29     all    0.00    0.00    0.00    0.00    0.00    0.00    0.00    0.00    0.00  100.00
19:34:30     all    0.00    0.00    0.00    0.25    0.00    0.00    0.00    0.00    0.00   99.75
19:34:31     all   15.15    0.00    2.02    0.00    0.00    1.01    0.00    0.00    0.00   81.82
19:34:32     all   42.22    0.00   18.47    0.00    0.00    8.71    0.00    0.00    0.00   30.61
19:34:33     all   41.85    0.00   16.58    0.00    0.00    7.88    0.00    0.00    0.00   33.70
19:34:34     all   42.59    0.00   16.71    0.00    0.00    8.63    0.00    0.00    0.00   32.08
19:34:35     all   42.67    0.00   16.53    0.27    0.00    7.73    0.00    0.00    0.00   32.80
19:34:36     all   33.06    0.00   20.16    0.00    0.00    8.06    0.00    0.00    0.00   38.71
19:34:37     all   33.24    0.00   19.07    0.00    0.00    8.72    0.00    0.00    0.00   38.96
19:34:38     all   39.78    0.00   16.13    0.00    0.00    8.06    0.00    0.00    0.00   36.02
19:34:39     all   42.05    0.00   16.71    0.00    0.00    7.82    0.00    0.00    0.00   33.42
19:34:40     all   41.29    0.00   16.89    0.00    0.00    8.04    0.00    0.00    0.00   33.78
19:34:41     all   41.46    0.00   17.34    0.00    0.00    7.86    0.00    0.00    0.00   33.33
19:34:42     all   33.60    0.00   20.27    0.00    0.00    8.80    0.00    0.00    0.00   37.33
19:34:43     all   16.40    0.00   11.90    0.00    0.00    3.97    0.00    0.00    0.00   67.72
19:34:44     all    0.25    0.00    0.00    0.00    0.00    0.00    0.00    0.00    0.00   99.75
19:34:45     all    0.00    0.00    0.00    0.00    0.00    0.00    0.00    0.00    0.00  100.00
19:34:46     all    0.00    0.00    0.00    0.00    0.00    0.00    0.00    0.00    0.00  100.00
19:34:47     all    8.52    0.00    0.50    0.00    0.00    0.25    0.00    0.00    0.00   90.73
19:34:48     all   41.19    0.00   17.07    0.00    0.00    7.32    0.00    0.00    0.00   34.42
19:34:49     all   44.59    0.00   16.22    0.00    0.00    8.38    0.00    0.00    0.00   30.81
19:34:50     all   42.01    0.00   16.53    0.00    0.00    8.94    0.00    0.00    0.00   32.52
19:34:51     all   43.54    0.00   16.89    0.00    0.00    8.71    0.00    0.00    0.00   30.87
19:34:52     all   43.28    0.00   16.94    0.00    0.00    8.33    0.00    0.00    0.00   31.45
19:34:53     all   32.60    0.00   18.08    0.00    0.00    8.77    0.00    0.00    0.00   40.55
19:34:54     all   37.90    0.00   18.28    0.00    0.00    7.53    0.00    0.00    0.00   36.29
19:34:55     all   41.55    0.00   16.62    0.00    0.00    8.85    0.00    0.00    0.00   32.98
19:34:56     all   43.55    0.00   16.67    0.00    0.00    7.80    0.00    0.00    0.00   31.99
19:34:57     all   42.71    0.00   16.71    0.00    0.00    8.49    0.00    0.00    0.00   32.10
19:34:58     all   42.67    0.00   17.07    0.00    0.00    7.73    0.00    0.00    0.00   32.53
19:34:59     all   42.18    0.00   18.57    0.00    0.00    6.90    0.00    0.00    0.00   32.36
19:35:00     all   42.63    0.00   17.16    0.00    0.00    8.58    0.00    0.00    0.00   31.64
19:35:01     all   29.87    0.00   19.73    0.80    0.00    9.07    0.00    0.00    0.00   40.53
19:35:02     all   39.36    0.00   20.21    0.00    0.00    7.71    0.00    0.00    0.00   32.71
19:35:03     all   42.63    0.00   15.55    0.00    0.00    9.38    0.00    0.00    0.00   32.44
19:35:04     all   41.48    0.00   17.03    0.00    0.00    9.62    0.00    0.00    0.00   31.87
19:35:05     all   42.67    0.00   16.53    0.00    0.00    8.27    0.00    0.00    0.00   32.53
19:35:06     all   42.63    0.00   17.69    0.27    0.00    8.85    0.00    0.00    0.00   30.56
19:35:07     all   41.53    0.00   16.40    0.00    0.00    7.94    0.00    0.00    0.00   34.13
19:35:08     all   42.01    0.00   16.53    0.00    0.00    8.67    0.00    0.00    0.00   32.79
19:35:09     all   41.18    0.00   18.18    0.00    0.00    8.56    0.00    0.00    0.00   32.09
19:35:10     all   29.00    0.00   20.60    0.00    0.00    9.76    0.00    0.00    0.00   40.65
19:35:11     all   39.89    0.00   18.58    0.00    0.00    8.74    0.00    0.00    0.00   32.79
19:35:12     all   40.64    0.00   17.65    0.00    0.00    8.56    0.00    0.00    0.00   33.16
19:35:13     all   41.82    0.00   16.89    0.00    0.00    9.38    0.00    0.00    0.00   31.90
19:35:14     all   41.38    0.00   16.45    0.00    0.00    8.22    0.00    0.00    0.00   33.95
19:35:15     all   42.05    0.00   17.52    0.00    0.00    8.36    0.00    0.00    0.00   32.08
19:35:16     all   39.14    0.00   16.89    0.00    0.00    7.51    0.00    0.00    0.00   36.46
19:35:17     all   29.51    0.00   19.95    0.00    0.00    9.02    0.00    0.00    0.00   41.53
19:35:18     all   41.78    0.00   18.33    0.27    0.00    9.70    0.00    0.00    0.00   29.92
19:35:19     all   42.13    0.00   16.53    0.00    0.00    8.80    0.00    0.00    0.00   32.53
19:35:20     all   40.70    0.00   16.44    0.00    0.00    8.09    0.00    0.00    0.00   34.77
19:35:21     all   33.70    0.00   19.18    0.00    0.00    9.04    0.00    0.00    0.00   38.08
19:35:22     all    7.65    0.00    5.10    0.00    0.00    1.02    0.00    0.00    0.00   86.22
19:35:23     all    0.00    0.00    0.00    0.00    0.00    0.00    0.00    0.00    0.00  100.00
19:35:24     all    0.00    0.00    0.00    0.00    0.00    0.00    0.00    0.00    0.00  100.00
19:35:25     all    0.00    0.00    0.00    0.00    0.00    0.00    0.00    0.00    0.00  100.00
19:35:26     all   30.81    0.00    4.80    0.00    0.00    2.53    0.00    0.00    0.00   61.87
19:35:27     all   32.61    0.00   20.65    0.00    0.00    8.15    0.00    0.00    0.00   38.59
19:35:28     all   39.30    0.00   18.16    0.00    0.00    8.94    0.00    0.00    0.00   33.60
19:35:29     all   42.86    0.00   16.40    0.00    0.00    8.99    0.00    0.00    0.00   31.75
19:35:30     all   41.29    0.00   18.23    0.00    0.00    8.85    0.00    0.00    0.00   31.64
19:35:31     all   42.71    0.00   18.83    0.00    0.00    7.96    0.00    0.00    0.00   30.50
19:35:32     all   40.96    0.00   18.35    0.00    0.00    7.71    0.00    0.00    0.00   32.98
19:35:33     all   41.24    0.00   17.79    0.00    0.00    7.28    0.00    0.00    0.00   33.69
19:35:34     all   36.63    0.00   18.72    0.00    0.00    8.29    0.00    0.00    0.00   36.36
19:35:35     all   32.61    0.00   21.47    0.00    0.00    8.70    0.00    0.00    0.00   37.23
19:35:36     all   38.40    0.00   21.07    0.00    0.00    9.07    0.00    0.00    0.00   31.47
19:35:37     all   40.53    0.00   16.80    0.27    0.00    9.87    0.00    0.00    0.00   32.53
19:35:38     all   41.07    0.00   16.53    0.00    0.00    8.53    0.00    0.00    0.00   33.87
19:35:39     all   39.84    0.00   16.31    0.00    0.00    8.56    0.00    0.00    0.00   35.29
19:35:40     all   41.87    0.00   16.53    0.00    0.00    8.27    0.00    0.00    0.00   33.33
19:35:41     all   40.96    0.00   18.62    0.00    0.00    7.98    0.00    0.00    0.00   32.45
19:35:42     all   18.95    0.00   16.84    0.00    0.00    6.84    0.00    0.00    0.00   57.37
19:35:43     all   33.60    0.00   11.38    0.00    0.00    6.35    0.00    0.00    0.00   48.68
19:35:44     all   42.01    0.00   16.53    0.00    0.00    9.76    0.00    0.00    0.00   31.71
19:35:45     all   41.51    0.00   17.52    0.27    0.00    8.36    0.00    0.00    0.00   32.35
19:35:46     all   43.36    0.00   16.26    0.00    0.00    7.86    0.00    0.00    0.00   32.52
19:35:47     all   41.73    0.00   17.85    0.00    0.00    7.87    0.00    0.00    0.00   32.55
19:35:48     all   41.46    0.00   17.89    0.00    0.00    8.40    0.00    0.00    0.00   32.25
19:35:49     all   35.87    0.00   17.93    0.00    0.00    8.97    0.00    0.00    0.00   37.23
19:35:50     all   34.93    0.00   18.40    0.00    0.00    8.80    0.00    0.00    0.00   37.87
19:35:51     all   42.36    0.00   19.03    0.00    0.00    7.77    0.00    0.00    0.00   30.83
19:35:52     all   41.24    0.00   16.71    0.00    0.00    8.09    0.00    0.00    0.00   33.96
19:35:53     all   41.22    0.00   16.76    0.00    0.00    8.51    0.00    0.00    0.00   33.51
19:35:54     all   42.09    0.00   16.35    0.00    0.00    8.31    0.00    0.00    0.00   33.24
19:35:55     all   43.97    0.00   16.89    0.00    0.00    7.77    0.00    0.00    0.00   31.37
19:35:56     all   42.25    0.00   18.18    0.00    0.00    7.49    0.00    0.00    0.00   32.09
19:35:57     all   41.49    0.00   19.15    0.00    0.00    7.45    0.00    0.00    0.00   31.91
19:35:58     all   34.67    0.00   19.73    0.00    0.00    8.80    0.00    0.00    0.00   36.80
19:35:59     all   38.96    0.00   17.71    0.00    0.00    8.17    0.00    0.00    0.00   35.15
19:36:00     all   38.99    0.00   17.51    0.00    0.00    7.69    0.00    0.00    0.00   35.81
19:36:01     all   42.78    0.00   16.31    0.00    0.00    8.02    0.00    0.00    0.00   32.89
19:36:02     all   42.09    0.00   16.62    0.27    0.00    8.31    0.00    0.00    0.00   32.71
19:36:03     all   43.05    0.00   17.65    0.00    0.00    7.49    0.00    0.00    0.00   31.82
19:36:04     all   42.55    0.00   16.49    0.00    0.00    8.24    0.00    0.00    0.00   32.71
19:36:05     all   42.32    0.00   16.17    0.00    0.00    8.36    0.00    0.00    0.00   33.15
19:36:06     all   34.06    0.00   19.35    0.00    0.00   10.08    0.00    0.00    0.00   36.51
19:36:07     all   38.59    0.00   17.12    0.00    0.00    7.61    0.00    0.00    0.00   36.68
19:36:08     all   38.80    0.00   18.85    0.00    0.00    8.20    0.00    0.00    0.00   34.15
19:36:09     all   40.37    0.00   16.04    0.00    0.00    8.82    0.00    0.00    0.00   34.76
19:36:10     all   41.76    0.00   17.02    0.00    0.00    8.78    0.00    0.00    0.00   32.45
19:36:11     all   42.13    0.00   17.33    0.00    0.00    7.73    0.00    0.00    0.00   32.80
19:36:12     all   41.73    0.00   17.62    0.00    0.00    8.13    0.00    0.00    0.00   32.52
19:36:13     all   38.73    0.00   18.30    0.00    0.00    8.22    0.00    0.00    0.00   34.75
19:36:14     all   39.25    0.00   17.74    0.00    0.00    8.87    0.00    0.00    0.00   34.14
19:36:15     all   36.96    0.00   19.29    0.00    0.00    7.88    0.00    0.00    0.00   35.87
19:36:16     all   40.91    0.00   16.31    0.00    0.00    8.29    0.00    0.00    0.00   34.49
19:36:17     all   40.54    0.00   18.38    0.00    0.00    8.92    0.00    0.00    0.00   32.16
19:36:18     all   41.24    0.00   17.79    0.00    0.00    8.09    0.00    0.00    0.00   32.88
19:36:19     all   40.74    0.00   17.46    0.00    0.00    8.99    0.00    0.00    0.00   32.80
19:36:20     all   41.60    0.00   15.47    0.00    0.00    8.53    0.00    0.00    0.00   34.40
19:36:21     all   40.21    0.00   19.03    0.00    0.00    8.31    0.00    0.00    0.00   32.44
19:36:22     all   37.30    0.00   17.57    0.00    0.00    8.65    0.00    0.00    0.00   36.49
19:36:23     all   33.06    0.00   18.31    0.00    0.00    8.47    0.00    0.00    0.00   40.16
19:36:24     all   42.43    0.00   17.84    0.27    0.00    8.92    0.00    0.00    0.00   30.54
19:36:25     all   42.47    0.00   16.94    0.00    0.00    8.33    0.00    0.00    0.00   32.26
19:36:26     all   40.86    0.00   16.67    0.00    0.00    8.87    0.00    0.00    0.00   33.60
19:36:27     all   43.94    0.00   16.17    0.00    0.00    7.82    0.00    0.00    0.00   32.08
19:36:28     all   40.63    0.00   17.41    0.00    0.00    8.71    0.00    0.00    0.00   33.25
19:36:29     all   42.36    0.00   17.96    0.00    0.00    7.24    0.00    0.00    0.00   32.44
19:36:30     all   35.98    0.00   18.52    0.00    0.00    8.20    0.00    0.00    0.00   37.30
19:36:31     all   30.60    0.00   18.85    0.00    0.00    8.20    0.00    0.00    0.00   42.35
19:36:32     all   40.92    0.00   15.99    0.00    0.00    8.94    0.00    0.00    0.00   34.15
19:36:33     all   40.92    0.00   17.07    0.00    0.00    9.21    0.00    0.00    0.00   32.79
19:36:34     all   43.42    0.00   14.47    0.00    0.00    8.16    0.00    0.00    0.00   33.95
19:36:35     all   42.32    0.00   16.17    0.00    0.00    8.36    0.00    0.00    0.00   33.15
19:36:36     all   41.33    0.00   15.73    0.00    0.00    8.53    0.00    0.00    0.00   34.40
19:36:37     all   37.74    0.00   17.25    0.00    0.00    9.16    0.00    0.00    0.00   35.85
19:36:38     all   36.39    0.00   18.87    0.00    0.00    8.89    0.00    0.00    0.00   35.85
19:36:39     all   36.87    0.00   20.16    0.00    0.00    7.96    0.00    0.00    0.00   35.01
19:36:40     all   41.51    0.00   17.52    0.00    0.00    8.63    0.00    0.00    0.00   32.35
19:36:41     all   40.86    0.00   16.40    0.00    0.00    9.68    0.00    0.00    0.00   33.06
19:36:42     all   40.86    0.00   17.20    0.00    0.00    8.33    0.00    0.00    0.00   33.60
19:36:43     all   40.74    0.00   18.25    0.00    0.00    8.99    0.00    0.00    0.00   32.01
19:36:44     all   42.40    0.00   18.13    0.00    0.00    7.73    0.00    0.00    0.00   31.73
19:36:45     all   42.40    0.00   17.33    0.00    0.00    8.53    0.00    0.00    0.00   31.73
19:36:46     all   38.36    0.00   17.99    0.26    0.00    9.79    0.00    0.00    0.00   33.60
19:36:47     all   29.84    0.00   20.16    0.00    0.00    9.14    0.00    0.00    0.00   40.86
19:36:48     all   41.18    0.00   18.72    0.00    0.00    8.56    0.00    0.00    0.00   31.55
19:36:49     all   42.51    0.00   16.84    0.00    0.00    8.56    0.00    0.00    0.00   32.09
19:36:50     all   41.78    0.00   16.98    0.00    0.00    8.09    0.00    0.00    0.00   33.15
19:36:51     all   42.05    0.00   16.44    0.00    0.00    8.89    0.00    0.00    0.00   32.61
19:36:52     all   42.36    0.00   17.16    0.00    0.00    8.31    0.00    0.00    0.00   32.17
19:36:53     all   42.67    0.00   16.53    0.00    0.00    7.20    0.00    0.00    0.00   33.60
19:36:54     all   42.93    0.00   15.73    0.00    0.00    8.80    0.00    0.00    0.00   32.53
19:36:55     all   42.71    0.00   15.92    0.00    0.00    8.22    0.00    0.00    0.00   33.16
19:36:56     all   38.92    0.00   17.84    0.00    0.00    8.38    0.00    0.00    0.00   34.86
19:36:57     all   33.78    0.00   17.30    0.00    0.00    9.19    0.00    0.00    0.00   39.73
19:36:58     all   41.44    0.00   17.91    0.00    0.00    7.49    0.00    0.00    0.00   33.16
19:36:59     all   43.40    0.00   17.25    0.00    0.00    7.28    0.00    0.00    0.00   32.08
19:37:00     all   41.46    0.00   16.53    0.00    0.00    8.94    0.00    0.00    0.00   33.06
19:37:01     all   41.55    0.00   18.23    0.00    0.00    8.85    0.00    0.00    0.00   31.37
19:37:02     all   41.91    0.00   15.92    0.27    0.00    8.75    0.00    0.00    0.00   33.16
19:37:03     all   43.13    0.00   16.44    0.00    0.00    8.63    0.00    0.00    0.00   31.81
19:37:04     all   40.80    0.00   16.80    0.00    0.00    9.07    0.00    0.00    0.00   33.33
19:37:05     all   43.47    0.00   15.47    0.00    0.00    6.93    0.00    0.00    0.00   34.13
19:37:06     all   37.90    0.00   17.47    0.00    0.00    8.60    0.00    0.00    0.00   36.02
19:37:07     all   33.51    0.00   20.54    0.00    0.00    7.57    0.00    0.00    0.00   38.38
19:37:08     all   40.92    0.00   18.16    0.00    0.00    9.49    0.00    0.00    0.00   31.44
19:37:09     all   41.64    0.00   16.18    0.00    0.00    8.75    0.00    0.00    0.00   33.42
19:37:10     all   41.64    0.00   16.71    0.00    0.00    8.22    0.00    0.00    0.00   33.42
19:37:11     all   44.35    0.00   16.67    0.00    0.00    8.60    0.00    0.00    0.00   30.38
19:37:12     all   41.69    0.00   16.62    0.00    0.00    8.71    0.00    0.00    0.00   32.98
19:37:13     all   38.34    0.00   18.23    0.27    0.00    8.31    0.00    0.00    0.00   34.85
19:37:14     all   32.61    0.00   19.84    0.00    0.00    8.97    0.00    0.00    0.00   38.59
19:37:15     all   35.66    0.00   18.23    0.00    0.00    6.70    0.00    0.00    0.00   39.41
19:37:16     all   36.15    0.00   12.93    0.00    0.00    7.92    0.00    0.00    0.00   43.01
19:37:17     all   41.71    0.00   16.31    0.27    0.00    8.82    0.00    0.00    0.00   32.89
19:37:18     all   41.76    0.00   15.96    0.00    0.00    9.04    0.00    0.00    0.00   33.24
19:37:19     all   40.76    0.00   18.75    0.00    0.00    7.88    0.00    0.00    0.00   32.61
19:37:20     all   30.11    0.00   19.35    0.00    0.00    9.14    0.00    0.00    0.00   41.40
19:37:21     all   40.96    0.00   19.95    0.00    0.00    8.24    0.00    0.00    0.00   30.85
19:37:22     all   22.34    0.00   15.69    0.00    0.00    5.85    0.00    0.00    0.00   56.12
19:37:23     all    0.00    0.00    0.00    0.25    0.00    0.00    0.00    0.00    0.00   99.75
19:37:24     all    0.00    0.00    0.00    0.00    0.00    0.00    0.00    0.00    0.00  100.00
19:37:25     all    0.25    0.00    0.00    0.00    0.00    0.00    0.00    0.00    0.00   99.75
19:37:26     all    0.00    0.00    0.25    0.00    0.00    0.00    0.00    0.00    0.00   99.75
19:37:27     all   48.57    0.00   11.17    0.00    0.00    7.01    0.00    0.00    0.00   33.25
19:37:28     all   36.04    0.00   19.51    0.00    0.00    7.59    0.00    0.00    0.00   36.86
19:37:29     all   32.53    0.00   20.97    0.00    0.00    9.14    0.00    0.00    0.00   37.37
19:37:30     all   41.40    0.00   18.82    0.00    0.00    8.60    0.00    0.00    0.00   31.18
19:37:31     all   41.94    0.00   18.55    0.00    0.00    8.33    0.00    0.00    0.00   31.18
19:37:32     all   41.44    0.00   17.38    0.00    0.00    8.82    0.00    0.00    0.00   32.35
19:37:33     all   41.33    0.00   17.87    0.00    0.00    8.80    0.00    0.00    0.00   32.00
19:37:34     all   41.67    0.00   18.28    0.00    0.00    7.26    0.00    0.00    0.00   32.80
19:37:35     all   40.58    0.00   16.71    0.00    0.00    8.22    0.00    0.00    0.00   34.48
19:37:36     all   33.51    0.00   19.19    0.00    0.00    9.46    0.00    0.00    0.00   37.84
19:37:37     all   37.22    0.00   18.33    0.00    0.00    8.61    0.00    0.00    0.00   35.83
19:37:38     all   41.07    0.00   17.33    0.00    0.00    8.00    0.00    0.00    0.00   33.60
19:37:39     all   42.90    0.00   16.89    0.00    0.00    8.04    0.00    0.00    0.00   32.17
19:37:40     all   42.78    0.00   16.58    0.00    0.00    8.29    0.00    0.00    0.00   32.35
19:37:41     all   42.09    0.00   17.16    0.00    0.00    8.58    0.00    0.00    0.00   32.17
19:37:42     all   41.40    0.00   17.47    0.00    0.00    8.60    0.00    0.00    0.00   32.53
19:37:43     all   38.96    0.00   19.07    0.00    0.00    7.36    0.00    0.00    0.00   34.60
19:37:44     all   32.43    0.00   19.46    0.00    0.00    8.92    0.00    0.00    0.00   39.19
19:37:45     all   39.46    0.00   19.73    0.00    0.00    8.38    0.00    0.00    0.00   32.43
19:37:46     all   41.19    0.00   16.26    0.00    0.00    8.67    0.00    0.00    0.00   33.88
19:37:47     all   40.59    0.00   16.67    0.00    0.00    8.60    0.00    0.00    0.00   34.14
19:37:48     all   41.76    0.00   16.76    0.00    0.00    9.04    0.00    0.00    0.00   32.45
19:37:49     all   42.02    0.00   15.69    0.00    0.00    7.71    0.00    0.00    0.00   34.57
19:37:50     all   41.67    0.00   17.20    0.27    0.00    8.60    0.00    0.00    0.00   32.26
19:37:51     all   41.18    0.00   17.91    0.00    0.00    7.22    0.00    0.00    0.00   33.69
19:37:52     all   35.56    0.00   19.25    0.00    0.00    9.63    0.00    0.00    0.00   35.56
19:37:53     all   33.60    0.00   19.24    0.00    0.00    8.67    0.00    0.00    0.00   38.48
19:37:54     all   41.69    0.00   17.71    0.00    0.00    8.72    0.00    0.00    0.00   31.88
19:37:55     all   42.02    0.00   17.02    0.00    0.00    9.04    0.00    0.00    0.00   31.91
19:37:56     all   42.39    0.00   15.76    0.00    0.00    8.15    0.00    0.00    0.00   33.70
19:37:57     all   42.74    0.00   14.78    0.00    0.00    7.65    0.00    0.00    0.00   34.83
19:37:58     all   43.55    0.00   16.40    0.00    0.00    6.72    0.00    0.00    0.00   33.33
19:37:59     all   43.58    0.00   15.78    0.00    0.00    8.02    0.00    0.00    0.00   32.62
19:38:00     all   38.56    0.00   18.09    0.00    0.00    7.98    0.00    0.00    0.00   35.37
19:38:01     all   36.00    0.00   18.93    0.00    0.00    8.53    0.00    0.00    0.00   36.53
19:38:02     all   36.49    0.00   19.19    0.00    0.00    8.65    0.00    0.00    0.00   35.68
19:38:03     all   42.40    0.00   16.80    0.00    0.00    9.33    0.00    0.00    0.00   31.47
19:38:04     all   41.82    0.00   16.89    0.00    0.00    8.58    0.00    0.00    0.00   32.71
19:38:05     all   41.87    0.00   16.27    0.00    0.00    8.00    0.00    0.00    0.00   33.87
19:38:06     all   41.11    0.00   16.71    0.00    0.00    7.96    0.00    0.00    0.00   34.22
19:38:07     all   41.19    0.00   16.26    0.00    0.00    8.40    0.00    0.00    0.00   34.15
19:38:08     all   38.38    0.00   17.84    0.00    0.00    7.84    0.00    0.00    0.00   35.95
19:38:09     all   35.04    0.00   18.33    0.00    0.00    9.43    0.00    0.00    0.00   37.20
19:38:10     all   39.67    0.00   16.85    0.00    0.00    8.15    0.00    0.00    0.00   35.33
19:38:11     all   43.43    0.00   15.55    0.00    0.00    8.31    0.00    0.00    0.00   32.71
19:38:12     all   42.16    0.00   15.41    0.00    0.00    8.92    0.00    0.00    0.00   33.51
19:38:13     all   41.02    0.00   15.55    0.00    0.00    9.38    0.00    0.00    0.00   34.05
19:38:14     all   42.43    0.00   15.68    0.00    0.00    8.65    0.00    0.00    0.00   33.24
19:38:15     all   43.28    0.00   16.13    0.00    0.00    7.53    0.00    0.00    0.00   33.06
19:38:16     all   42.32    0.00   15.36    0.00    0.00    8.09    0.00    0.00    0.00   34.23
19:38:17     all   44.05    0.00   14.32    0.00    0.00    7.57    0.00    0.00    0.00   34.05
19:38:18     all   42.51    0.00   15.78    0.00    0.00    9.36    0.00    0.00    0.00   32.35
19:38:19     all   34.70    0.00   18.31    0.00    0.00    9.56    0.00    0.00    0.00   37.43
19:38:20     all   21.98    0.00   13.14    0.00    0.00    4.56    0.00    0.00    0.00   60.32
19:38:21     all    0.25    0.00    0.75    0.50    0.00    0.00    0.00    0.00    0.00   98.50
19:38:22     all    0.00    0.00    0.00    0.00    0.00    0.00    0.00    0.00    0.00  100.00
19:38:23     all    0.00    0.00    0.00    0.00    0.00    0.00    0.00    0.00    0.00  100.00
19:38:24     all    4.75    0.00    0.50    0.00    0.00    0.00    0.00    0.00    0.00   94.75
19:38:25     all   42.67    0.00   16.53    0.00    0.00    8.80    0.00    0.00    0.00   32.00
19:38:26     all   41.96    0.00   14.99    0.00    0.00    9.26    0.00    0.00    0.00   33.79
19:38:27     all   41.78    0.00   16.44    0.00    0.00    8.09    0.00    0.00    0.00   33.69
19:38:28     all   43.28    0.00   16.13    0.00    0.00    9.14    0.00    0.00    0.00   31.45
19:38:29     all   42.16    0.00   16.22    0.00    0.00    7.84    0.00    0.00    0.00   33.78
19:38:30     all   42.55    0.00   16.49    0.00    0.00    8.24    0.00    0.00    0.00   32.71
19:38:31     all   40.54    0.00   15.68    0.00    0.00    8.65    0.00    0.00    0.00   35.14
19:38:32     all   36.22    0.00   17.84    0.00    0.00    8.11    0.00    0.00    0.00   37.84
19:38:33     all   35.81    0.00   18.04    0.00    0.00    9.02    0.00    0.00    0.00   37.14
19:38:34     all   43.87    0.00   16.62    0.00    0.00    7.90    0.00    0.00    0.00   31.61
19:38:35     all   42.12    0.00   16.58    0.00    0.00    9.24    0.00    0.00    0.00   32.07
19:38:36     all   41.08    0.00   16.49    0.00    0.00    8.38    0.00    0.00    0.00   34.05
19:38:37     all   41.98    0.00   15.78    0.00    0.00    9.09    0.00    0.00    0.00   33.16
19:38:38     all   41.29    0.00   15.28    0.00    0.00    8.58    0.00    0.00    0.00   34.85
19:38:39     all   41.67    0.00   16.67    0.00    0.00    7.81    0.00    0.00    0.00   33.85
19:38:40     all   41.94    0.00   16.94    0.00    0.00    8.06    0.00    0.00    0.00   33.06
19:38:41     all   39.30    0.00   17.65    0.00    0.00    8.56    0.00    0.00    0.00   34.49
19:38:42     all   28.46    0.00   20.33    0.00    0.00    8.67    0.00    0.00    0.00   42.55
19:38:43     all   41.37    0.00   17.81    0.00    0.00    9.04    0.00    0.00    0.00   31.78
19:38:44     all   41.82    0.00   16.89    0.00    0.00    8.31    0.00    0.00    0.00   32.98
19:38:45     all   41.98    0.00   17.65    0.00    0.00    8.56    0.00    0.00    0.00   31.82
19:38:46     all   42.59    0.00   15.90    0.00    0.00    9.43    0.00    0.00    0.00   32.08
19:38:47     all   41.33    0.00   17.07    0.00    0.00    7.47    0.00    0.00    0.00   34.13
19:38:48     all   42.37    0.00   16.32    0.00    0.00    7.11    0.00    0.00    0.00   34.21
19:38:49     all   39.84    0.00   17.07    0.00    0.00    8.13    0.00    0.00    0.00   34.96
19:38:50     all   31.25    0.00   20.65    0.00    0.00    8.97    0.00    0.00    0.00   39.13
19:38:51     all   39.10    0.00   19.95    0.00    0.00    7.18    0.00    0.00    0.00   33.78
19:38:52     all   43.09    0.00   15.99    0.00    0.00    8.94    0.00    0.00    0.00   31.98
19:38:53     all   41.80    0.00   16.14    0.00    0.00    8.73    0.00    0.00    0.00   33.33
19:38:54     all   41.27    0.00   18.25    0.00    0.00    9.26    0.00    0.00    0.00   31.22
19:38:55     all   43.05    0.00   17.91    0.27    0.00    8.29    0.00    0.00    0.00   30.48
19:38:56     all   42.47    0.00   16.40    0.00    0.00    7.53    0.00    0.00    0.00   33.60
19:38:57     all   43.13    0.00   16.98    0.00    0.00    7.82    0.00    0.00    0.00   32.08
19:38:58     all   43.16    0.00   16.62    0.00    0.00    9.12    0.00    0.00    0.00   31.10
19:38:59     all   41.98    0.00   15.78    0.00    0.00    8.82    0.00    0.00    0.00   33.42
19:39:00     all   38.38    0.00   17.30    0.00    0.00    9.19    0.00    0.00    0.00   35.14
19:39:01     all   37.30    0.00   15.68    0.00    0.00    7.84    0.00    0.00    0.00   39.19
19:39:02     all   39.19    0.00   17.30    0.00    0.00    8.65    0.00    0.00    0.00   34.86
19:39:03     all   43.16    0.00   16.89    0.00    0.00    7.77    0.00    0.00    0.00   32.17
19:39:04     all   43.20    0.00   14.67    0.00    0.00    9.07    0.00    0.00    0.00   33.07
19:39:05     all   42.67    0.00   16.27    0.00    0.00    8.53    0.00    0.00    0.00   32.53
19:39:06     all   41.33    0.00   15.20    0.53    0.00    8.27    0.00    0.00    0.00   34.67
19:39:07     all   42.51    0.00   16.04    0.00    0.00    8.56    0.00    0.00    0.00   32.89
19:39:08     all   42.12    0.00   15.22    0.00    0.00    8.97    0.00    0.00    0.00   33.70
19:39:09     all   41.27    0.00   16.40    0.00    0.00    6.88    0.00    0.00    0.00   35.45
19:39:10     all   32.79    0.00   19.51    0.00    0.00    8.67    0.00    0.00    0.00   39.02
19:39:11     all   37.50    0.00   18.48    0.00    0.00    7.61    0.00    0.00    0.00   36.41
19:39:12     all   42.12    0.00   18.48    0.00    0.00    8.15    0.00    0.00    0.00   31.25
19:39:13     all   42.13    0.00   16.00    0.00    0.00    8.27    0.00    0.00    0.00   33.60
19:39:14     all   40.91    0.00   17.91    0.00    0.00    8.82    0.00    0.00    0.00   32.35
19:39:15     all    5.28    0.00    3.02    0.00    0.00    1.26    0.00    0.00    0.00   90.45
19:39:16     all    0.00    0.00    0.00    0.00    0.00    0.00    0.00    0.00    0.00  100.00
19:39:17     all    0.00    0.00    0.00    0.00    0.00    0.00    0.00    0.00    0.00  100.00
19:39:18     all    0.00    0.00    0.00    0.00    0.00    0.00    0.00    0.00    0.00  100.00
19:39:19     all   32.12    0.00    9.33    0.00    0.00    6.22    0.00    0.00    0.00   52.33
19:39:20     all   44.06    0.00   16.36    0.00    0.00    6.86    0.00    0.00    0.00   32.72
19:39:21     all   42.13    0.00   17.87    0.00    0.00    9.07    0.00    0.00    0.00   30.93
19:39:22     all   43.28    0.00   16.67    0.00    0.00    7.80    0.00    0.00    0.00   32.26
19:39:23     all   36.10    0.00   18.98    0.27    0.00    8.56    0.00    0.00    0.00   36.10
19:39:24     all   35.85    0.00   18.60    0.00    0.00    8.09    0.00    0.00    0.00   37.47
19:39:25     all   40.75    0.00   20.11    0.00    0.00    6.97    0.00    0.00    0.00   32.17
19:39:26     all   42.47    0.00   16.94    0.00    0.00    8.33    0.00    0.00    0.00   32.26
19:39:27     all   39.57    0.00   17.34    0.00    0.00    8.94    0.00    0.00    0.00   34.15
19:39:28     all   41.95    0.00   17.15    0.00    0.00    7.92    0.00    0.00    0.00   32.98
19:39:29     all   43.94    0.00   16.71    0.00    0.00    6.74    0.00    0.00    0.00   32.61
19:39:30     all   41.80    0.00   16.93    0.00    0.00    7.67    0.00    0.00    0.00   33.60
19:39:31     all   42.36    0.00   16.62    0.00    0.00    8.04    0.00    0.00    0.00   32.98
19:39:32     all   41.67    0.00   17.47    0.00    0.00    7.80    0.00    0.00    0.00   33.06
19:39:33     all   39.41    0.00   18.77    0.00    0.00    7.77    0.00    0.00    0.00   34.05
19:39:34     all   33.42    0.00   17.66    0.00    0.00    9.24    0.00    0.00    0.00   39.67
19:39:35     all   40.70    0.00   16.98    0.00    0.00    8.63    0.00    0.00    0.00   33.69
19:39:36     all   43.13    0.00   16.98    0.00    0.00    8.09    0.00    0.00    0.00   31.81
19:39:37     all   41.18    0.00   16.31    0.00    0.00    8.82    0.00    0.00    0.00   33.69
19:39:38     all   43.67    0.00   15.36    0.00    0.00    8.63    0.00    0.00    0.00   32.35
19:39:39     all   40.86    0.00   16.94    0.00    0.00    8.33    0.00    0.00    0.00   33.87
19:39:40     all   42.51    0.00   16.58    0.00    0.00    8.02    0.00    0.00    0.00   32.89
19:39:41     all   41.13    0.00   15.32    0.00    0.00    7.80    0.00    0.00    0.00   35.75
19:39:42     all   39.52    0.00   17.77    0.00    0.00    9.02    0.00    0.00    0.00   33.69
19:39:43     all   17.74    0.00   14.25    0.00    0.00    5.65    0.00    0.00    0.00   62.37
19:39:44     all    0.25    0.00    0.00    0.25    0.00    0.00    0.00    0.00    0.00   99.50
19:39:45     all    0.00    0.00    0.00    0.00    0.00    0.00    0.00    0.00    0.00  100.00
19:39:46     all    0.00    0.00    0.00    0.00    0.00    0.00    0.00    0.00    0.00  100.00
19:39:47     all    4.50    0.00    1.25    0.00    0.00    1.75    0.00    0.00    0.00   92.50
19:39:48     all   42.47    0.00   18.28    0.00    0.00    7.80    0.00    0.00    0.00   31.45
19:39:49     all   42.47    0.00   16.67    0.00    0.00    9.14    0.00    0.00    0.00   31.72
19:39:50     all   41.60    0.00   16.53    0.00    0.00    8.00    0.00    0.00    0.00   33.87
19:39:51     all   40.85    0.00   17.77    0.00    0.00    8.75    0.00    0.00    0.00   32.63
19:39:52     all   42.05    0.00   15.36    0.00    0.00    8.89    0.00    0.00    0.00   33.69
19:39:53     all   42.90    0.00   16.89    0.00    0.00    8.31    0.00    0.00    0.00   31.90
19:39:54     all   36.29    0.00   17.20    0.00    0.00    9.14    0.00    0.00    0.00   37.37
19:39:55     all   34.95    0.00   17.47    0.00    0.00    8.06    0.00    0.00    0.00   39.52
19:39:56     all   42.97    0.00   16.49    0.00    0.00    7.84    0.00    0.00    0.00   32.70
19:39:57     all   43.09    0.00   16.76    0.00    0.00    8.51    0.00    0.00    0.00   31.65
19:39:58     all   41.98    0.00   16.04    0.00    0.00    9.36    0.00    0.00    0.00   32.62
19:39:59     all   40.80    0.00   17.87    0.00    0.00    8.27    0.00    0.00    0.00   33.07
19:40:00     all   42.36    0.00   17.69    0.00    0.00    8.04    0.00    0.00    0.00   31.90
19:40:01     all   41.78    0.00   16.98    0.00    0.00    8.09    0.00    0.00    0.00   33.15
19:40:02     all   32.70    0.00   19.19    0.00    0.00    9.46    0.00    0.00    0.00   38.65
19:40:03     all   33.60    0.00   18.55    0.00    0.00    9.68    0.00    0.00    0.00   38.17
19:40:04     all   36.70    0.00   16.22    0.00    0.00    6.91    0.00    0.00    0.00   40.16
19:40:05     all   34.83    0.00   10.29    0.00    0.00    5.80    0.00    0.00    0.00   49.08
19:40:06     all   41.60    0.00   17.33    0.53    0.00    8.27    0.00    0.00    0.00   32.27
19:40:07     all   42.13    0.00   17.33    0.00    0.00    8.27    0.00    0.00    0.00   32.27
19:40:08     all   35.31    0.00   18.06    0.00    0.00    8.63    0.00    0.00    0.00   38.01
19:40:09     all   35.29    0.00   19.52    0.00    0.00    8.02    0.00    0.00    0.00   37.17
19:40:10     all   39.78    0.00   17.17    0.00    0.00    8.72    0.00    0.00    0.00   34.33
19:40:11     all   40.91    0.00   17.38    0.00    0.00    8.56    0.00    0.00    0.00   33.16
19:40:12     all   40.79    0.00   18.42    0.00    0.00    8.68    0.00    0.00    0.00   32.11
19:40:13     all   41.67    0.00   16.67    0.00    0.00    7.26    0.00    0.00    0.00   34.41
19:40:14     all   42.02    0.00   16.76    0.00    0.00    9.57    0.00    0.00    0.00   31.65
19:40:15     all   41.87    0.00   17.33    0.00    0.00    8.27    0.00    0.00    0.00   32.53
19:40:16     all   41.44    0.00   17.65    0.00    0.00    8.29    0.00    0.00    0.00   32.62
19:40:17     all   37.94    0.00   16.26    0.00    0.00    8.40    0.00    0.00    0.00   37.40
19:40:18     all   34.34    0.00   16.48    0.00    0.00    7.97    0.00    0.00    0.00   41.21
19:40:19     all   42.63    0.00   16.62    0.00    0.00    9.12    0.00    0.00    0.00   31.64
19:40:20     all   42.20    0.00   16.13    0.00    0.00    9.68    0.00    0.00    0.00   31.99
19:40:21     all   41.51    0.00   17.52    0.00    0.00    8.63    0.00    0.00    0.00   32.35
19:40:22     all   43.09    0.00   14.63    0.00    0.00    8.24    0.00    0.00    0.00   34.04
19:40:23     all   42.19    0.00   15.62    0.00    0.00    7.40    0.00    0.00    0.00   34.79
19:40:24     all   42.90    0.00   15.82    0.27    0.00    7.77    0.00    0.00    0.00   33.24
19:40:25     all   35.01    0.00   18.57    0.00    0.00    9.28    0.00    0.00    0.00   37.14
19:40:26     all   33.24    0.00   19.07    0.00    0.00    8.17    0.00    0.00    0.00   39.51
19:40:27     all   42.51    0.00   15.78    0.00    0.00    9.63    0.00    0.00    0.00   32.09
19:40:28     all   41.27    0.00   16.40    0.00    0.00    8.20    0.00    0.00    0.00   34.13
19:40:29     all   41.49    0.00   16.22    0.00    0.00    8.24    0.00    0.00    0.00   34.04
19:40:30     all   41.98    0.00   15.24    0.00    0.00    9.09    0.00    0.00    0.00   33.69
19:40:31     all   43.39    0.00   16.67    0.00    0.00    7.67    0.00    0.00    0.00   32.28
19:40:32     all   41.02    0.00   16.09    0.00    0.00    8.31    0.00    0.00    0.00   34.58
19:40:33     all   32.61    0.00   18.48    0.00    0.00    7.34    0.00    0.00    0.00   41.58
19:40:34     all   37.37    0.00   19.09    0.00    0.00    9.14    0.00    0.00    0.00   34.41
19:40:35     all   40.74    0.00   15.87    0.00    0.00    8.73    0.00    0.00    0.00   34.66
19:40:36     all   41.24    0.00   16.98    0.00    0.00    8.09    0.00    0.00    0.00   33.69
19:40:37     all   43.05    0.00   15.51    0.00    0.00    8.82    0.00    0.00    0.00   32.62
19:40:38     all   42.89    0.00   18.42    0.00    0.00    7.89    0.00    0.00    0.00   30.79
19:40:39     all   43.70    0.00   16.62    0.00    0.00    8.04    0.00    0.00    0.00   31.64
19:40:40     all   41.42    0.00   18.21    0.26    0.00    8.18    0.00    0.00    0.00   31.93
19:40:41     all   44.05    0.00   17.30    0.00    0.00    7.30    0.00    0.00    0.00   31.35
19:40:42     all   37.43    0.00   19.25    0.00    0.00    8.82    0.00    0.00    0.00   34.49
19:40:43     all   34.89    0.00   18.68    0.00    0.00    7.69    0.00    0.00    0.00   38.74
19:40:44     all   38.27    0.00   19.68    0.00    0.00    8.09    0.00    0.00    0.00   33.96
19:40:45     all   41.71    0.00   16.84    0.00    0.00    9.09    0.00    0.00    0.00   32.35
19:40:46     all   41.60    0.00   16.27    0.00    0.00    8.80    0.00    0.00    0.00   33.33
19:40:47     all   41.13    0.00   16.13    0.00    0.00    7.53    0.00    0.00    0.00   35.22
19:40:48     all   40.75    0.00   17.16    0.00    0.00    6.97    0.00    0.00    0.00   35.12
19:40:49     all   41.07    0.00   17.60    0.00    0.00    8.53    0.00    0.00    0.00   32.80
19:40:50     all   42.29    0.00   17.55    0.00    0.00    8.78    0.00    0.00    0.00   31.38
19:40:51     all   40.58    0.00   16.98    0.00    0.00    7.69    0.00    0.00    0.00   34.75
19:40:52     all   30.62    0.00   19.51    0.00    0.00    9.49    0.00    0.00    0.00   40.38
19:40:53     all   42.43    0.00   18.11    0.00    0.00    7.84    0.00    0.00    0.00   31.62
19:40:54     all   42.82    0.00   15.99    0.00    0.00    8.40    0.00    0.00    0.00   32.79
19:40:55     all   41.98    0.00   16.84    0.00    0.00    8.02    0.00    0.00    0.00   33.16
19:40:56     all   42.43    0.00   16.76    0.00    0.00    7.84    0.00    0.00    0.00   32.97
19:40:57     all   43.05    0.00   16.84    0.00    0.00    7.75    0.00    0.00    0.00   32.35
19:40:58     all   42.78    0.00   16.84    0.00    0.00    8.29    0.00    0.00    0.00   32.09
19:40:59     all   42.71    0.00   17.77    0.00    0.00    7.96    0.00    0.00    0.00   31.56
19:41:00     all   39.62    0.00   18.33    0.00    0.00    7.55    0.00    0.00    0.00   34.50
19:41:01     all   27.17    0.00   20.38    0.00    0.00    8.70    0.00    0.00    0.00   43.75
19:41:02     all   41.58    0.00   16.58    0.00    0.00    8.42    0.00    0.00    0.00   33.42
19:41:03     all   40.59    0.00   15.05    0.00    0.00    8.33    0.00    0.00    0.00   36.02
19:41:04     all   42.52    0.00   15.49    0.00    0.00    7.61    0.00    0.00    0.00   34.38
19:41:05     all   42.36    0.00   17.16    0.00    0.00    6.97    0.00    0.00    0.00   33.51
19:41:06     all   38.20    0.00   19.89    0.00    0.00    7.69    0.00    0.00    0.00   34.22
19:41:07     all   34.95    0.00   18.82    0.00    0.00    9.14    0.00    0.00    0.00   37.10
19:41:08     all   39.57    0.00   18.45    0.00    0.00    7.75    0.00    0.00    0.00   34.22
19:41:09     all   43.43    0.00   16.89    0.00    0.00    8.04    0.00    0.00    0.00   31.64
19:41:10     all   40.11    0.00   14.97    0.00    0.00   10.16    0.00    0.00    0.00   34.76
19:41:11     all   41.60    0.00   15.47    0.00    0.00    9.07    0.00    0.00    0.00   33.87
19:41:12     all   43.43    0.00   16.62    0.00    0.00    8.04    0.00    0.00    0.00   31.90
19:41:13     all   42.13    0.00   17.60    0.00    0.00    8.80    0.00    0.00    0.00   31.47
19:41:14     all   41.87    0.00   17.60    0.00    0.00    8.00    0.00    0.00    0.00   32.53
19:41:15     all   35.22    0.00   18.55    0.00    0.00    7.80    0.00    0.00    0.00   38.44
19:41:16     all   35.83    0.00   19.25    0.00    0.00    7.75    0.00    0.00    0.00   37.17
19:41:17     all   41.80    0.00   17.99    0.00    0.00    8.99    0.00    0.00    0.00   31.22
19:41:18     all   43.09    0.00   17.34    0.00    0.00    7.05    0.00    0.00    0.00   32.52
19:41:19     all   41.76    0.00   17.55    0.00    0.00    8.24    0.00    0.00    0.00   32.45
19:41:20     all   42.05    0.00   15.63    0.27    0.00    8.63    0.00    0.00    0.00   33.42
19:41:21     all   40.79    0.00   19.47    0.00    0.00    7.37    0.00    0.00    0.00   32.37
19:41:22     all   41.69    0.00   17.94    0.00    0.00    8.97    0.00    0.00    0.00   31.40
19:41:23     all   34.32    0.00   17.69    0.00    0.00    8.04    0.00    0.00    0.00   39.95
19:41:24     all   31.54    0.00   20.22    0.00    0.00    8.36    0.00    0.00    0.00   39.89
19:41:25     all   42.93    0.00   17.87    0.00    0.00    8.80    0.00    0.00    0.00   30.40
19:41:26     all   41.94    0.00   16.94    0.00    0.00    8.06    0.00    0.00    0.00   33.06
19:41:27     all   40.58    0.00   15.92    0.00    0.00    7.96    0.00    0.00    0.00   35.54
19:41:28     all   41.44    0.00   16.04    0.00    0.00    7.22    0.00    0.00    0.00   35.29
19:41:29     all   41.71    0.00   16.31    0.00    0.00    8.56    0.00    0.00    0.00   33.42
19:41:30     all   36.27    0.00   19.20    0.00    0.00    7.73    0.00    0.00    0.00   36.80
19:41:31     all   34.13    0.00   18.93    0.00    0.00    8.53    0.00    0.00    0.00   38.40
19:41:32     all   39.30    0.00   18.43    0.00    0.00    8.94    0.00    0.00    0.00   33.33
19:41:33     all   43.01    0.00   16.40    0.00    0.00    8.87    0.00    0.00    0.00   31.72
19:41:34     all   42.18    0.00   16.71    0.00    0.00    9.55    0.00    0.00    0.00   31.56
19:41:35     all   43.01    0.00   14.78    0.00    0.00    7.26    0.00    0.00    0.00   34.95
19:41:36     all   42.71    0.00   16.45    0.00    0.00    9.02    0.00    0.00    0.00   31.83
19:41:37     all   39.30    0.00   14.17    0.00    0.00    7.22    0.00    0.00    0.00   39.30
19:41:38     all   34.69    0.00   17.62    0.00    0.00    8.94    0.00    0.00    0.00   38.75
19:41:39     all   34.34    0.00   19.78    0.00    0.00    7.42    0.00    0.00    0.00   38.46
19:41:40     all   42.16    0.00   16.76    0.00    0.00    8.11    0.00    0.00    0.00   32.97
19:41:41     all   40.69    0.00   17.82    0.00    0.00    9.31    0.00    0.00    0.00   32.18
19:41:42     all   42.63    0.00   15.01    0.00    0.00    8.85    0.00    0.00    0.00   33.51
19:41:43     all   42.55    0.00   16.76    0.00    0.00    7.45    0.00    0.00    0.00   33.24
19:41:44     all   44.89    0.00   15.86    0.00    0.00    7.80    0.00    0.00    0.00   31.45
19:41:45     all   42.20    0.00   16.94    0.00    0.00    8.87    0.00    0.00    0.00   31.99
19:41:46     all   37.27    0.00   18.23    0.00    0.00    8.85    0.00    0.00    0.00   35.66
19:41:47     all   34.42    0.00   18.97    0.00    0.00    8.94    0.00    0.00    0.00   37.67
19:41:48     all   40.69    0.00   18.88    0.00    0.00    7.98    0.00    0.00    0.00   32.45
19:41:49     all   42.32    0.00   16.98    0.00    0.00    8.63    0.00    0.00    0.00   32.08
19:41:50     all   40.96    0.00   17.82    0.00    0.00    9.31    0.00    0.00    0.00   31.91
19:41:51     all   41.38    0.00   18.83    0.00    0.00    8.75    0.00    0.00    0.00   31.03
19:41:52     all   40.86    0.00   15.86    0.00    0.00    9.41    0.00    0.00    0.00   33.87
19:41:53     all   43.05    0.00   16.04    0.00    0.00    8.82    0.00    0.00    0.00   32.09
19:41:54     all   43.85    0.00   17.11    0.00    0.00    8.29    0.00    0.00    0.00   30.75
19:41:55     all   38.36    0.00   17.72    0.00    0.00    8.47    0.00    0.00    0.00   35.45
19:41:56     all   32.17    0.00   19.84    0.00    0.00    8.31    0.00    0.00    0.00   39.68
19:41:57     all   39.67    0.00   17.39    0.00    0.00    9.78    0.00    0.00    0.00   33.15
19:41:58     all   40.75    0.00   17.69    0.00    0.00    9.12    0.00    0.00    0.00   32.44
19:41:59     all   42.44    0.00   16.71    0.00    0.00    9.02    0.00    0.00    0.00   31.83
19:42:00     all   42.48    0.00   15.83    0.00    0.00    8.71    0.00    0.00    0.00   32.98
19:42:01     all   43.73    0.00   15.73    0.00    0.00    7.47    0.00    0.00    0.00   33.07
19:42:02     all   42.25    0.00   16.84    0.00    0.00    8.29    0.00    0.00    0.00   32.62
19:42:03     all   38.92    0.00   17.84    0.27    0.00    8.65    0.00    0.00    0.00   34.32
19:42:04     all   34.50    0.00   18.87    0.00    0.00    8.09    0.00    0.00    0.00   38.54
19:42:05     all   39.25    0.00   19.62    0.00    0.00    8.06    0.00    0.00    0.00   33.06
19:42:06     all   42.09    0.00   16.35    0.00    0.00    7.77    0.00    0.00    0.00   33.78
19:42:07     all   40.80    0.00   16.80    0.00    0.00    8.53    0.00    0.00    0.00   33.87
19:42:08     all   42.51    0.00   14.99    0.00    0.00    8.17    0.00    0.00    0.00   34.33
19:42:09     all   43.58    0.00   15.51    0.00    0.00    8.02    0.00    0.00    0.00   32.89
19:42:10     all   43.77    0.00   13.26    0.00    0.00    9.81    0.00    0.00    0.00   33.16
19:42:11     all   41.82    0.00   15.01    0.00    0.00    9.65    0.00    0.00    0.00   33.51
19:42:12     all   36.46    0.00   17.69    0.00    0.00    8.04    0.00    0.00    0.00   37.80
19:42:13     all   35.50    0.00   17.07    0.27    0.00    8.13    0.00    0.00    0.00   39.02
19:42:14     all   42.28    0.00   15.99    0.00    0.00    8.40    0.00    0.00    0.00   33.33
19:42:15     all   42.43    0.00   13.78    0.00    0.00    8.65    0.00    0.00    0.00   35.14
19:42:16     all   43.50    0.00   14.32    0.00    0.00    9.55    0.00    0.00    0.00   32.63
19:42:17     all   41.42    0.00   13.98    0.00    0.00    8.71    0.00    0.00    0.00   35.88
19:42:18     all   42.29    0.00   14.89    0.00    0.00    7.45    0.00    0.00    0.00   35.37
19:42:19     all   43.48    0.00   13.59    0.00    0.00    8.15    0.00    0.00    0.00   34.78
19:42:20     all   41.08    0.00   15.14    0.00    0.00    7.84    0.00    0.00    0.00   35.95
19:42:21     all   32.79    0.00   18.70    0.00    0.00    9.49    0.00    0.00    0.00   39.02
19:42:22     all   36.60    0.00   15.92    0.00    0.00    7.16    0.00    0.00    0.00   40.32
19:42:23     all   39.89    0.00   13.56    0.00    0.00    7.98    0.00    0.00    0.00   38.56
19:42:24     all   43.21    0.00   15.49    0.00    0.00    8.42    0.00    0.00    0.00   32.88
19:42:25     all   41.44    0.00   17.38    0.00    0.00    8.29    0.00    0.00    0.00   32.89
19:42:26     all   42.71    0.00   17.51    0.27    0.00    7.43    0.00    0.00    0.00   32.10
19:42:27     all   41.76    0.00   15.96    0.00    0.00    7.45    0.00    0.00    0.00   34.84
19:42:28     all   39.08    0.00   17.52    0.00    0.00    8.63    0.00    0.00    0.00   34.77
19:42:29     all   33.97    0.00   18.75    0.00    0.00    8.70    0.00    0.00    0.00   38.59
19:42:30     all   39.02    0.00   18.70    0.00    0.00    7.32    0.00    0.00    0.00   34.96
19:42:31     all   41.94    0.00   16.40    0.00    0.00    8.87    0.00    0.00    0.00   32.80
19:42:32     all   41.64    0.00   16.45    0.00    0.00    9.28    0.00    0.00    0.00   32.63
19:42:33     all   40.75    0.00   16.35    0.00    0.00    9.92    0.00    0.00    0.00   32.98
19:42:34     all   42.25    0.00   15.51    0.00    0.00    9.09    0.00    0.00    0.00   33.16
19:42:35     all   42.33    0.00   16.67    0.26    0.00    8.73    0.00    0.00    0.00   32.01
19:42:36     all   43.24    0.00   15.65    0.00    0.00    7.96    0.00    0.00    0.00   33.16
19:42:37     all   41.89    0.00   15.68    0.00    0.00    8.92    0.00    0.00    0.00   33.51
19:42:38     all   39.78    0.00   16.89    0.00    0.00    8.45    0.00    0.00    0.00   34.88
19:42:39     all   33.87    0.00   18.82    0.00    0.00    8.33    0.00    0.00    0.00   38.98
19:42:40     all   36.78    0.00   19.35    0.00    0.00    7.90    0.00    0.00    0.00   35.97
19:42:41     all   42.39    0.00   16.85    0.00    0.00    9.24    0.00    0.00    0.00   31.52
19:42:42     all   40.48    0.00   16.62    0.00    0.00    8.85    0.00    0.00    0.00   34.05
19:42:43     all   41.44    0.00   16.84    0.00    0.00    8.02    0.00    0.00    0.00   33.69
19:42:44     all   42.43    0.00   15.68    0.00    0.00    8.65    0.00    0.00    0.00   33.24
19:42:45     all   43.05    0.00   14.44    0.27    0.00    8.72    0.00    0.00    0.00   33.51
19:42:46     all   41.67    0.00   14.52    0.00    0.00    7.80    0.00    0.00    0.00   36.02
19:42:47     all   41.35    0.00   16.22    0.00    0.00    9.46    0.00    0.00    0.00   32.97
19:42:48     all   35.16    0.00   16.48    0.00    0.00    9.62    0.00    0.00    0.00   38.74
19:42:49     all   36.76    0.00   17.84    0.00    0.00    8.65    0.00    0.00    0.00   36.76
19:42:50     all   41.08    0.00   17.84    0.00    0.00    8.92    0.00    0.00    0.00   32.16
19:42:51     all   22.34    0.00   12.23    0.00    0.00    6.38    0.00    0.00    0.00   59.04
19:42:52     all    0.00    0.00    0.00    0.00    0.00    0.00    0.00    0.00    0.00  100.00
19:42:53     all    0.00    0.00    0.00    0.25    0.00    0.00    0.00    0.00    0.00   99.75
19:42:54     all    0.00    0.00    0.00    0.00    0.00    0.00    0.00    0.00    0.00  100.00
19:42:55     all    0.25    0.00    0.00    0.00    0.00    0.00    0.00    0.00    0.00   99.75
19:42:56     all   48.83    0.00   10.13    0.00    0.00    5.97    0.00    0.00    0.00   35.06
19:42:57     all   42.36    0.00   16.09    0.00    0.00    8.04    0.00    0.00    0.00   33.51
19:42:58     all   33.60    0.00   17.89    0.00    0.00    8.13    0.00    0.00    0.00   40.38
19:42:59     all   36.44    0.00   18.36    0.00    0.00    8.49    0.00    0.00    0.00   36.71
19:43:00     all   42.67    0.00   17.07    0.00    0.00    8.00    0.00    0.00    0.00   32.27
19:43:01     all   42.08    0.00   16.12    0.00    0.00    8.47    0.00    0.00    0.00   33.33
19:43:02     all   41.21    0.00   16.01    0.00    0.00    9.19    0.00    0.00    0.00   33.60
19:43:03     all   43.16    0.00   15.55    0.27    0.00    8.04    0.00    0.00    0.00   32.98
19:43:04     all   42.51    0.00   15.78    0.00    0.00    7.22    0.00    0.00    0.00   34.49
19:43:05     all   43.24    0.00   15.95    0.00    0.00    8.11    0.00    0.00    0.00   32.70
19:43:06     all   35.47    0.00   17.33    0.53    0.00    8.27    0.00    0.00    0.00   38.40
19:43:07     all   33.79    0.00   17.98    0.00    0.00    7.63    0.00    0.00    0.00   40.60
19:43:08     all   42.28    0.00   16.26    0.00    0.00    8.40    0.00    0.00    0.00   33.06
19:43:09     all   43.01    0.00   16.13    0.00    0.00    7.53    0.00    0.00    0.00   33.33
19:43:10     all   41.33    0.00   15.20    0.00    0.00    8.80    0.00    0.00    0.00   34.67
19:43:11     all   42.74    0.00   15.83    0.00    0.00    8.18    0.00    0.00    0.00   33.25
19:43:12     all   42.59    0.00   14.29    0.00    0.00    7.94    0.00    0.00    0.00   35.19
19:43:13     all   37.97    0.00   17.11    0.00    0.00    8.82    0.00    0.00    0.00   36.10
19:43:14     all   29.46    0.00   20.00    0.00    0.00    8.11    0.00    0.00    0.00   42.43
19:43:15     all   42.16    0.00   16.22    0.00    0.00    8.11    0.00    0.00    0.00   33.51
19:43:16     all   32.18    0.00   14.89    0.00    0.00    6.65    0.00    0.00    0.00   46.28
19:43:17     all    1.00    0.00    0.25    0.25    0.00    0.00    0.00    0.00    0.00   98.50
19:43:18     all    1.01    0.00    0.25    0.00    0.00    0.00    0.00    0.00    0.00   98.74
19:43:19     all    0.75    0.00    0.25    0.25    0.00    0.00    0.00    0.00    0.00   98.76
19:43:20     all    0.75    0.00    0.25    0.50    0.00    0.00    0.00    0.00    0.00   98.51
19:43:21     all   42.30    0.00   10.97    0.00    0.00    8.09    0.00    0.00    0.00   38.64
19:43:22     all   42.59    0.00   16.71    0.00    0.00    7.82    0.00    0.00    0.00   32.88
19:43:23     all   42.74    0.00   15.30    0.00    0.00    8.18    0.00    0.00    0.00   33.77
19:43:24     all   39.94    0.00   16.25    0.00    0.00    9.37    0.00    0.00    0.00   34.44
19:43:25     all   32.35    0.00   18.06    0.00    0.00    8.63    0.00    0.00    0.00   40.97
19:43:26     all   40.55    0.00   18.36    0.00    0.00    8.22    0.00    0.00    0.00   32.88
19:43:27     all   43.82    0.00   16.94    0.00    0.00    8.60    0.00    0.00    0.00   30.65
19:43:28     all   40.70    0.00   14.82    0.00    0.00    8.36    0.00    0.00    0.00   36.12
19:43:29     all   41.69    0.00   17.15    0.00    0.00    8.71    0.00    0.00    0.00   32.45
19:43:30     all   43.58    0.00   14.97    0.00    0.00    8.29    0.00    0.00    0.00   33.16
19:43:31     all   43.55    0.00   14.78    0.00    0.00    8.06    0.00    0.00    0.00   33.60
19:43:32     all   43.94    0.00   14.29    0.27    0.00    8.89    0.00    0.00    0.00   32.61
19:43:33     all   43.16    0.00   15.53    0.00    0.00    8.16    0.00    0.00    0.00   33.16
19:43:34     all   42.97    0.00   15.95    0.00    0.00    8.38    0.00    0.00    0.00   32.70
19:43:35     all   35.85    0.00   18.06    0.00    0.00    9.16    0.00    0.00    0.00   36.93
19:43:36     all   37.84    0.00   15.95    0.00    0.00    7.84    0.00    0.00    0.00   38.38
19:43:37     all   41.08    0.00   16.49    0.00    0.00    7.84    0.00    0.00    0.00   34.59
19:43:38     all   43.17    0.00   14.48    0.00    0.00    8.74    0.00    0.00    0.00   33.61
19:43:39     all   42.74    0.00   16.40    0.00    0.00    8.60    0.00    0.00    0.00   32.26
19:43:40     all   43.20    0.00   14.93    0.00    0.00    8.53    0.00    0.00    0.00   33.33
19:43:41     all   42.70    0.00   16.22    0.00    0.00    8.38    0.00    0.00    0.00   32.70
19:43:42     all   42.47    0.00   15.59    0.00    0.00    9.41    0.00    0.00    0.00   32.53
19:43:43     all   40.11    0.00   16.09    0.00    0.00    7.65    0.00    0.00    0.00   36.15
19:43:44     all   43.24    0.00   16.22    0.00    0.00    7.84    0.00    0.00    0.00   32.70
19:43:45     all   39.47    0.00   16.84    0.00    0.00    8.68    0.00    0.00    0.00   35.00
19:43:46     all   37.74    0.00   16.17    0.00    0.00    9.16    0.00    0.00    0.00   36.93
19:43:47     all   38.21    0.00   16.53    0.00    0.00    8.67    0.00    0.00    0.00   36.59
19:43:48     all   38.98    0.00   17.20    0.00    0.00    8.87    0.00    0.00    0.00   34.95
19:43:49     all   42.16    0.00   15.68    0.00    0.00    8.65    0.00    0.00    0.00   33.51
19:43:50     all   42.32    0.00   14.82    0.00    0.00    9.43    0.00    0.00    0.00   33.42
19:43:51     all   42.36    0.00   14.75    0.00    0.00    9.12    0.00    0.00    0.00   33.78
19:43:52     all   42.74    0.00   14.52    0.00    0.00    8.33    0.00    0.00    0.00   34.41
19:43:53     all   42.43    0.00   14.32    0.00    0.00    8.65    0.00    0.00    0.00   34.59
19:43:54     all   43.85    0.00   15.51    0.00    0.00    8.56    0.00    0.00    0.00   32.09
19:43:55     all   41.82    0.00   16.09    0.00    0.00    8.04    0.00    0.00    0.00   34.05
19:43:56     all   39.57    0.00   17.11    0.00    0.00    9.63    0.00    0.00    0.00   33.69
19:43:57     all   36.14    0.00   17.39    0.00    0.00    7.88    0.00    0.00    0.00   38.59
19:43:58     all   36.39    0.00   18.33    0.00    0.00    9.16    0.00    0.00    0.00   36.12
19:43:59     all   42.86    0.00   16.17    0.27    0.00    9.70    0.00    0.00    0.00   31.00
19:44:00     all   41.67    0.00   17.20    0.00    0.00    7.80    0.00    0.00    0.00   33.33
19:44:01     all   42.16    0.00   15.68    0.00    0.00    8.38    0.00    0.00    0.00   33.78
19:44:02     all   42.05    0.00   15.36    0.00    0.00    9.16    0.00    0.00    0.00   33.42
19:44:03     all   44.74    0.00   14.82    0.00    0.00    8.63    0.00    0.00    0.00   31.81
19:44:04     all   42.05    0.00   15.09    0.00    0.00    8.09    0.00    0.00    0.00   34.77
19:44:05     all   43.85    0.00   14.97    0.00    0.00    8.02    0.00    0.00    0.00   33.16
19:44:06     all   42.93    0.00   14.13    0.00    0.00    8.97    0.00    0.00    0.00   33.97
19:44:07     all   42.25    0.00   15.24    0.00    0.00    9.63    0.00    0.00    0.00   32.89
19:44:08     all   37.04    0.00   17.20    0.00    0.00    8.47    0.00    0.00    0.00   37.30
19:44:09     all   33.88    0.00   15.72    0.00    0.00    9.49    0.00    0.00    0.00   40.92
19:44:10     all   41.48    0.00   16.21    0.00    0.00    8.24    0.00    0.00    0.00   34.07
19:44:11     all   43.47    0.00   16.00    0.00    0.00    8.53    0.00    0.00    0.00   32.00
19:44:12     all   41.69    0.00   14.71    0.00    0.00    9.26    0.00    0.00    0.00   34.33
19:44:13     all   42.47    0.00   15.32    0.00    0.00    8.87    0.00    0.00    0.00   33.33
19:44:14     all   43.65    0.00   16.67    0.00    0.00    8.20    0.00    0.00    0.00   31.48
19:44:15     all   42.05    0.00   14.82    0.00    0.00    8.36    0.00    0.00    0.00   34.77
19:44:16     all   43.13    0.00   15.63    0.00    0.00    7.82    0.00    0.00    0.00   33.42
19:44:17     all   41.55    0.00   15.01    0.00    0.00    8.58    0.00    0.00    0.00   34.85
19:44:18     all   41.22    0.00   17.29    0.00    0.00    7.98    0.00    0.00    0.00   33.51
19:44:19     all   36.41    0.00   17.93    0.00    0.00   10.05    0.00    0.00    0.00   35.60
19:44:20     all   34.32    0.00   19.57    0.00    0.00    8.31    0.00    0.00    0.00   37.80
19:44:21     all   39.14    0.00   18.50    0.00    0.00    8.31    0.00    0.00    0.00   34.05
19:44:22     all   43.16    0.00   18.50    0.00    0.00    8.04    0.00    0.00    0.00   30.29
19:44:23     all   41.08    0.00   17.03    0.00    0.00    8.38    0.00    0.00    0.00   33.51
19:44:24     all   41.24    0.00   15.90    0.00    0.00    8.63    0.00    0.00    0.00   34.23
19:44:25     all   42.18    0.00   16.71    0.00    0.00    8.22    0.00    0.00    0.00   32.89
19:44:26     all   41.44    0.00   15.51    0.00    0.00    8.29    0.00    0.00    0.00   34.76
19:44:27     all   42.86    0.00   16.71    0.00    0.00    8.09    0.00    0.00    0.00   32.35
19:44:28     all   37.90    0.00   18.82    0.00    0.00    9.14    0.00    0.00    0.00   34.14
19:44:29     all   31.06    0.00   19.35    0.00    0.00    8.45    0.00    0.00    0.00   41.14
19:44:30     all   40.88    0.00   17.13    0.00    0.00    8.56    0.00    0.00    0.00   33.43
19:44:31     all   40.11    0.00   18.45    0.00    0.00    8.02    0.00    0.00    0.00   33.42
19:44:32     all   40.37    0.00   16.58    0.00    0.00    9.09    0.00    0.00    0.00   33.96
19:44:33     all   43.85    0.00   14.97    0.00    0.00    9.09    0.00    0.00    0.00   32.09
19:44:34     all   42.44    0.00   15.92    0.00    0.00    7.96    0.00    0.00    0.00   33.69
19:44:35     all   43.09    0.00   15.69    0.27    0.00    7.18    0.00    0.00    0.00   33.78
19:44:36     all   43.13    0.00   15.90    0.27    0.00    8.36    0.00    0.00    0.00   32.35
19:44:37     all   39.78    0.00   16.40    0.00    0.00    8.06    0.00    0.00    0.00   35.75
19:44:38     all   36.71    0.00   15.62    0.00    0.00    9.86    0.00    0.00    0.00   37.81
19:44:39     all   41.67    0.00   17.20    0.00    0.00    7.53    0.00    0.00    0.00   33.60
19:44:40     all   40.69    0.00   17.29    0.00    0.00    7.98    0.00    0.00    0.00   34.04
19:44:41     all   41.73    0.00   17.34    0.27    0.00    8.94    0.00    0.00    0.00   31.71
19:44:42     all   41.94    0.00   14.52    0.00    0.00    9.14    0.00    0.00    0.00   34.41
19:44:43     all   43.28    0.00   16.40    0.00    0.00    7.80    0.00    0.00    0.00   32.53
19:44:44     all   42.40    0.00   16.00    0.00    0.00    8.80    0.00    0.00    0.00   32.80
19:44:45     all   39.30    0.00   18.16    0.00    0.00    8.13    0.00    0.00    0.00   34.42
19:44:46     all   33.07    0.00   10.85    0.00    0.00    5.68    0.00    0.00    0.00   50.39
19:44:47     all   30.79    0.00   19.07    0.00    0.00    9.26    0.00    0.00    0.00   40.87
19:44:48     all   41.49    0.00   15.69    0.00    0.00    8.51    0.00    0.00    0.00   34.31
19:44:49     all   42.05    0.00   15.90    0.00    0.00    9.16    0.00    0.00    0.00   32.88
19:44:50     all   42.05    0.00   14.56    0.00    0.00    9.16    0.00    0.00    0.00   34.23
19:44:51     all   43.12    0.00   15.34    0.00    0.00    8.20    0.00    0.00    0.00   33.33
19:44:52     all   42.44    0.00   16.18    0.00    0.00    8.49    0.00    0.00    0.00   32.89
19:44:53     all   43.05    0.00   14.97    0.00    0.00    8.29    0.00    0.00    0.00   33.69
19:44:54     all   41.42    0.00   17.15    0.00    0.00    8.97    0.00    0.00    0.00   32.45
19:44:55     all   38.38    0.00   16.22    0.00    0.00    9.19    0.00    0.00    0.00   36.22
19:44:56     all   37.40    0.00   17.34    0.00    0.00    9.49    0.00    0.00    0.00   35.77
19:44:57     all   37.23    0.00   17.93    0.00    0.00    7.88    0.00    0.00    0.00   36.96
19:44:58     all   42.86    0.00   15.87    0.00    0.00    8.99    0.00    0.00    0.00   32.28
19:44:59     all   41.02    0.00   15.55    0.00    0.00    9.38    0.00    0.00    0.00   34.05
19:45:00     all   42.51    0.00   15.78    0.00    0.00    9.09    0.00    0.00    0.00   32.62
19:45:01     all   40.69    0.00   15.69    0.00    0.00    7.98    0.00    0.00    0.00   35.64
19:45:02     all   41.44    0.00   15.78    0.00    0.00    8.02    0.00    0.00    0.00   34.76
19:45:03     all   36.12    0.00   17.52    0.00    0.00    9.70    0.00    0.00    0.00   36.66
19:45:04     all   38.87    0.00   18.23    0.00    0.00    8.04    0.00    0.00    0.00   34.85
19:45:05     all   37.23    0.00   18.09    0.00    0.00    7.18    0.00    0.00    0.00   37.50
19:45:06     all   42.86    0.00   17.25    0.27    0.00    8.36    0.00    0.00    0.00   31.27
19:45:07     all   40.97    0.00   16.17    0.00    0.00    8.89    0.00    0.00    0.00   33.96
19:45:08     all   42.90    0.00   15.28    0.00    0.00    8.85    0.00    0.00    0.00   32.98
19:45:09     all   42.70    0.00   16.76    0.00    0.00    8.11    0.00    0.00    0.00   32.43
19:45:10     all   42.20    0.00   15.59    0.00    0.00    8.06    0.00    0.00    0.00   34.14
19:45:11     all   35.48    0.00   18.82    0.00    0.00    9.14    0.00    0.00    0.00   36.56
19:45:12     all   33.24    0.00   17.96    0.00    0.00    9.12    0.00    0.00    0.00   39.68
19:45:13     all   43.48    0.00   16.30    0.00    0.00    8.15    0.00    0.00    0.00   32.07
19:45:14     all   42.93    0.00   16.27    0.00    0.00    9.33    0.00    0.00    0.00   31.47
19:45:15     all   41.01    0.00   16.93    0.00    0.00    8.73    0.00    0.00    0.00   33.33
19:45:16     all   43.05    0.00   17.38    0.00    0.00    7.49    0.00    0.00    0.00   32.09
19:45:17     all   43.05    0.00   15.78    0.00    0.00    8.02    0.00    0.00    0.00   33.16
19:45:18     all   41.22    0.00   15.96    0.00    0.00    7.98    0.00    0.00    0.00   34.84
19:45:19     all   34.88    0.00   17.98    0.00    0.00    7.63    0.00    0.00    0.00   39.51
19:45:20     all   33.97    0.00   17.12    0.00    0.00    8.97    0.00    0.00    0.00   39.95
19:45:21     all   42.51    0.00   18.72    0.00    0.00    8.29    0.00    0.00    0.00   30.48
19:45:22     all   42.78    0.00   14.97    0.00    0.00    8.29    0.00    0.00    0.00   33.96
19:45:23     all   42.82    0.00   14.63    0.00    0.00    8.94    0.00    0.00    0.00   33.60
19:45:24     all   42.37    0.00   14.21    0.00    0.00    8.16    0.00    0.00    0.00   35.26
19:45:25     all   42.47    0.00   15.86    0.00    0.00    8.33    0.00    0.00    0.00   33.33
19:45:26     all   27.07    0.00   20.44    0.00    0.00    9.12    0.00    0.00    0.00   43.37
19:45:27     all    7.59    0.00    4.05    0.00    0.00    1.01    0.00    0.00    0.00   87.34
19:45:28     all    0.25    0.00    0.00    0.00    0.00    0.00    0.00    0.00    0.00   99.75
19:45:29     all    0.00    0.00    0.00    0.25    0.00    0.00    0.00    0.00    0.00   99.75
19:45:30     all    0.00    0.00    0.00    0.00    0.00    0.00    0.00    0.00    0.00  100.00
19:45:31     all   22.56    0.00    1.75    0.00    0.00    1.25    0.00    0.00    0.00   74.44
19:45:32     all   42.74    0.00   15.34    0.00    0.00    9.04    0.00    0.00    0.00   32.88
19:45:33     all   42.02    0.00   14.89    0.00    0.00    9.31    0.00    0.00    0.00   33.78
19:45:34     all   43.63    0.00   14.09    0.00    0.00    8.13    0.00    0.00    0.00   34.15
19:45:35     all   42.93    0.00   15.22    0.00    0.00    8.42    0.00    0.00    0.00   33.42
19:45:36     all   43.09    0.00   15.16    0.00    0.00    9.31    0.00    0.00    0.00   32.45
19:45:37     all   40.00    0.00   15.41    0.00    0.00    7.84    0.00    0.00    0.00   36.76
19:45:38     all   25.00    0.00   14.36    0.00    0.00    6.65    0.00    0.00    0.00   53.99
19:45:39     all   43.09    0.00   17.07    0.00    0.00    8.13    0.00    0.00    0.00   31.71
19:45:40     all   42.02    0.00   14.10    0.27    0.00    9.31    0.00    0.00    0.00   34.31
19:45:41     all   42.71    0.00   16.18    0.00    0.00    9.55    0.00    0.00    0.00   31.56
19:45:42     all   41.35    0.00   14.32    0.00    0.00    9.46    0.00    0.00    0.00   34.86
19:45:43     all   43.24    0.00   16.22    0.00    0.00    8.11    0.00    0.00    0.00   32.43
19:45:44     all   41.80    0.00   16.40    0.00    0.00    7.67    0.00    0.00    0.00   34.13
19:45:45     all   37.77    0.00   16.85    0.00    0.00    8.42    0.00    0.00    0.00   36.96
19:45:46     all   31.88    0.00   18.26    0.00    0.00    8.17    0.00    0.00    0.00   41.69
19:45:47     all   43.94    0.00   17.52    0.00    0.00    8.09    0.00    0.00    0.00   30.46
19:45:48     all   39.29    0.00   15.93    0.00    0.00    7.97    0.00    0.00    0.00   36.81
19:45:49     all   38.13    0.00   11.73    0.00    0.00    7.47    0.00    0.00    0.00   42.67
19:45:50     all   42.63    0.00   15.82    0.00    0.00    8.85    0.00    0.00    0.00   32.71
19:45:51     all   42.12    0.00   14.67    0.00    0.00   10.05    0.00    0.00    0.00   33.15
19:45:52     all   41.18    0.00   15.78    0.00    0.00    9.63    0.00    0.00    0.00   33.42
19:45:53     all   26.29    0.00   16.80    0.00    0.00   10.03    0.00    0.00    0.00   46.88
19:45:54     all   43.21    0.00   16.30    0.00    0.00    8.15    0.00    0.00    0.00   32.34
19:45:55     all   42.74    0.00   15.59    0.27    0.00    8.87    0.00    0.00    0.00   32.53
19:45:56     all   39.04    0.00   16.31    0.00    0.00    9.09    0.00    0.00    0.00   35.56
19:45:57     all    5.10    0.00    2.81    0.00    0.00    0.51    0.00    0.00    0.00   91.58
19:45:58     all    0.00    0.00    0.00    0.00    0.00    0.00    0.00    0.00    0.00  100.00
19:45:59     all    0.25    0.00    0.00    0.00    0.00    0.00    0.00    0.00    0.00   99.75
19:46:00     all    0.00    0.00    0.00    0.00    0.00    0.00    0.00    0.00    0.00  100.00
19:46:01     all   31.78    0.00    7.24    0.26    0.00    4.65    0.00    0.00    0.00   56.07
19:46:02     all   42.13    0.00   16.53    0.00    0.00    8.80    0.00    0.00    0.00   32.53
19:46:03     all   42.39    0.00   14.67    0.00    0.00    8.70    0.00    0.00    0.00   34.24
19:46:04     all   35.25    0.00   16.94    0.00    0.00    6.28    0.00    0.00    0.00   41.53
19:46:05     all   34.22    0.00   17.91    0.00    0.00    8.02    0.00    0.00    0.00   39.84
19:46:06     all   42.35    0.00   16.12    0.00    0.00    9.56    0.00    0.00    0.00   31.97
19:46:07     all   42.47    0.00   15.59    0.27    0.00    7.53    0.00    0.00    0.00   34.14
19:46:08     all   43.09    0.00   13.83    0.00    0.00    9.31    0.00    0.00    0.00   33.78
19:46:09     all   43.67    0.00   13.48    0.00    0.00    8.89    0.00    0.00    0.00   33.96
19:46:10     all   42.70    0.00   13.78    0.00    0.00    8.92    0.00    0.00    0.00   34.59
19:46:11     all   44.54    0.00   14.75    0.00    0.00    7.65    0.00    0.00    0.00   33.06
19:46:12     all   38.98    0.00   18.01    0.00    0.00    7.53    0.00    0.00    0.00   35.48
19:46:13     all   36.83    0.00   17.47    0.00    0.00    8.33    0.00    0.00    0.00   37.37
19:46:14     all   39.25    0.00   17.20    0.00    0.00    7.53    0.00    0.00    0.00   36.02
19:46:15     all   43.24    0.00   17.30    0.00    0.00    8.65    0.00    0.00    0.00   30.81
19:46:16     all   42.43    0.00   15.95    0.00    0.00    8.65    0.00    0.00    0.00   32.97
19:46:17     all   41.94    0.00   16.94    0.00    0.00    8.87    0.00    0.00    0.00   32.26
19:46:18     all   41.71    0.00   15.78    0.00    0.00    8.29    0.00    0.00    0.00   34.22
19:46:19     all   42.20    0.00   16.13    0.00    0.00    8.87    0.00    0.00    0.00   32.80
19:46:20     all   42.67    0.00   15.47    0.00    0.00    8.27    0.00    0.00    0.00   33.60
19:46:21     all   41.13    0.00   16.94    0.00    0.00    8.33    0.00    0.00    0.00   33.60
19:46:22     all   32.80    0.00   18.01    0.00    0.00    9.95    0.00    0.00    0.00   39.25
19:46:23     all   39.14    0.00   17.96    0.00    0.00    9.38    0.00    0.00    0.00   33.51
19:46:24     all   43.05    0.00   16.84    0.00    0.00    8.56    0.00    0.00    0.00   31.55
19:46:25     all   41.94    0.00   16.13    0.00    0.00    9.41    0.00    0.00    0.00   32.53
19:46:26     all   40.43    0.00   15.16    0.00    0.00   10.64    0.00    0.00    0.00   33.78
19:46:27     all   42.29    0.00   16.76    0.00    0.00    8.24    0.00    0.00    0.00   32.71
19:46:28     all   41.07    0.00   16.27    0.00    0.00    8.27    0.00    0.00    0.00   34.40
19:46:29     all   39.95    0.00   14.48    0.00    0.00    7.51    0.00    0.00    0.00   38.07
19:46:30     all   33.24    0.00   17.16    0.00    0.00    9.65    0.00    0.00    0.00   39.95
19:46:31     all   33.15    0.00   17.93    0.00    0.00    7.88    0.00    0.00    0.00   41.03
19:46:32     all   36.63    0.00   13.64    0.00    0.00    8.29    0.00    0.00    0.00   41.44
19:46:33     all   42.09    0.00   17.43    0.00    0.00    7.77    0.00    0.00    0.00   32.71
19:46:34     all   42.90    0.00   16.09    0.00    0.00    8.85    0.00    0.00    0.00   32.17
19:46:35     all   42.36    0.00   16.62    0.00    0.00    7.77    0.00    0.00    0.00   33.24
19:46:36     all   43.73    0.00   16.27    0.00    0.00    9.33    0.00    0.00    0.00   30.67
19:46:37     all   36.22    0.00   17.03    0.00    0.00    8.65    0.00    0.00    0.00   38.11
19:46:38     all   33.24    0.00   18.38    0.00    0.00    9.46    0.00    0.00    0.00   38.92
19:46:39     all   42.03    0.00   18.13    0.00    0.00    7.97    0.00    0.00    0.00   31.87
19:46:40     all   40.85    0.00   16.98    0.00    0.00    9.02    0.00    0.00    0.00   33.16
19:46:41     all   40.86    0.00   16.40    0.00    0.00    8.87    0.00    0.00    0.00   33.87
19:46:42     all   40.68    0.00   17.06    0.00    0.00    8.92    0.00    0.00    0.00   33.33
19:46:43     all   43.05    0.00   16.35    0.00    0.00    8.17    0.00    0.00    0.00   32.43
19:46:44     all   41.32    0.00   16.32    0.00    0.00    8.68    0.00    0.00    0.00   33.68
19:46:45     all   41.40    0.00   14.78    0.00    0.00    8.33    0.00    0.00    0.00   35.48
19:46:46     all   42.05    0.00   15.90    0.00    0.00    8.09    0.00    0.00    0.00   33.96
19:46:47     all   37.17    0.00   16.84    0.00    0.00    9.36    0.00    0.00    0.00   36.63
19:46:48     all   36.68    0.00   17.12    0.00    0.00    8.97    0.00    0.00    0.00   37.23
19:46:49     all   41.71    0.00   17.91    0.00    0.00    6.95    0.00    0.00    0.00   33.42
19:46:50     all   43.16    0.00   15.82    0.27    0.00    8.58    0.00    0.00    0.00   32.17
19:46:51     all   40.05    0.00   15.59    0.00    0.00    8.60    0.00    0.00    0.00   35.75
19:46:52     all   40.38    0.00   14.91    0.00    0.00    9.76    0.00    0.00    0.00   34.96
19:46:53     all    9.37    0.00    5.82    0.00    0.00    1.77    0.00    0.00    0.00   83.04
19:46:54     all    0.00    0.00    0.00    0.00    0.00    0.00    0.00    0.00    0.00  100.00
19:46:55     all    0.00    0.00    0.00    0.00    0.00    0.00    0.00    0.00    0.00  100.00
19:46:56     all    0.00    0.00    0.00    0.00    0.00    0.00    0.00    0.00    0.00  100.00
19:46:57     all   29.82    0.00    6.17    0.00    0.00    5.14    0.00    0.00    0.00   58.87
19:46:58     all   43.13    0.00   15.36    0.00    0.00    8.36    0.00    0.00    0.00   33.15
19:46:59     all   36.70    0.00   17.02    0.00    0.00   10.11    0.00    0.00    0.00   36.17
19:47:00     all   33.06    0.00   19.95    0.00    0.00    8.20    0.00    0.00    0.00   38.80
19:47:01     all   40.97    0.00   18.06    0.00    0.00    7.55    0.00    0.00    0.00   33.42
19:47:02     all   41.62    0.00   15.68    0.27    0.00    8.92    0.00    0.00    0.00   33.51
19:47:03     all   40.11    0.00   15.83    0.00    0.00    9.76    0.00    0.00    0.00   34.30
19:47:04     all   42.20    0.00   14.78    0.00    0.00    8.87    0.00    0.00    0.00   34.14
19:47:05     all   41.02    0.00   15.82    0.00    0.00    8.58    0.00    0.00    0.00   34.58
19:47:06     all   42.47    0.00   15.32    0.00    0.00    8.87    0.00    0.00    0.00   33.33
19:47:07     all   38.48    0.00   17.89    0.00    0.00    7.86    0.00    0.00    0.00   35.77
19:47:08     all   36.49    0.00   16.49    0.00    0.00    8.38    0.00    0.00    0.00   38.65
19:47:09     all   37.60    0.00   17.44    0.00    0.00    7.36    0.00    0.00    0.00   37.60
19:47:10     all   41.13    0.00   16.67    0.00    0.00    8.87    0.00    0.00    0.00   33.33
19:47:11     all   40.91    0.00   16.04    0.00    0.00    9.63    0.00    0.00    0.00   33.42
19:47:12     all   41.80    0.00   14.55    0.00    0.00    8.47    0.00    0.00    0.00   35.19
19:47:13     all   41.91    0.00   14.59    0.53    0.00    7.69    0.00    0.00    0.00   35.28
19:47:14     all   41.14    0.00   15.80    0.00    0.00    8.72    0.00    0.00    0.00   34.33
19:47:15     all   37.60    0.00   17.33    0.00    0.00    9.60    0.00    0.00    0.00   35.47
19:47:16     all   33.78    0.00   19.30    0.00    0.00    8.31    0.00    0.00    0.00   38.61
19:47:17     all   18.77    0.00   12.60    0.00    0.00    4.29    0.00    0.00    0.00   64.34
19:47:18     all    0.00    0.00    0.00    0.00    0.00    0.00    0.00    0.00    0.00  100.00
19:47:19     all    0.00    0.00    0.00    0.00    0.00    0.00    0.00    0.00    0.00  100.00
19:47:20     all    0.25    0.00    0.00    0.00    0.00    0.00    0.00    0.00    0.00   99.75
19:47:21     all    7.71    0.00    1.00    0.00    0.00    0.00    0.00    0.00    0.00   91.29
19:47:22     all   44.95    0.00   14.10    0.00    0.00    9.04    0.00    0.00    0.00   31.91
19:47:23     all   42.78    0.00   16.04    0.00    0.00    8.29    0.00    0.00    0.00   32.89
19:47:24     all   42.86    0.00   15.90    0.00    0.00    8.09    0.00    0.00    0.00   33.15
19:47:26     all   38.21    0.00   17.07    0.00    0.00    8.67    0.00    0.00    0.00   36.04
19:47:27     all   35.87    0.00   16.85    0.00    0.00    9.51    0.00    0.00    0.00   37.77
19:47:27     all   38.75    0.00   17.34    0.00    0.00    7.86    0.00    0.00    0.00   36.04
19:47:29     all   41.82    0.00   17.96    0.00    0.00    9.12    0.00    0.00    0.00   31.10
19:47:30     all   40.86    0.00   16.67    0.00    0.00    9.41    0.00    0.00    0.00   33.06
19:47:31     all   42.59    0.00   15.87    0.00    0.00    9.79    0.00    0.00    0.00   31.75
19:47:32     all   40.38    0.00   14.91    0.00    0.00    9.76    0.00    0.00    0.00   34.96
19:47:33     all   42.36    0.00   16.35    0.00    0.00    8.04    0.00    0.00    0.00   33.24
19:47:34     all   40.96    0.00   15.69    0.00    0.00    9.04    0.00    0.00    0.00   34.31
19:47:35     all   33.69    0.00   17.25    0.00    0.00    9.16    0.00    0.00    0.00   39.89
19:47:36     all   36.39    0.00   16.44    0.00    0.00    9.70    0.00    0.00    0.00   37.47
19:47:37     all   42.39    0.00   15.22    0.00    0.00    8.97    0.00    0.00    0.00   33.42
19:47:38     all   18.57    0.00   12.47    0.00    0.00    5.31    0.00    0.00    0.00   63.66
19:47:39     all    0.00    0.00    0.00    0.00    0.00    0.00    0.00    0.00    0.00  100.00
19:47:40     all    0.00    0.00    0.00    0.50    0.00    0.00    0.00    0.00    0.00   99.50
Average:     all   37.41    0.00   15.84    0.02    0.00    7.83    0.00    0.00    0.00   38.90
