Linux 5.15.0-173-generic (csb-bench-host-huawei) 	08/17/2026 	_x86_64_	(4 CPU)

05:32:56 AM  CPU    %usr   %nice    %sys %iowait    %irq   %soft  %steal  %guest  %gnice   %idle
05:32:57 AM  all    4.76    0.00    8.27   80.70    0.00    0.00    0.00    0.00    0.00    6.27
05:32:58 AM  all    0.50    0.00    0.25   99.25    0.00    0.00    0.00    0.00    0.00    0.00
05:32:59 AM  all    0.00    0.00    0.50   99.50    0.00    0.00    0.00    0.00    0.00    0.00
05:33:00 AM  all    0.00    0.00    0.00  100.00    0.00    0.00    0.00    0.00    0.00    0.00
05:33:01 AM  all    0.00    0.00    0.25   99.75    0.00    0.00    0.00    0.00    0.00    0.00
05:33:02 AM  all    0.00    0.00    0.75   99.25    0.00    0.00    0.00    0.00    0.00    0.00
05:33:03 AM  all    0.00    0.00    0.25   99.75    0.00    0.00    0.00    0.00    0.00    0.00
05:33:04 AM  all    0.00    0.00    0.00  100.00    0.00    0.00    0.00    0.00    0.00    0.00
05:33:05 AM  all    0.00    0.00    0.00  100.00    0.00    0.00    0.00    0.00    0.00    0.00
05:33:06 AM  all    0.00    0.00    0.50   99.50    0.00    0.00    0.00    0.00    0.00    0.00
05:33:07 AM  all    0.00    0.00    0.25   99.75    0.00    0.00    0.00    0.00    0.00    0.00
05:33:08 AM  all    0.00    0.00    0.00   99.75    0.00    0.00    0.00    0.00    0.00    0.25
05:33:09 AM  all    0.00    0.00    0.25   99.75    0.00    0.00    0.00    0.00    0.00    0.00
05:33:10 AM  all    1.01    0.00    0.50   98.49    0.00    0.00    0.00    0.00    0.00    0.00
05:33:11 AM  all    0.00    0.00    0.00  100.00    0.00    0.00    0.00    0.00    0.00    0.00
05:33:12 AM  all    0.00    0.00    0.25   99.75    0.00    0.00    0.00    0.00    0.00    0.00
05:33:13 AM  all    0.00    0.00    0.00  100.00    0.00    0.00    0.00    0.00    0.00    0.00
05:33:14 AM  all    0.00    0.00    0.25   99.75    0.00    0.00    0.00    0.00    0.00    0.00
05:33:15 AM  all    0.00    0.00    0.75   99.25    0.00    0.00    0.00    0.00    0.00    0.00
05:33:16 AM  all    0.00    0.00    0.25   99.75    0.00    0.00    0.00    0.00    0.00    0.00
05:33:17 AM  all    0.00    0.00    0.25   99.50    0.00    0.25    0.00    0.00    0.00    0.00
05:33:18 AM  all    0.00    0.00    0.50   99.50    0.00    0.00    0.00    0.00    0.00    0.00
05:33:19 AM  all    0.00    0.00    0.25   99.75    0.00    0.00    0.00    0.00    0.00    0.00
05:33:20 AM  all    0.00    0.00    0.00  100.00    0.00    0.00    0.00    0.00    0.00    0.00
05:33:21 AM  all    0.00    0.00    0.25   99.75    0.00    0.00    0.00    0.00    0.00    0.00
05:33:22 AM  all    0.25    0.00    0.00   99.75    0.00    0.00    0.00    0.00    0.00    0.00
05:33:23 AM  all    0.00    0.00    0.75   99.25    0.00    0.00    0.00    0.00    0.00    0.00
05:33:24 AM  all    0.00    0.00    0.50   99.50    0.00    0.00    0.00    0.00    0.00    0.00
05:33:25 AM  all    0.00    0.00    0.00  100.00    0.00    0.00    0.00    0.00    0.00    0.00
05:33:26 AM  all    0.00    0.00    0.00  100.00    0.00    0.00    0.00    0.00    0.00    0.00
05:33:27 AM  all    0.00    0.00    0.25   99.75    0.00    0.00    0.00    0.00    0.00    0.00
05:33:28 AM  all    0.00    0.00    0.25   99.75    0.00    0.00    0.00    0.00    0.00    0.00
05:33:29 AM  all    0.00    0.00    0.00  100.00    0.00    0.00    0.00    0.00    0.00    0.00
05:33:30 AM  all    0.00    0.00    0.25   99.75    0.00    0.00    0.00    0.00    0.00    0.00
05:33:31 AM  all    0.25    0.00    0.00   99.75    0.00    0.00    0.00    0.00    0.00    0.00
05:33:32 AM  all    0.00    0.00    0.00  100.00    0.00    0.00    0.00    0.00    0.00    0.00
05:33:33 AM  all    0.00    0.00    0.25   99.75    0.00    0.00    0.00    0.00    0.00    0.00
05:33:34 AM  all    0.25    0.00    0.25   99.50    0.00    0.00    0.00    0.00    0.00    0.00
05:33:35 AM  all    0.00    0.00    0.00  100.00    0.00    0.00    0.00    0.00    0.00    0.00
05:33:36 AM  all    0.00    0.00    0.50   99.50    0.00    0.00    0.00    0.00    0.00    0.00
05:33:37 AM  all    0.00    0.00    0.25   99.75    0.00    0.00    0.00    0.00    0.00    0.00
05:33:38 AM  all    0.00    0.00    0.75   99.25    0.00    0.00    0.00    0.00    0.00    0.00
05:33:39 AM  all    0.00    0.00    0.00  100.00    0.00    0.00    0.00    0.00    0.00    0.00
05:33:40 AM  all    0.00    0.00    0.99   98.76    0.00    0.25    0.00    0.00    0.00    0.00
05:33:41 AM  all    0.00    0.00    0.25   99.75    0.00    0.00    0.00    0.00    0.00    0.00
05:33:42 AM  all    0.00    0.00    0.25   99.75    0.00    0.00    0.00    0.00    0.00    0.00
05:33:43 AM  all    0.00    0.00    0.50   99.50    0.00    0.00    0.00    0.00    0.00    0.00
05:33:44 AM  all    0.00    0.00    0.50   99.50    0.00    0.00    0.00    0.00    0.00    0.00
05:33:45 AM  all    0.00    0.00    0.00  100.00    0.00    0.00    0.00    0.00    0.00    0.00
05:33:46 AM  all    0.00    0.00    0.50   99.50    0.00    0.00    0.00    0.00    0.00    0.00
05:33:47 AM  all    0.00    0.00    0.00   99.75    0.00    0.25    0.00    0.00    0.00    0.00
05:33:48 AM  all    0.00    0.00    0.50   99.50    0.00    0.00    0.00    0.00    0.00    0.00
05:33:49 AM  all    0.00    0.00    0.00  100.00    0.00    0.00    0.00    0.00    0.00    0.00
05:33:50 AM  all    0.00    0.00    0.50   99.50    0.00    0.00    0.00    0.00    0.00    0.00
05:33:51 AM  all    0.00    0.00    0.75   99.25    0.00    0.00    0.00    0.00    0.00    0.00
05:33:52 AM  all    0.25    0.00    0.00   99.75    0.00    0.00    0.00    0.00    0.00    0.00
05:33:53 AM  all    0.00    0.00    0.25   99.75    0.00    0.00    0.00    0.00    0.00    0.00
05:33:54 AM  all    0.00    0.00    0.25   99.75    0.00    0.00    0.00    0.00    0.00    0.00
05:33:55 AM  all    0.00    0.00    0.25   99.75    0.00    0.00    0.00    0.00    0.00    0.00
05:33:56 AM  all    0.00    0.00    0.25   99.75    0.00    0.00    0.00    0.00    0.00    0.00
05:33:57 AM  all    0.00    0.00    0.00  100.00    0.00    0.00    0.00    0.00    0.00    0.00
05:33:58 AM  all    0.00    0.00    0.25   99.75    0.00    0.00    0.00    0.00    0.00    0.00
05:33:59 AM  all    0.00    0.00    0.50   99.50    0.00    0.00    0.00    0.00    0.00    0.00
05:34:00 AM  all    0.00    0.00    0.00  100.00    0.00    0.00    0.00    0.00    0.00    0.00
05:34:01 AM  all    0.00    0.00    0.25   99.75    0.00    0.00    0.00    0.00    0.00    0.00
05:34:02 AM  all    0.00    0.00    0.00  100.00    0.00    0.00    0.00    0.00    0.00    0.00
05:34:03 AM  all    0.00    0.00    0.00  100.00    0.00    0.00    0.00    0.00    0.00    0.00
05:34:04 AM  all    0.00    0.00    0.00  100.00    0.00    0.00    0.00    0.00    0.00    0.00
05:34:05 AM  all    0.75    0.00    0.25   99.00    0.00    0.00    0.00    0.00    0.00    0.00
05:34:06 AM  all    0.25    0.00    0.25   99.50    0.00    0.00    0.00    0.00    0.00    0.00
05:34:07 AM  all    0.00    0.00    0.25   99.75    0.00    0.00    0.00    0.00    0.00    0.00
05:34:08 AM  all    0.00    0.00    0.25   99.75    0.00    0.00    0.00    0.00    0.00    0.00
05:34:09 AM  all    0.00    0.00    0.25   99.75    0.00    0.00    0.00    0.00    0.00    0.00
05:34:10 AM  all    1.00    0.00    0.75   98.25    0.00    0.00    0.00    0.00    0.00    0.00
05:34:11 AM  all    0.00    0.00    0.25   99.75    0.00    0.00    0.00    0.00    0.00    0.00
05:34:12 AM  all    0.00    0.00    0.00  100.00    0.00    0.00    0.00    0.00    0.00    0.00
05:34:13 AM  all    0.00    0.00    0.50   99.50    0.00    0.00    0.00    0.00    0.00    0.00
05:34:14 AM  all    0.00    0.00    0.25   99.75    0.00    0.00    0.00    0.00    0.00    0.00
05:34:15 AM  all    0.25    0.00    0.00   99.75    0.00    0.00    0.00    0.00    0.00    0.00
05:34:16 AM  all    0.00    0.00    0.25   99.50    0.00    0.25    0.00    0.00    0.00    0.00
05:34:17 AM  all    0.00    0.00    0.50   99.50    0.00    0.00    0.00    0.00    0.00    0.00
05:34:18 AM  all    0.00    0.00    0.00  100.00    0.00    0.00    0.00    0.00    0.00    0.00
05:34:19 AM  all    0.00    0.00    0.00  100.00    0.00    0.00    0.00    0.00    0.00    0.00
05:34:20 AM  all    0.00    0.00    0.00  100.00    0.00    0.00    0.00    0.00    0.00    0.00
05:34:21 AM  all    0.00    0.00    0.25   99.75    0.00    0.00    0.00    0.00    0.00    0.00
05:34:22 AM  all    0.00    0.00    1.00   99.00    0.00    0.00    0.00    0.00    0.00    0.00
05:34:23 AM  all    0.00    0.00    0.00  100.00    0.00    0.00    0.00    0.00    0.00    0.00
05:34:24 AM  all    0.00    0.00    0.25   99.75    0.00    0.00    0.00    0.00    0.00    0.00
05:34:25 AM  all    0.00    0.00    0.50   99.50    0.00    0.00    0.00    0.00    0.00    0.00
05:34:26 AM  all    0.25    0.00    0.25   99.50    0.00    0.00    0.00    0.00    0.00    0.00
05:34:27 AM  all    0.00    0.00    0.25   99.75    0.00    0.00    0.00    0.00    0.00    0.00
05:34:28 AM  all    0.00    0.00    0.00  100.00    0.00    0.00    0.00    0.00    0.00    0.00
05:34:29 AM  all    0.00    0.00    0.50   99.50    0.00    0.00    0.00    0.00    0.00    0.00
05:34:30 AM  all    0.25    0.00    0.00   99.75    0.00    0.00    0.00    0.00    0.00    0.00
05:34:31 AM  all    0.00    0.00    0.50   99.50    0.00    0.00    0.00    0.00    0.00    0.00
05:34:32 AM  all    0.00    0.00    0.00  100.00    0.00    0.00    0.00    0.00    0.00    0.00
05:34:33 AM  all    0.00    0.00    0.00  100.00    0.00    0.00    0.00    0.00    0.00    0.00
05:34:34 AM  all    0.00    0.00    0.00  100.00    0.00    0.00    0.00    0.00    0.00    0.00
05:34:35 AM  all    0.50    0.00    1.26   98.24    0.00    0.00    0.00    0.00    0.00    0.00
05:34:36 AM  all    0.00    0.00    0.25   99.75    0.00    0.00    0.00    0.00    0.00    0.00
05:34:37 AM  all    0.00    0.00    0.00  100.00    0.00    0.00    0.00    0.00    0.00    0.00
05:34:38 AM  all    0.00    0.00    0.25   99.75    0.00    0.00    0.00    0.00    0.00    0.00
05:34:39 AM  all    0.25    0.00    0.25   99.50    0.00    0.00    0.00    0.00    0.00    0.00
05:34:40 AM  all    0.00    0.00    0.50   99.50    0.00    0.00    0.00    0.00    0.00    0.00
05:34:41 AM  all    0.00    0.00    0.00  100.00    0.00    0.00    0.00    0.00    0.00    0.00
05:34:42 AM  all    0.00    0.00    0.75   99.25    0.00    0.00    0.00    0.00    0.00    0.00
05:34:43 AM  all    0.00    0.00    0.25   99.75    0.00    0.00    0.00    0.00    0.00    0.00
05:34:44 AM  all    0.00    0.00    0.00  100.00    0.00    0.00    0.00    0.00    0.00    0.00
05:34:45 AM  all    0.00    0.00    0.00  100.00    0.00    0.00    0.00    0.00    0.00    0.00
05:34:46 AM  all    0.00    0.00    0.99   99.01    0.00    0.00    0.00    0.00    0.00    0.00
05:34:47 AM  all    0.00    0.00    0.25   99.75    0.00    0.00    0.00    0.00    0.00    0.00
05:34:48 AM  all    0.00    0.00    0.50   99.50    0.00    0.00    0.00    0.00    0.00    0.00
05:34:49 AM  all    0.00    0.00    0.75   99.25    0.00    0.00    0.00    0.00    0.00    0.00
05:34:50 AM  all    0.00    0.00    0.25   99.75    0.00    0.00    0.00    0.00    0.00    0.00
05:34:51 AM  all    0.00    0.00    0.00   97.99    0.00    0.00    0.00    0.00    0.00    2.01
05:34:52 AM  all    0.00    0.00    0.00   75.13    0.00    0.00    0.00    0.00    0.00   24.87
05:34:53 AM  all    0.00    0.00    0.25   77.94    0.00    0.00    0.00    0.00    0.00   21.80
05:34:54 AM  all    0.00    0.00    0.25   71.11    0.00    0.00    0.00    0.00    0.00   28.64
05:34:55 AM  all    0.00    0.00    0.00    2.25    0.00    0.00    0.00    0.00    0.00   97.75
05:34:56 AM  all    0.00    0.00    0.00    2.00    0.00    0.25    0.00    0.00    0.00   97.76
05:34:57 AM  all    0.00    0.00    0.00    2.26    0.00    0.00    0.00    0.00    0.00   97.74
05:34:58 AM  all    0.00    0.00    0.00    5.00    0.00    0.00    0.00    0.00    0.00   95.00
05:34:59 AM  all    0.00    0.00    0.00    1.00    0.00    0.00    0.00    0.00    0.00   99.00
05:35:00 AM  all    0.00    0.00    0.00    0.25    0.00    0.00    0.00    0.00    0.00   99.75
05:35:01 AM  all    0.25    0.00    0.50    0.25    0.00    0.00    0.00    0.00    0.00   99.00
05:35:02 AM  all    0.00    0.00    0.00    0.00    0.00    0.00    0.00    0.00    0.00  100.00
05:35:03 AM  all    0.00    0.00    0.00    0.00    0.00    0.00    0.00    0.00    0.00  100.00
