Linux 5.15.0-173-generic (csb-bench-host-huawei) 	08/16/2026 	_x86_64_	(4 CPU)

12:21:53 AM  CPU    %usr   %nice    %sys %iowait    %irq   %soft  %steal  %guest  %gnice   %idle
12:21:54 AM  all    4.26    0.00    8.77   80.95    0.00    0.50    0.00    0.00    0.00    5.51
12:21:55 AM  all    0.00    0.00    0.00  100.00    0.00    0.00    0.00    0.00    0.00    0.00
12:21:56 AM  all    0.00    0.00    0.50   99.50    0.00    0.00    0.00    0.00    0.00    0.00
12:21:57 AM  all    0.00    0.00    0.25   99.75    0.00    0.00    0.00    0.00    0.00    0.00
12:21:58 AM  all    0.00    0.00    0.50   99.50    0.00    0.00    0.00    0.00    0.00    0.00
12:21:59 AM  all    0.00    0.00    0.00  100.00    0.00    0.00    0.00    0.00    0.00    0.00
12:22:00 AM  all    0.00    0.00    0.00  100.00    0.00    0.00    0.00    0.00    0.00    0.00
12:22:01 AM  all    0.00    0.00    0.50   99.50    0.00    0.00    0.00    0.00    0.00    0.00
12:22:02 AM  all    0.00    0.00    0.00  100.00    0.00    0.00    0.00    0.00    0.00    0.00
12:22:03 AM  all    0.00    0.00    0.00  100.00    0.00    0.00    0.00    0.00    0.00    0.00
12:22:04 AM  all    0.00    0.00    0.25   99.75    0.00    0.00    0.00    0.00    0.00    0.00
12:22:05 AM  all    0.00    0.00    0.50   99.50    0.00    0.00    0.00    0.00    0.00    0.00
12:22:06 AM  all    0.51    0.00    0.76   98.74    0.00    0.00    0.00    0.00    0.00    0.00
12:22:07 AM  all    0.25    0.00    0.25   99.50    0.00    0.00    0.00    0.00    0.00    0.00
12:22:08 AM  all    0.00    0.00    1.48   98.27    0.00    0.25    0.00    0.00    0.00    0.00
12:22:09 AM  all    0.00    0.00    0.25   99.75    0.00    0.00    0.00    0.00    0.00    0.00
12:22:10 AM  all    0.00    0.00    0.25   99.75    0.00    0.00    0.00    0.00    0.00    0.00
12:22:11 AM  all    1.01    0.00    0.25   98.74    0.00    0.00    0.00    0.00    0.00    0.00
12:22:12 AM  all    0.00    0.00    0.25   99.50    0.00    0.25    0.00    0.00    0.00    0.00
12:22:13 AM  all    0.00    0.00    0.50   99.50    0.00    0.00    0.00    0.00    0.00    0.00
12:22:14 AM  all    0.00    0.00    0.00  100.00    0.00    0.00    0.00    0.00    0.00    0.00
12:22:15 AM  all    0.00    0.00    1.00   99.00    0.00    0.00    0.00    0.00    0.00    0.00
12:22:16 AM  all    0.00    0.00    0.00  100.00    0.00    0.00    0.00    0.00    0.00    0.00
12:22:17 AM  all    0.00    0.00    0.50   99.50    0.00    0.00    0.00    0.00    0.00    0.00
12:22:18 AM  all    0.00    0.00    0.25   99.75    0.00    0.00    0.00    0.00    0.00    0.00
12:22:19 AM  all    0.00    0.00    0.00   78.64    0.00    0.00    0.00    0.00    0.00   21.36
12:22:20 AM  all    0.25    0.00    0.25   99.50    0.00    0.00    0.00    0.00    0.00    0.00
12:22:21 AM  all    0.25    0.00    0.50   99.25    0.00    0.00    0.00    0.00    0.00    0.00
12:22:22 AM  all    0.00    0.00    0.25   99.75    0.00    0.00    0.00    0.00    0.00    0.00
12:22:23 AM  all    0.00    0.00    0.00  100.00    0.00    0.00    0.00    0.00    0.00    0.00
12:22:24 AM  all    0.00    0.00    1.00   99.00    0.00    0.00    0.00    0.00    0.00    0.00
12:22:25 AM  all    0.00    0.00    0.00  100.00    0.00    0.00    0.00    0.00    0.00    0.00
12:22:26 AM  all    0.00    0.00    0.00  100.00    0.00    0.00    0.00    0.00    0.00    0.00
12:22:27 AM  all    0.00    0.00    0.00  100.00    0.00    0.00    0.00    0.00    0.00    0.00
12:22:28 AM  all    0.00    0.00    0.25   99.75    0.00    0.00    0.00    0.00    0.00    0.00
12:22:29 AM  all    0.00    0.00    0.25   99.75    0.00    0.00    0.00    0.00    0.00    0.00
12:22:30 AM  all    0.00    0.00    0.00  100.00    0.00    0.00    0.00    0.00    0.00    0.00
12:22:31 AM  all    0.00    0.00    0.25   99.75    0.00    0.00    0.00    0.00    0.00    0.00
12:22:32 AM  all    0.00    0.00    0.25   99.75    0.00    0.00    0.00    0.00    0.00    0.00
12:22:33 AM  all    0.25    0.00    0.25   99.50    0.00    0.00    0.00    0.00    0.00    0.00
12:22:34 AM  all    0.00    0.00    0.75   99.25    0.00    0.00    0.00    0.00    0.00    0.00
12:22:35 AM  all    0.00    0.00    0.25   99.75    0.00    0.00    0.00    0.00    0.00    0.00
12:22:36 AM  all    0.00    0.00    0.00  100.00    0.00    0.00    0.00    0.00    0.00    0.00
12:22:37 AM  all    0.00    0.00    0.25   99.75    0.00    0.00    0.00    0.00    0.00    0.00
12:22:38 AM  all    0.25    0.00    0.00   99.75    0.00    0.00    0.00    0.00    0.00    0.00
12:22:39 AM  all    0.00    0.00    0.25   99.75    0.00    0.00    0.00    0.00    0.00    0.00
12:22:40 AM  all    0.00    0.00    0.00  100.00    0.00    0.00    0.00    0.00    0.00    0.00
12:22:41 AM  all    0.00    0.00    0.00  100.00    0.00    0.00    0.00    0.00    0.00    0.00
12:22:42 AM  all    0.00    0.00    0.00  100.00    0.00    0.00    0.00    0.00    0.00    0.00
12:22:43 AM  all    0.00    0.00    0.25   99.75    0.00    0.00    0.00    0.00    0.00    0.00
12:22:44 AM  all    0.25    0.00    0.00   99.75    0.00    0.00    0.00    0.00    0.00    0.00
12:22:45 AM  all    0.25    0.00    0.25   99.50    0.00    0.00    0.00    0.00    0.00    0.00
12:22:46 AM  all    0.25    0.00    0.25   99.50    0.00    0.00    0.00    0.00    0.00    0.00
12:22:47 AM  all    0.00    0.00    1.48   98.27    0.00    0.25    0.00    0.00    0.00    0.00
12:22:48 AM  all    0.00    0.00    0.00  100.00    0.00    0.00    0.00    0.00    0.00    0.00
12:22:49 AM  all    0.00    0.00    0.00  100.00    0.00    0.00    0.00    0.00    0.00    0.00
12:22:50 AM  all    0.25    0.00    0.75   99.00    0.00    0.00    0.00    0.00    0.00    0.00
12:22:51 AM  all    0.00    0.00    0.25   99.75    0.00    0.00    0.00    0.00    0.00    0.00
12:22:52 AM  all    0.00    0.00    0.75   99.25    0.00    0.00    0.00    0.00    0.00    0.00
12:22:53 AM  all    0.00    0.00    0.00  100.00    0.00    0.00    0.00    0.00    0.00    0.00
12:22:54 AM  all    0.00    0.00    0.00  100.00    0.00    0.00    0.00    0.00    0.00    0.00
12:22:55 AM  all    0.00    0.00    1.24   98.76    0.00    0.00    0.00    0.00    0.00    0.00
12:22:56 AM  all    0.00    0.00    0.00  100.00    0.00    0.00    0.00    0.00    0.00    0.00
12:22:57 AM  all    0.00    0.00    0.25   99.75    0.00    0.00    0.00    0.00    0.00    0.00
12:22:58 AM  all    0.00    0.00    0.25   99.75    0.00    0.00    0.00    0.00    0.00    0.00
12:22:59 AM  all    0.00    0.00    0.00  100.00    0.00    0.00    0.00    0.00    0.00    0.00
12:23:00 AM  all    0.00    0.00    0.00  100.00    0.00    0.00    0.00    0.00    0.00    0.00
12:23:01 AM  all    0.25    0.00    0.25   99.50    0.00    0.00    0.00    0.00    0.00    0.00
12:23:02 AM  all    0.25    0.00    0.00   99.75    0.00    0.00    0.00    0.00    0.00    0.00
12:23:03 AM  all    0.00    0.00    0.25   99.75    0.00    0.00    0.00    0.00    0.00    0.00
12:23:04 AM  all    0.00    0.00    0.25   99.75    0.00    0.00    0.00    0.00    0.00    0.00
12:23:05 AM  all    0.00    0.00    0.00  100.00    0.00    0.00    0.00    0.00    0.00    0.00
12:23:06 AM  all    0.00    0.00    0.00  100.00    0.00    0.00    0.00    0.00    0.00    0.00
12:23:07 AM  all    0.00    0.00    0.75   99.25    0.00    0.00    0.00    0.00    0.00    0.00
12:23:08 AM  all    0.00    0.00    0.00   77.94    0.00    0.00    0.00    0.00    0.00   22.06
12:23:09 AM  all    0.25    0.00    0.75   98.76    0.00    0.25    0.00    0.00    0.00    0.00
12:23:10 AM  all    0.00    0.00    0.50   99.50    0.00    0.00    0.00    0.00    0.00    0.00
12:23:11 AM  all    1.75    0.00    0.25   97.99    0.00    0.00    0.00    0.00    0.00    0.00
12:23:12 AM  all    0.00    0.00    0.75   99.25    0.00    0.00    0.00    0.00    0.00    0.00
12:23:13 AM  all    0.00    0.00    0.25   99.75    0.00    0.00    0.00    0.00    0.00    0.00
12:23:14 AM  all    0.00    0.00    0.50   99.50    0.00    0.00    0.00    0.00    0.00    0.00
12:23:15 AM  all    0.25    0.00    0.25   99.50    0.00    0.00    0.00    0.00    0.00    0.00
12:23:16 AM  all    0.00    0.00    0.00  100.00    0.00    0.00    0.00    0.00    0.00    0.00
12:23:17 AM  all    0.00    0.00    0.00  100.00    0.00    0.00    0.00    0.00    0.00    0.00
12:23:18 AM  all    0.00    0.00    0.50   99.50    0.00    0.00    0.00    0.00    0.00    0.00
12:23:19 AM  all    0.00    0.00    0.00  100.00    0.00    0.00    0.00    0.00    0.00    0.00
12:23:20 AM  all    0.00    0.00    0.00  100.00    0.00    0.00    0.00    0.00    0.00    0.00
12:23:21 AM  all    0.25    0.00    0.25   99.50    0.00    0.00    0.00    0.00    0.00    0.00
12:23:22 AM  all    0.25    0.00    0.50   99.26    0.00    0.00    0.00    0.00    0.00    0.00
12:23:23 AM  all    0.00    0.00    0.50   99.50    0.00    0.00    0.00    0.00    0.00    0.00
12:23:24 AM  all    0.00    0.00    0.25   99.75    0.00    0.00    0.00    0.00    0.00    0.00
12:23:25 AM  all    0.25    0.00    0.00   99.75    0.00    0.00    0.00    0.00    0.00    0.00
12:23:26 AM  all    0.00    0.00    0.00  100.00    0.00    0.00    0.00    0.00    0.00    0.00
12:23:27 AM  all    0.00    0.00    0.00  100.00    0.00    0.00    0.00    0.00    0.00    0.00
12:23:28 AM  all    0.00    0.00    0.25   99.75    0.00    0.00    0.00    0.00    0.00    0.00
12:23:29 AM  all    0.00    0.00    0.00  100.00    0.00    0.00    0.00    0.00    0.00    0.00
12:23:30 AM  all    0.00    0.00    0.00  100.00    0.00    0.00    0.00    0.00    0.00    0.00
12:23:31 AM  all    0.00    0.00    0.00  100.00    0.00    0.00    0.00    0.00    0.00    0.00
12:23:32 AM  all    0.00    0.00    0.50   99.50    0.00    0.00    0.00    0.00    0.00    0.00
12:23:33 AM  all    0.00    0.00    0.00  100.00    0.00    0.00    0.00    0.00    0.00    0.00
12:23:34 AM  all    0.00    0.00    0.25   99.75    0.00    0.00    0.00    0.00    0.00    0.00
12:23:35 AM  all    0.00    0.00    0.50   76.75    0.00    0.00    0.00    0.00    0.00   22.75
12:23:36 AM  all    0.00    0.00    0.00  100.00    0.00    0.00    0.00    0.00    0.00    0.00
12:23:37 AM  all    0.00    0.00    0.25   99.75    0.00    0.00    0.00    0.00    0.00    0.00
12:23:38 AM  all    0.00    0.00    0.75   99.25    0.00    0.00    0.00    0.00    0.00    0.00
12:23:39 AM  all    0.00    0.00    0.00  100.00    0.00    0.00    0.00    0.00    0.00    0.00
12:23:40 AM  all    0.00    0.00    0.25   99.75    0.00    0.00    0.00    0.00    0.00    0.00
12:23:41 AM  all    0.00    0.00    0.75   99.25    0.00    0.00    0.00    0.00    0.00    0.00
12:23:42 AM  all    0.00    0.00    0.75   99.25    0.00    0.00    0.00    0.00    0.00    0.00
12:23:43 AM  all    0.25    0.00    0.00   99.75    0.00    0.00    0.00    0.00    0.00    0.00
12:23:44 AM  all    0.00    0.00    0.00  100.00    0.00    0.00    0.00    0.00    0.00    0.00
12:23:45 AM  all    0.00    0.00    0.25   99.75    0.00    0.00    0.00    0.00    0.00    0.00
12:23:46 AM  all    0.00    0.00    0.25   99.50    0.00    0.25    0.00    0.00    0.00    0.00
12:23:47 AM  all    0.00    0.00    0.00   76.88    0.00    0.00    0.00    0.00    0.00   23.12
12:23:48 AM  all    0.00    0.00    0.25   98.50    0.00    0.00    0.00    0.00    0.00    1.25
12:23:49 AM  all    0.00    0.00    0.25   74.81    0.00    0.00    0.00    0.00    0.00   24.94
12:23:50 AM  all    0.00    0.00    0.00   75.82    0.00    0.00    0.00    0.00    0.00   24.18
12:23:51 AM  all    0.25    0.00    0.25   16.54    0.00    0.00    0.00    0.00    0.00   82.96
12:23:52 AM  all    0.00    0.00    0.00    0.00    0.00    0.00    0.00    0.00    0.00  100.00
12:23:53 AM  all    0.00    0.00    0.00    0.00    0.00    0.00    0.00    0.00    0.00  100.00
12:23:54 AM  all    0.25    0.00    0.00    0.25    0.00    0.00    0.00    0.00    0.00   99.50
12:23:55 AM  all    0.00    0.00    0.00    0.00    0.00    0.00    0.00    0.00    0.00  100.00
12:23:56 AM  all    0.00    0.00    0.00    0.25    0.00    0.00    0.00    0.00    0.00   99.75
12:23:57 AM  all    0.25    0.00    0.00    0.00    0.00    0.00    0.00    0.00    0.00   99.75
12:23:58 AM  all    0.00    0.00    0.00    0.00    0.00    0.00    0.00    0.00    0.00  100.00
12:23:59 AM  all    0.25    0.00    0.25    0.00    0.00    0.00    0.00    0.00    0.00   99.50
12:24:00 AM  all    0.00    0.00    0.00    0.00    0.00    0.00    0.00    0.00    0.00  100.00
