Linux 5.15.0-173-generic (csb-bench-host-huawei) 	08/16/2026 	_x86_64_	(4 CPU)

03:00:21 AM  CPU    %usr   %nice    %sys %iowait    %irq   %soft  %steal  %guest  %gnice   %idle
03:00:22 AM  all    1.00    0.00    0.50   96.49    0.00    0.00    0.00    0.00    0.00    2.01
03:00:23 AM  all    0.00    0.00    0.00  100.00    0.00    0.00    0.00    0.00    0.00    0.00
03:00:24 AM  all    0.00    0.00    0.25   99.75    0.00    0.00    0.00    0.00    0.00    0.00
03:00:25 AM  all    0.00    0.00    0.00  100.00    0.00    0.00    0.00    0.00    0.00    0.00
03:00:26 AM  all    0.00    0.00    0.25   99.75    0.00    0.00    0.00    0.00    0.00    0.00
03:00:27 AM  all    0.00    0.00    0.25   99.75    0.00    0.00    0.00    0.00    0.00    0.00
03:00:28 AM  all    0.00    0.00    0.25   99.75    0.00    0.00    0.00    0.00    0.00    0.00
03:00:29 AM  all    0.25    0.00    0.00   99.75    0.00    0.00    0.00    0.00    0.00    0.00
03:00:30 AM  all    0.50    0.00    1.75   97.76    0.00    0.00    0.00    0.00    0.00    0.00
03:00:31 AM  all    0.00    0.00    0.00  100.00    0.00    0.00    0.00    0.00    0.00    0.00
03:00:32 AM  all    0.00    0.00    0.00  100.00    0.00    0.00    0.00    0.00    0.00    0.00
03:00:33 AM  all    0.00    0.00    0.00  100.00    0.00    0.00    0.00    0.00    0.00    0.00
03:00:34 AM  all    0.00    0.00    0.00  100.00    0.00    0.00    0.00    0.00    0.00    0.00
03:00:35 AM  all    0.00    0.00    0.25   99.75    0.00    0.00    0.00    0.00    0.00    0.00
03:00:36 AM  all    0.00    0.00    0.00  100.00    0.00    0.00    0.00    0.00    0.00    0.00
03:00:37 AM  all    0.25    0.00    0.00   99.50    0.00    0.25    0.00    0.00    0.00    0.00
03:00:38 AM  all    0.00    0.00    0.00  100.00    0.00    0.00    0.00    0.00    0.00    0.00
03:00:39 AM  all    0.00    0.00    0.50   99.50    0.00    0.00    0.00    0.00    0.00    0.00
03:00:40 AM  all    0.00    0.00    0.00  100.00    0.00    0.00    0.00    0.00    0.00    0.00
03:00:41 AM  all    0.00    0.00    0.25   99.75    0.00    0.00    0.00    0.00    0.00    0.00
03:00:42 AM  all    0.00    0.00    0.00  100.00    0.00    0.00    0.00    0.00    0.00    0.00
03:00:43 AM  all    0.00    0.00    0.25   99.75    0.00    0.00    0.00    0.00    0.00    0.00
03:00:44 AM  all    0.00    0.00    0.25   99.75    0.00    0.00    0.00    0.00    0.00    0.00
03:00:45 AM  all    0.00    0.00    0.25   99.75    0.00    0.00    0.00    0.00    0.00    0.00
03:00:46 AM  all    0.00    0.00    0.25   99.75    0.00    0.00    0.00    0.00    0.00    0.00
03:00:47 AM  all    0.00    0.00    0.00  100.00    0.00    0.00    0.00    0.00    0.00    0.00
03:00:48 AM  all    0.00    0.00    0.25   99.75    0.00    0.00    0.00    0.00    0.00    0.00
03:00:49 AM  all    0.00    0.00    0.00  100.00    0.00    0.00    0.00    0.00    0.00    0.00
03:00:50 AM  all    0.00    0.00    0.25   99.75    0.00    0.00    0.00    0.00    0.00    0.00
03:00:51 AM  all    0.00    0.00    0.25   99.75    0.00    0.00    0.00    0.00    0.00    0.00
03:00:52 AM  all    0.00    0.00    0.00  100.00    0.00    0.00    0.00    0.00    0.00    0.00
03:00:53 AM  all    0.00    0.00    0.50   99.25    0.00    0.25    0.00    0.00    0.00    0.00
03:00:54 AM  all    0.00    0.00    0.00  100.00    0.00    0.00    0.00    0.00    0.00    0.00
03:00:55 AM  all    0.00    0.00    0.50   99.50    0.00    0.00    0.00    0.00    0.00    0.00
03:00:56 AM  all    0.00    0.00    0.00   77.19    0.00    0.00    0.00    0.00    0.00   22.81
03:00:57 AM  all    0.00    0.00    0.00   98.24    0.00    0.00    0.00    0.00    0.00    1.76
03:00:58 AM  all    0.00    0.00    0.25   99.75    0.00    0.00    0.00    0.00    0.00    0.00
03:00:59 AM  all    0.00    0.00    0.00  100.00    0.00    0.00    0.00    0.00    0.00    0.00
03:01:00 AM  all    0.00    0.00    0.25   99.75    0.00    0.00    0.00    0.00    0.00    0.00
03:01:01 AM  all    0.00    0.00    0.25   99.75    0.00    0.00    0.00    0.00    0.00    0.00
03:01:02 AM  all    0.00    0.00    0.00  100.00    0.00    0.00    0.00    0.00    0.00    0.00
03:01:03 AM  all    0.00    0.00    0.00  100.00    0.00    0.00    0.00    0.00    0.00    0.00
03:01:04 AM  all    0.00    0.00    0.25   99.75    0.00    0.00    0.00    0.00    0.00    0.00
03:01:05 AM  all    0.00    0.00    0.00  100.00    0.00    0.00    0.00    0.00    0.00    0.00
03:01:06 AM  all    0.00    0.00    0.00  100.00    0.00    0.00    0.00    0.00    0.00    0.00
03:01:07 AM  all    0.00    0.00    0.00  100.00    0.00    0.00    0.00    0.00    0.00    0.00
03:01:08 AM  all    0.00    0.00    0.50   99.50    0.00    0.00    0.00    0.00    0.00    0.00
03:01:09 AM  all    0.00    0.00    0.50   99.50    0.00    0.00    0.00    0.00    0.00    0.00
03:01:10 AM  all    0.50    0.00    1.00   98.50    0.00    0.00    0.00    0.00    0.00    0.00
03:01:11 AM  all    0.00    0.00    0.00  100.00    0.00    0.00    0.00    0.00    0.00    0.00
03:01:12 AM  all    0.00    0.00    0.00  100.00    0.00    0.00    0.00    0.00    0.00    0.00
03:01:13 AM  all    0.00    0.00    0.25   99.25    0.00    0.00    0.00    0.00    0.00    0.50
03:01:14 AM  all    0.00    0.00    0.00  100.00    0.00    0.00    0.00    0.00    0.00    0.00
03:01:15 AM  all    0.00    0.00    0.00  100.00    0.00    0.00    0.00    0.00    0.00    0.00
03:01:16 AM  all    0.00    0.00    0.25   99.75    0.00    0.00    0.00    0.00    0.00    0.00
03:01:17 AM  all    0.00    0.00    0.00  100.00    0.00    0.00    0.00    0.00    0.00    0.00
03:01:18 AM  all    0.00    0.00    0.25   99.75    0.00    0.00    0.00    0.00    0.00    0.00
03:01:19 AM  all    0.00    0.00    0.00   98.50    0.00    0.00    0.00    0.00    0.00    1.50
03:01:20 AM  all    0.00    0.00    0.00  100.00    0.00    0.00    0.00    0.00    0.00    0.00
03:01:21 AM  all    0.00    0.00    0.50   99.25    0.00    0.25    0.00    0.00    0.00    0.00
03:01:22 AM  all    0.00    0.00    0.25   99.75    0.00    0.00    0.00    0.00    0.00    0.00
03:01:23 AM  all    0.00    0.00    0.25   99.75    0.00    0.00    0.00    0.00    0.00    0.00
03:01:24 AM  all    0.00    0.00    0.25   99.75    0.00    0.00    0.00    0.00    0.00    0.00
03:01:25 AM  all    0.50    0.00    0.25   99.25    0.00    0.00    0.00    0.00    0.00    0.00
03:01:26 AM  all    0.00    0.00    0.00  100.00    0.00    0.00    0.00    0.00    0.00    0.00
03:01:27 AM  all    0.00    0.00    0.25   99.75    0.00    0.00    0.00    0.00    0.00    0.00
03:01:28 AM  all    0.00    0.00    0.25   99.75    0.00    0.00    0.00    0.00    0.00    0.00
03:01:29 AM  all    0.00    0.00    0.00  100.00    0.00    0.00    0.00    0.00    0.00    0.00
03:01:30 AM  all    0.00    0.00    0.25   99.75    0.00    0.00    0.00    0.00    0.00    0.00
03:01:31 AM  all    0.50    0.00    0.00   99.50    0.00    0.00    0.00    0.00    0.00    0.00
03:01:32 AM  all    0.00    0.00    0.00  100.00    0.00    0.00    0.00    0.00    0.00    0.00
03:01:33 AM  all    0.00    0.00    0.00  100.00    0.00    0.00    0.00    0.00    0.00    0.00
03:01:34 AM  all    0.00    0.00    0.50   99.50    0.00    0.00    0.00    0.00    0.00    0.00
03:01:35 AM  all    0.00    0.00    0.00  100.00    0.00    0.00    0.00    0.00    0.00    0.00
03:01:36 AM  all    0.00    0.00    0.25   99.75    0.00    0.00    0.00    0.00    0.00    0.00
03:01:37 AM  all    0.00    0.00    0.25   99.75    0.00    0.00    0.00    0.00    0.00    0.00
03:01:38 AM  all    0.00    0.00    0.25   99.75    0.00    0.00    0.00    0.00    0.00    0.00
03:01:39 AM  all    0.00    0.00    0.00  100.00    0.00    0.00    0.00    0.00    0.00    0.00
03:01:40 AM  all    0.25    0.00    0.50   99.25    0.00    0.00    0.00    0.00    0.00    0.00
03:01:41 AM  all    0.00    0.00    0.25   99.75    0.00    0.00    0.00    0.00    0.00    0.00
03:01:42 AM  all    0.00    0.00    0.00   79.15    0.00    0.00    0.00    0.00    0.00   20.85
03:01:43 AM  all    0.00    0.00    0.25   74.69    0.00    0.00    0.00    0.00    0.00   25.06
03:01:44 AM  all    0.00    0.00    0.00   74.94    0.00    0.00    0.00    0.00    0.00   25.06
03:01:45 AM  all    0.00    0.00    0.00   74.94    0.00    0.00    0.00    0.00    0.00   25.06
03:01:46 AM  all    0.00    0.00    0.25   95.76    0.00    0.00    0.00    0.00    0.00    3.99
03:01:47 AM  all    0.00    0.00    0.25   99.75    0.00    0.00    0.00    0.00    0.00    0.00
03:01:48 AM  all    0.00    0.00    0.00  100.00    0.00    0.00    0.00    0.00    0.00    0.00
03:01:49 AM  all    0.25    0.00    0.25   99.50    0.00    0.00    0.00    0.00    0.00    0.00
03:01:50 AM  all    0.00    0.00    0.25   99.75    0.00    0.00    0.00    0.00    0.00    0.00
03:01:51 AM  all    0.00    0.00    0.25   99.75    0.00    0.00    0.00    0.00    0.00    0.00
03:01:52 AM  all    0.00    0.00    0.00  100.00    0.00    0.00    0.00    0.00    0.00    0.00
03:01:53 AM  all    0.00    0.00    0.00  100.00    0.00    0.00    0.00    0.00    0.00    0.00
03:01:54 AM  all    0.00    0.00    0.25   99.75    0.00    0.00    0.00    0.00    0.00    0.00
03:01:55 AM  all    0.00    0.00    0.25   99.75    0.00    0.00    0.00    0.00    0.00    0.00
03:01:56 AM  all    0.00    0.00    0.25   99.75    0.00    0.00    0.00    0.00    0.00    0.00
03:01:57 AM  all    0.00    0.00    0.00  100.00    0.00    0.00    0.00    0.00    0.00    0.00
03:01:58 AM  all    0.00    0.00    0.00  100.00    0.00    0.00    0.00    0.00    0.00    0.00
03:01:59 AM  all    0.00    0.00    0.00  100.00    0.00    0.00    0.00    0.00    0.00    0.00
03:02:00 AM  all    0.25    0.00    0.25   77.19    0.00    0.00    0.00    0.00    0.00   22.31
03:02:01 AM  all    0.00    0.00    0.50   74.50    0.00    0.00    0.00    0.00    0.00   25.00
03:02:02 AM  all    0.00    0.00    0.00   74.94    0.00    0.00    0.00    0.00    0.00   25.06
03:02:03 AM  all    0.00    0.00    0.25   74.69    0.00    0.25    0.00    0.00    0.00   24.81
03:02:04 AM  all    0.00    0.00    0.00   74.94    0.00    0.00    0.00    0.00    0.00   25.06
03:02:05 AM  all    0.00    0.00    0.00   98.25    0.00    0.00    0.00    0.00    0.00    1.75
03:02:06 AM  all    0.00    0.00    0.00  100.00    0.00    0.00    0.00    0.00    0.00    0.00
03:02:07 AM  all    0.25    0.00    0.50   99.25    0.00    0.00    0.00    0.00    0.00    0.00
03:02:08 AM  all    0.00    0.00    0.50   98.75    0.00    0.00    0.00    0.00    0.00    0.75
03:02:09 AM  all    0.00    0.00    0.00  100.00    0.00    0.00    0.00    0.00    0.00    0.00
03:02:10 AM  all    0.75    0.00    1.00   98.25    0.00    0.00    0.00    0.00    0.00    0.00
03:02:11 AM  all    0.00    0.00    0.00   78.14    0.00    0.00    0.00    0.00    0.00   21.86
03:02:12 AM  all    0.00    0.00    0.00   75.00    0.00    0.00    0.00    0.00    0.00   25.00
03:02:13 AM  all    0.00    0.00    0.75   98.25    0.00    0.00    0.00    0.00    0.00    1.00
03:02:14 AM  all    0.00    0.00    0.00  100.00    0.00    0.00    0.00    0.00    0.00    0.00
03:02:15 AM  all    0.00    0.00    0.25   78.25    0.00    0.25    0.00    0.00    0.00   21.25
03:02:16 AM  all    0.00    0.00    0.00   98.75    0.00    0.00    0.00    0.00    0.00    1.25
03:02:17 AM  all    0.00    0.00    0.00  100.00    0.00    0.00    0.00    0.00    0.00    0.00
03:02:18 AM  all    0.00    0.00    0.00   56.14    0.00    0.00    0.00    0.00    0.00   43.86
03:02:19 AM  all    0.25    0.00    0.00    4.02    0.00    0.00    0.00    0.00    0.00   95.73
03:02:20 AM  all    0.00    0.00    0.00    0.25    0.00    0.00    0.00    0.00    0.00   99.75
03:02:21 AM  all    0.00    0.00    0.00    0.00    0.00    0.00    0.00    0.00    0.00  100.00
03:02:22 AM  all    0.25    0.00    0.00    0.25    0.00    0.00    0.00    0.00    0.00   99.50
03:02:23 AM  all    0.00    0.00    0.00    0.00    0.00    0.00    0.00    0.00    0.00  100.00
03:02:24 AM  all    0.00    0.00    0.00    0.00    0.00    0.00    0.00    0.00    0.00  100.00
03:02:25 AM  all    0.00    0.00    0.00    0.00    0.00    0.00    0.00    0.00    0.00  100.00
03:02:26 AM  all    0.00    0.00    0.00    0.00    0.00    0.00    0.00    0.00    0.00  100.00
03:02:27 AM  all    0.00    0.00    0.00    0.00    0.00    0.00    0.00    0.00    0.00  100.00
03:02:28 AM  all    0.00    0.00    0.00    0.25    0.00    0.00    0.00    0.00    0.00   99.75
