Linux 5.15.0-173-generic (csb-bench-host-huawei) 	08/17/2026 	_x86_64_	(4 CPU)

06:06:54 AM  CPU    %usr   %nice    %sys %iowait    %irq   %soft  %steal  %guest  %gnice   %idle
06:06:55 AM  all    1.25    0.00    0.50   23.56    0.00    0.00    0.00    0.00    0.00   74.69
06:06:56 AM  all    0.75    0.00    0.75   23.50    0.00    0.00    0.00    0.00    0.00   75.00
06:06:57 AM  all    0.75    0.00    0.50   23.75    0.00    0.00    0.00    0.00    0.00   75.00
06:06:58 AM  all    0.75    0.00    1.00   23.50    0.00    0.00    0.00    0.00    0.00   74.75
06:06:59 AM  all    1.25    0.00    0.25   23.56    0.00    0.00    0.00    0.00    0.00   74.94
06:07:00 AM  all    0.75    0.00    1.00   23.88    0.00    0.00    0.00    0.00    0.00   74.38
06:07:01 AM  all    0.25    0.00    0.50   23.68    0.00    0.25    0.00    0.00    0.00   75.31
06:07:02 AM  all    0.00    0.00    0.00   24.11    0.00    0.00    0.00    0.00    0.00   75.89
06:07:03 AM  all    0.50    0.00    0.75   23.81    0.00    0.00    0.00    0.00    0.00   74.94
06:07:04 AM  all    0.25    0.00    0.25   23.99    0.00    0.00    0.00    0.00    0.00   75.51
06:07:05 AM  all    0.50    0.00    0.50   23.81    0.00    0.00    0.00    0.00    0.00   75.19
06:07:06 AM  all    1.00    0.00    0.25   23.81    0.00    0.00    0.00    0.00    0.00   74.94
06:07:07 AM  all    0.25    0.00    0.25   24.12    0.00    0.00    0.00    0.00    0.00   75.38
06:07:08 AM  all    0.75    0.00    0.50   23.81    0.00    0.00    0.00    0.00    0.00   74.94
06:07:09 AM  all    0.25    0.00    0.51   23.80    0.00    0.00    0.00    0.00    0.00   75.44
06:07:10 AM  all    1.00    0.00    0.50   23.50    0.00    0.00    0.00    0.00    0.00   75.00
06:07:11 AM  all    1.76    0.00    0.25   23.68    0.00    0.00    0.00    0.00    0.00   74.31
06:07:12 AM  all    0.75    0.00    1.00   23.69    0.00    0.00    0.00    0.00    0.00   74.56
06:07:13 AM  all    1.00    0.00    0.25   23.56    0.00    0.00    0.00    0.00    0.00   75.19
06:07:14 AM  all    0.75    0.00    0.75   23.37    0.00    0.00    0.00    0.00    0.00   75.13
06:07:15 AM  all    0.50    0.00    0.75   23.94    0.00    0.00    0.00    0.00    0.00   74.81
06:07:16 AM  all    1.00    0.00    0.25   23.75    0.00    0.00    0.00    0.00    0.00   75.00
06:07:17 AM  all    0.51    0.00    0.51   23.74    0.00    0.00    0.00    0.00    0.00   75.25
06:07:18 AM  all    0.75    0.00    0.50   23.87    0.00    0.00    0.00    0.00    0.00   74.87
06:07:19 AM  all    0.50    0.00    0.25   23.93    0.00    0.00    0.00    0.00    0.00   75.31
06:07:20 AM  all    1.25    0.00    0.50   23.75    0.00    0.00    0.00    0.00    0.00   74.50
06:07:21 AM  all    0.50    0.00    1.25   23.56    0.00    0.00    0.00    0.00    0.00   74.69
06:07:22 AM  all    0.75    0.00    1.25   23.94    0.00    0.00    0.00    0.00    0.00   74.06
06:07:23 AM  all    0.99    0.00    0.99   23.57    0.00    0.25    0.00    0.00    0.00   74.19
06:07:24 AM  all    0.25    0.00    0.25   23.80    0.00    0.00    0.00    0.00    0.00   75.70
06:07:25 AM  all    0.75    0.00    1.00   23.69    0.00    0.00    0.00    0.00    0.00   74.56
06:07:26 AM  all    0.51    0.00    0.25   23.74    0.00    0.00    0.00    0.00    0.00   75.51
06:07:27 AM  all    0.76    0.00    0.50   23.93    0.00    0.00    0.00    0.00    0.00   74.81
06:07:28 AM  all    0.75    0.00    0.50   23.81    0.00    0.00    0.00    0.00    0.00   74.94
06:07:29 AM  all    1.00    0.00    0.50   23.56    0.00    0.00    0.00    0.00    0.00   74.94
06:07:30 AM  all    0.75    0.00    0.75   23.56    0.00    0.00    0.00    0.00    0.00   74.94
06:07:31 AM  all    0.50    0.00    0.75   24.12    0.00    0.00    0.00    0.00    0.00   74.62
06:07:32 AM  all    1.01    0.00    0.25   23.87    0.00    0.00    0.00    0.00    0.00   74.87
06:07:33 AM  all    0.25    0.00    0.51   23.99    0.00    0.00    0.00    0.00    0.00   75.25
06:07:34 AM  all    0.50    0.00    0.50   23.68    0.00    0.00    0.00    0.00    0.00   75.31
06:07:35 AM  all    0.51    0.00    0.25   23.99    0.00    0.00    0.00    0.00    0.00   75.25
06:07:36 AM  all    0.25    0.00    0.50   24.06    0.00    0.25    0.00    0.00    0.00   74.94
06:07:37 AM  all    1.01    0.00    0.00   23.74    0.00    0.00    0.00    0.00    0.00   75.25
06:07:38 AM  all    0.50    0.00    0.75   23.94    0.00    0.25    0.00    0.00    0.00   74.56
06:07:39 AM  all    0.50    0.00    0.25   23.93    0.00    0.00    0.00    0.00    0.00   75.31
06:07:40 AM  all    0.76    0.00    0.25   23.93    0.00    0.00    0.00    0.00    0.00   75.06
06:07:41 AM  all    1.00    0.00    0.75   23.56    0.00    0.00    0.00    0.00    0.00   74.69
06:07:42 AM  all    1.00    0.00    0.50   23.75    0.00    0.00    0.00    0.00    0.00   74.75
06:07:43 AM  all    0.50    0.00    0.76   23.68    0.00    0.00    0.00    0.00    0.00   75.06
06:07:44 AM  all    1.25    0.00    0.50   23.75    0.00    0.00    0.00    0.00    0.00   74.50
06:07:45 AM  all    1.00    0.00    0.50   23.75    0.00    0.00    0.00    0.00    0.00   74.75
06:07:46 AM  all    0.50    0.00    0.50   23.93    0.00    0.00    0.00    0.00    0.00   75.06
06:07:47 AM  all    0.50    0.00    0.25   23.93    0.00    0.00    0.00    0.00    0.00   75.31
06:07:48 AM  all    0.51    0.00    0.25   23.99    0.00    0.00    0.00    0.00    0.00   75.25
06:07:49 AM  all    0.50    0.00    0.75   23.62    0.00    0.00    0.00    0.00    0.00   75.13
06:07:50 AM  all    1.00    0.00    1.00   23.69    0.00    0.00    0.00    0.00    0.00   74.31
06:07:51 AM  all    0.50    0.00    0.25   23.93    0.00    0.00    0.00    0.00    0.00   75.31
06:07:52 AM  all    0.76    0.00    0.50   23.68    0.00    0.00    0.00    0.00    0.00   75.06
06:07:53 AM  all    0.75    0.00    0.25   23.87    0.00    0.00    0.00    0.00    0.00   75.13
06:07:54 AM  all    1.01    0.00    0.00   23.99    0.00    0.00    0.00    0.00    0.00   75.00
06:07:55 AM  all    0.50    0.00    0.75   23.81    0.00    0.00    0.00    0.00    0.00   74.94
06:07:56 AM  all    0.50    0.00    0.75   23.37    0.00    0.00    0.00    0.00    0.00   75.38
06:07:57 AM  all    0.25    0.00    1.00   23.75    0.00    0.00    0.00    0.00    0.00   75.00
06:07:58 AM  all    0.25    0.00    0.51   23.99    0.00    0.00    0.00    0.00    0.00   75.25
06:07:59 AM  all    0.75    0.00    0.25   23.87    0.00    0.25    0.00    0.00    0.00   74.87
06:08:00 AM  all    1.49    0.00    0.74   23.51    0.00    0.00    0.00    0.00    0.00   74.26
06:08:01 AM  all    1.00    0.00    0.50   23.50    0.00    0.00    0.00    0.00    0.00   75.00
06:08:02 AM  all    0.25    0.00    0.25   23.80    0.00    0.00    0.00    0.00    0.00   75.70
06:08:03 AM  all    0.75    0.00    0.50   24.06    0.00    0.00    0.00    0.00    0.00   74.69
06:08:04 AM  all    1.24    0.00    0.50   23.82    0.00    0.25    0.00    0.00    0.00   74.19
06:08:05 AM  all    0.76    0.00    0.00   23.99    0.00    0.00    0.00    0.00    0.00   75.25
06:08:06 AM  all    1.00    0.00    0.50   23.75    0.00    0.00    0.00    0.00    0.00   74.75
06:08:07 AM  all    0.75    0.00    0.50   23.62    0.00    0.00    0.00    0.00    0.00   75.13
06:08:08 AM  all    0.50    0.00    0.50   24.06    0.00    0.00    0.00    0.00    0.00   74.94
06:08:09 AM  all    0.75    0.00    0.50   23.81    0.00    0.00    0.00    0.00    0.00   74.94
06:08:10 AM  all    0.76    0.00    0.50   23.68    0.00    0.00    0.00    0.00    0.00   75.06
06:08:11 AM  all    1.77    0.00    0.25   23.99    0.00    0.00    0.00    0.00    0.00   73.99
06:08:12 AM  all    0.75    0.00    0.75   23.75    0.00    0.00    0.00    0.00    0.00   74.75
06:08:13 AM  all    1.01    0.00    0.50   23.62    0.00    0.00    0.00    0.00    0.00   74.87
06:08:14 AM  all    0.76    0.00    0.50   23.93    0.00    0.00    0.00    0.00    0.00   74.81
06:08:15 AM  all    0.75    0.00    0.25   24.06    0.00    0.00    0.00    0.00    0.00   74.94
06:08:16 AM  all    1.00    0.00    0.25   23.81    0.00    0.00    0.00    0.00    0.00   74.94
06:08:17 AM  all    0.76    0.00    0.25   23.93    0.00    0.00    0.00    0.00    0.00   75.06
06:08:18 AM  all    1.00    0.00    1.24   23.38    0.00    0.00    0.00    0.00    0.00   74.38
06:08:19 AM  all    0.76    0.00    0.50   23.68    0.00    0.00    0.00    0.00    0.00   75.06
06:08:20 AM  all    1.00    0.00    0.75   23.50    0.00    0.00    0.00    0.00    0.00   74.75
06:08:21 AM  all    0.50    0.00    0.50   24.06    0.00    0.00    0.00    0.00    0.00   74.94
06:08:22 AM  all    0.76    0.00    0.76   23.43    0.00    0.00    0.00    0.00    0.00   75.06
06:08:23 AM  all    0.50    0.00    0.75   23.81    0.00    0.00    0.00    0.00    0.00   74.94
06:08:24 AM  all    0.75    0.00    1.01   23.37    0.00    0.00    0.00    0.00    0.00   74.87
06:08:25 AM  all    1.49    0.00    0.74   24.75    0.00    0.00    0.00    0.00    0.00   73.02
06:08:26 AM  all    1.25    0.00    1.00   23.44    0.00    0.00    0.00    0.00    0.00   74.31
06:08:27 AM  all    1.00    0.00    1.00   23.25    0.00    0.00    0.00    0.00    0.00   74.75
06:08:28 AM  all    0.50    0.00    0.75   23.81    0.00    0.00    0.00    0.00    0.00   74.94
06:08:29 AM  all    1.00    0.00    0.50   23.75    0.00    0.00    0.00    0.00    0.00   74.75
06:08:30 AM  all    0.50    0.00    1.00   23.56    0.00    0.00    0.00    0.00    0.00   74.94
06:08:31 AM  all    0.25    0.00    0.51   23.86    0.00    0.00    0.00    0.00    0.00   75.38
06:08:32 AM  all    0.76    0.00    0.50   23.68    0.00    0.00    0.00    0.00    0.00   75.06
06:08:33 AM  all    1.00    0.00    1.00   23.44    0.00    0.00    0.00    0.00    0.00   74.56
06:08:34 AM  all    0.25    0.00    0.50   23.62    0.00    0.25    0.00    0.00    0.00   75.38
06:08:35 AM  all    1.00    0.00    0.50   23.75    0.00    0.00    0.00    0.00    0.00   74.75
06:08:36 AM  all    1.25    0.00    0.75   23.50    0.00    0.00    0.00    0.00    0.00   74.50
06:08:37 AM  all    0.50    0.00    0.76   23.43    0.00    0.00    0.00    0.00    0.00   75.31
06:08:38 AM  all    0.76    0.00    0.50   23.68    0.00    0.00    0.00    0.00    0.00   75.06
06:08:39 AM  all    0.75    0.00    1.00   23.69    0.00    0.00    0.00    0.00    0.00   74.56
06:08:40 AM  all    0.50    0.00    1.00   23.50    0.00    0.00    0.00    0.00    0.00   75.00
06:08:41 AM  all    0.51    0.00    0.51   23.74    0.00    0.00    0.00    0.00    0.00   75.25
06:08:42 AM  all    1.25    0.00    1.75   23.50    0.00    0.00    0.00    0.00    0.00   73.50
06:08:43 AM  all    0.25    0.00    0.75   23.62    0.00    0.00    0.00    0.00    0.00   75.38
06:08:44 AM  all    0.75    0.00    0.75   23.81    0.00    0.00    0.00    0.00    0.00   74.69
06:08:45 AM  all    0.51    0.00    0.25   23.80    0.00    0.00    0.00    0.00    0.00   75.44
06:08:46 AM  all    0.75    0.00    0.75   23.56    0.00    0.00    0.00    0.00    0.00   74.94
06:08:47 AM  all    1.00    0.00    0.50   23.56    0.00    0.00    0.00    0.00    0.00   74.94
06:08:48 AM  all    0.50    0.00    0.75   23.62    0.00    0.00    0.00    0.00    0.00   75.13
06:08:49 AM  all    0.75    0.00    0.50   23.81    0.00    0.00    0.00    0.00    0.00   74.94
06:08:50 AM  all    0.75    0.00    0.75   23.62    0.00    0.00    0.00    0.00    0.00   74.87
06:08:51 AM  all    0.50    0.00    0.75   23.81    0.00    0.00    0.00    0.00    0.00   74.94
06:08:52 AM  all    0.51    0.00    0.00   23.86    0.00    0.00    0.00    0.00    0.00   75.63
06:08:53 AM  all    0.25    0.00    0.75   23.62    0.00    0.25    0.00    0.00    0.00   75.13
06:08:54 AM  all    0.25    0.00    1.01   23.62    0.00    0.00    0.00    0.00    0.00   75.13
06:08:55 AM  all    0.75    0.00    0.25   24.12    0.00    0.00    0.00    0.00    0.00   74.87
06:08:56 AM  all    0.50    0.00    1.01   23.62    0.00    0.00    0.00    0.00    0.00   74.87
06:08:57 AM  all    1.00    0.00    0.50   23.81    0.00    0.00    0.00    0.00    0.00   74.69
06:08:58 AM  all    0.25    0.00    0.76   23.48    0.00    0.00    0.00    0.00    0.00   75.51
06:08:59 AM  all    1.00    0.00    0.75   23.50    0.00    0.00    0.00    0.00    0.00   74.75
06:09:00 AM  all    0.50    0.00    0.50   23.87    0.00    0.00    0.00    0.00    0.00   75.13
06:09:01 AM  all    0.50    0.00    0.76   23.93    0.00    0.00    0.00    0.00    0.00   74.81
06:09:02 AM  all    1.24    0.00    0.75   23.38    0.00    0.00    0.00    0.00    0.00   74.63
06:09:03 AM  all    0.25    0.00    0.76   23.74    0.00    0.00    0.00    0.00    0.00   75.25
06:09:04 AM  all    0.75    0.00    1.00   23.56    0.00    0.00    0.00    0.00    0.00   74.69
06:09:05 AM  all    1.00    0.00    0.75   23.63    0.00    0.00    0.00    0.00    0.00   74.63
06:09:06 AM  all    1.25    0.00    0.50   23.81    0.00    0.00    0.00    0.00    0.00   74.44
06:09:07 AM  all    0.50    0.00    0.75   23.62    0.00    0.00    0.00    0.00    0.00   75.13
06:09:08 AM  all    0.25    0.00    0.51   23.74    0.00    0.00    0.00    0.00    0.00   75.51
06:09:09 AM  all    0.50    0.00    0.25   23.93    0.00    0.00    0.00    0.00    0.00   75.31
06:09:10 AM  all    0.25    0.00    0.50   23.68    0.00    0.00    0.00    0.00    0.00   75.57
06:09:11 AM  all    2.00    0.00    0.75   23.75    0.00    0.25    0.00    0.00    0.00   73.25
06:09:12 AM  all    0.50    0.00    0.75   23.62    0.00    0.00    0.00    0.00    0.00   75.13
06:09:13 AM  all    0.50    0.00    0.75   23.81    0.00    0.00    0.00    0.00    0.00   74.94
06:09:14 AM  all    1.00    0.00    0.75   23.69    0.00    0.00    0.00    0.00    0.00   74.56
06:09:15 AM  all    1.01    0.00    0.25   23.87    0.00    0.00    0.00    0.00    0.00   74.87
06:09:16 AM  all    0.75    0.00    0.75   23.56    0.00    0.25    0.00    0.00    0.00   74.69
06:09:17 AM  all    0.75    0.00    0.50   23.87    0.00    0.00    0.00    0.00    0.00   74.87
06:09:18 AM  all    1.00    0.00    1.00   23.44    0.00    0.00    0.00    0.00    0.00   74.56
06:09:19 AM  all    0.51    0.00    0.25   23.74    0.00    0.00    0.00    0.00    0.00   75.51
06:09:20 AM  all    0.25    0.00    1.01   23.68    0.00    0.00    0.00    0.00    0.00   75.06
06:09:21 AM  all    0.75    0.00    0.75   23.56    0.00    0.00    0.00    0.00    0.00   74.94
06:09:22 AM  all    1.00    0.00    0.75   23.50    0.00    0.00    0.00    0.00    0.00   74.75
06:09:23 AM  all    1.00    0.00    0.50   23.81    0.00    0.00    0.00    0.00    0.00   74.69
06:09:24 AM  all    0.25    0.00    1.00   23.81    0.00    0.00    0.00    0.00    0.00   74.94
06:09:25 AM  all    0.50    0.00    1.01   23.43    0.00    0.00    0.00    0.00    0.00   75.06
06:09:26 AM  all    0.25    0.00    1.00   23.81    0.00    0.00    0.00    0.00    0.00   74.94
06:09:27 AM  all    0.75    0.00    0.50   23.37    0.00    0.00    0.00    0.00    0.00   75.38
06:09:28 AM  all    0.50    0.00    0.75   23.62    0.00    0.00    0.00    0.00    0.00   75.13
06:09:29 AM  all    0.75    0.00    1.00   23.75    0.00    0.00    0.00    0.00    0.00   74.50
06:09:30 AM  all    0.75    0.00    0.50   24.00    0.00    0.00    0.00    0.00    0.00   74.75
06:09:31 AM  all    0.50    0.00    0.50   23.87    0.00    0.00    0.00    0.00    0.00   75.13
06:09:32 AM  all    0.75    0.00    0.50   23.62    0.00    0.00    0.00    0.00    0.00   75.13
06:09:33 AM  all    0.25    0.00    0.76   23.74    0.00    0.00    0.00    0.00    0.00   75.25
06:09:34 AM  all    0.25    0.00    1.25   23.75    0.00    0.00    0.00    0.00    0.00   74.75
06:09:35 AM  all    1.25    0.00    1.00   23.44    0.00    0.00    0.00    0.00    0.00   74.31
06:09:36 AM  all    0.76    0.00    0.25   23.68    0.00    0.00    0.00    0.00    0.00   75.31
06:09:37 AM  all    0.50    0.00    0.50   23.87    0.00    0.00    0.00    0.00    0.00   75.13
06:09:38 AM  all    1.00    0.00    1.00   23.50    0.00    0.00    0.00    0.00    0.00   74.50
06:09:39 AM  all    1.01    0.00    0.50   23.62    0.00    0.00    0.00    0.00    0.00   74.87
06:09:40 AM  all    0.50    0.00    0.50   23.87    0.00    0.00    0.00    0.00    0.00   75.13
06:09:41 AM  all    0.50    0.00    1.01   23.37    0.00    0.00    0.00    0.00    0.00   75.13
06:09:42 AM  all    1.49    0.00    1.00   23.38    0.00    0.00    0.00    0.00    0.00   74.13
06:09:43 AM  all    0.76    0.00    0.25   23.48    0.00    0.00    0.00    0.00    0.00   75.51
06:09:44 AM  all    0.75    0.00    0.50   23.62    0.00    0.00    0.00    0.00    0.00   75.13
06:09:45 AM  all    0.75    0.00    0.75   23.81    0.00    0.00    0.00    0.00    0.00   74.69
06:09:46 AM  all    0.75    0.00    0.75   23.75    0.00    0.00    0.00    0.00    0.00   74.75
06:09:47 AM  all    0.25    0.00    1.01   23.62    0.00    0.00    0.00    0.00    0.00   75.13
06:09:48 AM  all    1.00    0.00    1.24   23.38    0.00    0.00    0.00    0.00    0.00   74.38
06:09:49 AM  all    1.00    0.00    0.50   23.44    0.00    0.25    0.00    0.00    0.00   74.81
06:09:50 AM  all    1.01    0.00    0.50   23.43    0.00    0.00    0.00    0.00    0.00   75.06
06:09:51 AM  all    0.25    0.00    0.75   23.81    0.00    0.00    0.00    0.00    0.00   75.19
06:09:52 AM  all    0.75    0.00    1.00   23.44    0.00    0.00    0.00    0.00    0.00   74.81
06:09:53 AM  all    0.75    0.00    0.50   23.62    0.00    0.00    0.00    0.00    0.00   75.13
06:09:54 AM  all    0.75    0.00    0.75   23.50    0.00    0.00    0.00    0.00    0.00   75.00
06:09:55 AM  all    1.00    0.00    0.50   23.69    0.00    0.00    0.00    0.00    0.00   74.81
06:09:56 AM  all    0.50    0.00    0.50   23.87    0.00    0.25    0.00    0.00    0.00   74.87
06:09:57 AM  all    0.76    0.00    0.50   23.43    0.00    0.00    0.00    0.00    0.00   75.31
06:09:58 AM  all    0.75    0.00    0.75   23.50    0.00    0.00    0.00    0.00    0.00   75.00
06:09:59 AM  all    0.50    0.00    0.75   23.56    0.00    0.00    0.00    0.00    0.00   75.19
06:10:00 AM  all    1.00    0.00    1.00   23.38    0.00    0.25    0.00    0.00    0.00   74.38
06:10:01 AM  all    0.50    0.00    0.76   23.43    0.00    0.00    0.00    0.00    0.00   75.31
06:10:02 AM  all    0.51    0.00    0.25   23.99    0.00    0.00    0.00    0.00    0.00   75.25
06:10:03 AM  all    1.24    0.00    1.00   23.88    0.00    0.00    0.00    0.00    0.00   73.88
06:10:04 AM  all    0.76    0.00    0.25   23.68    0.00    0.00    0.00    0.00    0.00   75.31
06:10:05 AM  all    0.50    0.00    0.25   23.93    0.00    0.00    0.00    0.00    0.00   75.31
06:10:06 AM  all    0.50    0.00    1.00   23.81    0.00    0.00    0.00    0.00    0.00   74.69
06:10:07 AM  all    0.25    0.00    0.51   24.05    0.00    0.00    0.00    0.00    0.00   75.19
06:10:08 AM  all    0.25    0.00    0.50   23.93    0.00    0.00    0.00    0.00    0.00   75.31
06:10:09 AM  all    0.75    0.00    0.50   23.62    0.00    0.00    0.00    0.00    0.00   75.13
06:10:10 AM  all    1.00    0.00    0.50   23.75    0.00    0.00    0.00    0.00    0.00   74.75
06:10:11 AM  all    1.75    0.00    1.75   23.19    0.00    0.25    0.00    0.00    0.00   73.07
06:10:12 AM  all    1.00    0.00    0.75   23.50    0.00    0.00    0.00    0.00    0.00   74.75
06:10:13 AM  all    0.00    0.00    0.51   23.99    0.00    0.00    0.00    0.00    0.00   75.51
06:10:14 AM  all    0.76    0.00    0.51   23.99    0.00    0.00    0.00    0.00    0.00   74.75
06:10:15 AM  all    0.75    0.00    0.25   23.87    0.00    0.00    0.00    0.00    0.00   75.13
06:10:16 AM  all    1.49    0.00    0.75   23.38    0.00    0.00    0.00    0.00    0.00   74.38
06:10:17 AM  all    0.50    0.00    1.25   23.75    0.00    0.00    0.00    0.00    0.00   74.50
06:10:18 AM  all    1.00    0.00    0.75   23.50    0.00    0.00    0.00    0.00    0.00   74.75
06:10:19 AM  all    0.25    0.00    0.25   23.86    0.00    0.00    0.00    0.00    0.00   75.63
06:10:20 AM  all    1.00    0.00    1.00   23.69    0.00    0.00    0.00    0.00    0.00   74.31
06:10:21 AM  all    1.00    0.00    0.50   23.56    0.00    0.00    0.00    0.00    0.00   74.94
06:10:22 AM  all    0.75    0.00    1.00   23.56    0.00    0.00    0.00    0.00    0.00   74.69
06:10:23 AM  all    0.75    0.00    0.75   23.75    0.00    0.00    0.00    0.00    0.00   74.75
06:10:24 AM  all    0.75    0.00    1.00   23.56    0.00    0.00    0.00    0.00    0.00   74.69
06:10:25 AM  all    0.75    0.00    0.75   23.75    0.00    0.25    0.00    0.00    0.00   74.50
06:10:26 AM  all    0.25    0.00    0.25   24.18    0.00    0.00    0.00    0.00    0.00   75.31
06:10:27 AM  all    0.75    0.00    0.00   24.12    0.00    0.00    0.00    0.00    0.00   75.13
06:10:28 AM  all    0.25    0.00    0.75   24.06    0.00    0.00    0.00    0.00    0.00   74.94
06:10:29 AM  all    0.50    0.00    0.25   24.37    0.00    0.00    0.00    0.00    0.00   74.87
06:10:30 AM  all    0.51    0.00    0.25   23.99    0.00    0.00    0.00    0.00    0.00   75.25
06:10:31 AM  all    0.76    0.00    0.25   23.68    0.00    0.00    0.00    0.00    0.00   75.31
06:10:32 AM  all    0.25    0.00    0.25   23.99    0.00    0.00    0.00    0.00    0.00   75.51
06:10:33 AM  all    0.75    0.00    0.75   23.75    0.00    0.00    0.00    0.00    0.00   74.75
06:10:34 AM  all    0.51    0.00    0.51   23.99    0.00    0.00    0.00    0.00    0.00   75.00
06:10:35 AM  all    0.75    0.00    0.50   23.81    0.00    0.00    0.00    0.00    0.00   74.94
06:10:36 AM  all    1.50    0.00    0.50   23.44    0.00    0.00    0.00    0.00    0.00   74.56
06:10:37 AM  all    0.75    0.00    1.00   23.88    0.00    0.00    0.00    0.00    0.00   74.38
06:10:38 AM  all    1.01    0.00    0.50   23.62    0.00    0.00    0.00    0.00    0.00   74.87
06:10:39 AM  all    0.25    0.00    0.51   23.99    0.00    0.00    0.00    0.00    0.00   75.25
06:10:40 AM  all    0.75    0.00    0.25   24.06    0.00    0.00    0.00    0.00    0.00   74.94
06:10:41 AM  all    0.75    0.00    0.50   23.62    0.00    0.00    0.00    0.00    0.00   75.13
06:10:42 AM  all    1.01    0.00    1.51   23.37    0.00    0.25    0.00    0.00    0.00   73.87
06:10:43 AM  all    0.75    0.00    0.75   23.62    0.00    0.00    0.00    0.00    0.00   74.87
06:10:44 AM  all    1.25    0.00    0.25   23.75    0.00    0.00    0.00    0.00    0.00   74.75
06:10:45 AM  all    0.75    0.00    1.00   23.50    0.00    0.00    0.00    0.00    0.00   74.75
06:10:46 AM  all    0.50    0.00    0.50   23.68    0.00    0.00    0.00    0.00    0.00   75.31
06:10:47 AM  all    0.75    0.00    0.75   23.75    0.00    0.00    0.00    0.00    0.00   74.75
06:10:48 AM  all    0.25    0.00    1.01   23.68    0.00    0.00    0.00    0.00    0.00   75.06
06:10:49 AM  all    1.25    0.00    0.25   24.00    0.00    0.00    0.00    0.00    0.00   74.50
06:10:50 AM  all    0.51    0.00    0.51   23.74    0.00    0.00    0.00    0.00    0.00   75.25
06:10:51 AM  all    0.75    0.00    0.50   23.62    0.00    0.00    0.00    0.00    0.00   75.13
06:10:52 AM  all    0.25    0.00    0.51   23.54    0.00    0.00    0.00    0.00    0.00   75.70
06:10:53 AM  all    0.76    0.00    0.50   23.68    0.00    0.00    0.00    0.00    0.00   75.06
06:10:54 AM  all    0.75    0.00    1.00   23.69    0.00    0.00    0.00    0.00    0.00   74.56
06:10:55 AM  all    0.50    0.00    0.50   23.68    0.00    0.00    0.00    0.00    0.00   75.31
06:10:56 AM  all    0.75    0.00    0.50   23.62    0.00    0.00    0.00    0.00    0.00   75.13
06:10:57 AM  all    0.75    0.00    0.50   23.62    0.00    0.00    0.00    0.00    0.00   75.13
06:10:58 AM  all    1.01    0.00    0.25   23.87    0.00    0.00    0.00    0.00    0.00   74.87
06:10:59 AM  all    0.75    0.00    1.01   23.62    0.00    0.00    0.00    0.00    0.00   74.62
06:11:00 AM  all    0.50    0.00    0.50   23.68    0.00    0.00    0.00    0.00    0.00   75.31
06:11:01 AM  all    0.25    0.00    0.75   23.87    0.00    0.00    0.00    0.00    0.00   75.13
06:11:02 AM  all    1.00    0.00    0.75   23.50    0.00    0.00    0.00    0.00    0.00   74.75
06:11:03 AM  all    0.00    0.00    0.25   23.86    0.00    0.00    0.00    0.00    0.00   75.89
06:11:04 AM  all    0.75    0.00    1.00   23.31    0.00    0.00    0.00    0.00    0.00   74.94
06:11:05 AM  all    1.01    0.00    0.50   23.87    0.00    0.00    0.00    0.00    0.00   74.62
06:11:06 AM  all    1.00    0.00    1.00   23.63    0.00    0.00    0.00    0.00    0.00   74.38
06:11:07 AM  all    0.25    0.00    1.00   23.75    0.00    0.00    0.00    0.00    0.00   75.00
06:11:08 AM  all    0.50    0.00    0.75   23.75    0.00    0.00    0.00    0.00    0.00   75.00
06:11:09 AM  all    0.75    0.00    1.00   23.56    0.00    0.00    0.00    0.00    0.00   74.69
06:11:10 AM  all    0.75    0.00    1.00   23.50    0.00    0.00    0.00    0.00    0.00   74.75
06:11:11 AM  all    1.51    0.00    0.76   23.68    0.00    0.25    0.00    0.00    0.00   73.80
06:11:12 AM  all    1.00    0.00    0.50   23.75    0.00    0.00    0.00    0.00    0.00   74.75
06:11:13 AM  all    0.50    0.00    0.25   23.93    0.00    0.00    0.00    0.00    0.00   75.31
06:11:14 AM  all    1.49    0.00    1.24   23.33    0.00    0.00    0.00    0.00    0.00   73.95
06:11:15 AM  all    0.50    0.00    0.50   23.93    0.00    0.00    0.00    0.00    0.00   75.06
06:11:16 AM  all    0.00    0.00    0.75   23.87    0.00    0.25    0.00    0.00    0.00   75.13
06:11:17 AM  all    0.75    0.00    0.75   23.75    0.00    0.00    0.00    0.00    0.00   74.75
06:11:18 AM  all    0.75    0.00    1.00   23.56    0.00    0.00    0.00    0.00    0.00   74.69
06:11:19 AM  all    1.01    0.00    0.25   23.62    0.00    0.00    0.00    0.00    0.00   75.13
06:11:20 AM  all    0.75    0.00    1.00   23.69    0.00    0.00    0.00    0.00    0.00   74.56
06:11:21 AM  all    0.75    0.00    0.75   23.37    0.00    0.00    0.00    0.00    0.00   75.13
06:11:22 AM  all    0.50    0.00    0.50   24.00    0.00    0.00    0.00    0.00    0.00   75.00
06:11:23 AM  all    0.00    0.00    0.75   24.31    0.00    0.00    0.00    0.00    0.00   74.94
06:11:24 AM  all    0.00    0.00    0.25   24.49    0.00    0.00    0.00    0.00    0.00   75.25
06:11:25 AM  all    0.00    0.00    0.75   24.25    0.00    0.25    0.00    0.00    0.00   74.75
06:11:26 AM  all    0.00    0.00    0.50   24.18    0.00    0.00    0.00    0.00    0.00   75.31
06:11:27 AM  all    0.00    0.00    0.76   24.43    0.00    0.00    0.00    0.00    0.00   74.81
06:11:28 AM  all    0.00    0.00    0.50   24.37    0.00    0.00    0.00    0.00    0.00   75.13
06:11:29 AM  all    0.00    0.00    0.50   24.62    0.00    0.00    0.00    0.00    0.00   74.87
06:11:30 AM  all    0.00    0.00    0.25   24.24    0.00    0.00    0.00    0.00    0.00   75.51
06:11:31 AM  all    0.00    0.00    0.25   24.69    0.00    0.00    0.00    0.00    0.00   75.06
06:11:32 AM  all    0.00    0.00    0.25   24.49    0.00    0.00    0.00    0.00    0.00   75.25
06:11:33 AM  all    0.25    0.00    0.75   24.25    0.00    0.00    0.00    0.00    0.00   74.75
06:11:34 AM  all    0.00    0.00    0.76   24.43    0.00    0.00    0.00    0.00    0.00   74.81
06:11:35 AM  all    0.00    0.00    0.25   24.37    0.00    0.25    0.00    0.00    0.00   75.13
06:11:36 AM  all    0.25    0.00    0.50   24.37    0.00    0.00    0.00    0.00    0.00   74.87
06:11:37 AM  all    0.00    0.00    0.00   24.69    0.00    0.00    0.00    0.00    0.00   75.31
06:11:38 AM  all    0.00    0.00    0.51   24.24    0.00    0.00    0.00    0.00    0.00   75.25
06:11:39 AM  all    0.00    0.00    0.75   24.37    0.00    0.00    0.00    0.00    0.00   74.87
06:11:40 AM  all    0.00    0.00    0.25   24.43    0.00    0.00    0.00    0.00    0.00   75.31
06:11:41 AM  all    0.00    0.00    0.50   24.43    0.00    0.00    0.00    0.00    0.00   75.06
06:11:42 AM  all    0.00    0.00    0.25   24.69    0.00    0.00    0.00    0.00    0.00   75.06
06:11:43 AM  all    0.00    0.00    0.50   24.43    0.00    0.00    0.00    0.00    0.00   75.06
06:11:44 AM  all    0.00    0.00    1.00   24.25    0.00    0.00    0.00    0.00    0.00   74.75
06:11:45 AM  all    0.00    0.00    0.75   24.37    0.00    0.00    0.00    0.00    0.00   74.87
06:11:46 AM  all    0.25    0.00    0.50   24.25    0.00    0.25    0.00    0.00    0.00   74.75
06:11:47 AM  all    0.25    0.00    0.75   24.12    0.00    0.00    0.00    0.00    0.00   74.87
06:11:48 AM  all    0.00    0.00    0.75   24.37    0.00    0.00    0.00    0.00    0.00   74.87
06:11:49 AM  all    0.00    0.00    0.25   24.69    0.00    0.00    0.00    0.00    0.00   75.06
06:11:50 AM  all    0.00    0.00    0.51   23.99    0.00    0.00    0.00    0.00    0.00   75.51
06:11:51 AM  all    0.00    0.00    0.50   24.43    0.00    0.00    0.00    0.00    0.00   75.06
06:11:52 AM  all    0.00    0.00    0.75   24.31    0.00    0.00    0.00    0.00    0.00   74.94
06:11:53 AM  all    0.00    0.00    0.75   24.50    0.00    0.00    0.00    0.00    0.00   74.75
06:11:54 AM  all    0.00    0.00    0.51   24.24    0.00    0.00    0.00    0.00    0.00   75.25
06:11:55 AM  all    0.00    0.00    0.75   24.44    0.00    0.25    0.00    0.00    0.00   74.56
06:11:56 AM  all    0.00    0.00    0.50   24.18    0.00    0.00    0.00    0.00    0.00   75.31
06:11:57 AM  all    0.00    0.00    0.25   24.49    0.00    0.00    0.00    0.00    0.00   75.25
06:11:58 AM  all    0.00    0.00    1.50   24.44    0.00    0.00    0.00    0.00    0.00   74.06
06:11:59 AM  all    0.25    0.00    0.25   24.43    0.00    0.00    0.00    0.00    0.00   75.06
06:12:00 AM  all    0.00    0.00    0.75   24.12    0.00    0.00    0.00    0.00    0.00   75.13
06:12:01 AM  all    0.00    0.00    0.00   24.69    0.00    0.00    0.00    0.00    0.00   75.31
06:12:02 AM  all    0.00    0.00    0.51   24.24    0.00    0.00    0.00    0.00    0.00   75.25
06:12:03 AM  all    0.00    0.00    1.00   24.06    0.00    0.00    0.00    0.00    0.00   74.94
06:12:04 AM  all    0.00    0.00    0.50   24.62    0.00    0.00    0.00    0.00    0.00   74.87
06:12:05 AM  all    0.00    0.00    1.49   23.88    0.00    0.00    0.00    0.00    0.00   74.63
06:12:06 AM  all    0.00    0.00    0.50   24.43    0.00    0.00    0.00    0.00    0.00   75.06
06:12:07 AM  all    0.25    0.00    0.50   24.31    0.00    0.00    0.00    0.00    0.00   74.94
06:12:08 AM  all    0.00    0.00    0.75   24.56    0.00    0.00    0.00    0.00    0.00   74.69
06:12:09 AM  all    0.00    0.00    0.25   24.49    0.00    0.00    0.00    0.00    0.00   75.25
06:12:10 AM  all    0.00    0.00    0.75   24.37    0.00    0.00    0.00    0.00    0.00   74.87
06:12:11 AM  all    1.51    0.00    0.50   24.43    0.00    0.00    0.00    0.00    0.00   73.55
06:12:12 AM  all    0.00    0.00    0.50   24.56    0.00    0.25    0.00    0.00    0.00   74.69
06:12:13 AM  all    0.00    0.00    0.75   24.31    0.00    0.00    0.00    0.00    0.00   74.94
06:12:14 AM  all    0.00    0.00    0.75   24.56    0.00    0.00    0.00    0.00    0.00   74.69
06:12:15 AM  all    0.00    0.00    0.51   24.24    0.00    0.00    0.00    0.00    0.00   75.25
06:12:16 AM  all    0.00    0.00    0.76   24.43    0.00    0.00    0.00    0.00    0.00   74.81
06:12:17 AM  all    0.00    0.00    0.50   24.62    0.00    0.00    0.00    0.00    0.00   74.87
06:12:18 AM  all    0.25    0.00    0.50   24.31    0.00    0.00    0.00    0.00    0.00   74.94
06:12:19 AM  all    0.25    0.00    0.50   24.43    0.00    0.00    0.00    0.00    0.00   74.81
06:12:20 AM  all    0.00    0.00    0.50   24.62    0.00    0.00    0.00    0.00    0.00   74.87
06:12:21 AM  all    0.00    0.00    1.00   24.25    0.00    0.00    0.00    0.00    0.00   74.75
06:12:22 AM  all    0.00    0.00    0.51   24.49    0.00    0.00    0.00    0.00    0.00   75.00
06:12:23 AM  all    0.00    0.00    1.01   24.12    0.00    0.00    0.00    0.00    0.00   74.87
06:12:24 AM  all    0.00    0.00    0.50   24.43    0.00    0.00    0.00    0.00    0.00   75.06
06:12:25 AM  all    0.25    0.00    0.75   24.12    0.00    0.00    0.00    0.00    0.00   74.87
06:12:26 AM  all    0.25    0.00    0.75   24.25    0.00    0.00    0.00    0.00    0.00   74.75
06:12:27 AM  all    0.25    0.00    0.75   24.25    0.00    0.25    0.00    0.00    0.00   74.50
06:12:28 AM  all    0.00    0.00    0.50   24.37    0.00    0.00    0.00    0.00    0.00   75.13
06:12:29 AM  all    0.25    0.00    0.25   24.43    0.00    0.00    0.00    0.00    0.00   75.06
06:12:30 AM  all    0.00    0.00    0.50   24.43    0.00    0.00    0.00    0.00    0.00   75.06
06:12:31 AM  all    0.00    0.00    0.75   24.31    0.00    0.00    0.00    0.00    0.00   74.94
06:12:32 AM  all    0.00    0.00    0.25   24.75    0.00    0.00    0.00    0.00    0.00   75.00
06:12:33 AM  all    0.00    0.00    0.75   24.12    0.00    0.00    0.00    0.00    0.00   75.13
06:12:34 AM  all    0.00    0.00    0.50   24.37    0.00    0.00    0.00    0.00    0.00   75.13
06:12:35 AM  all    0.25    0.00    0.50   24.37    0.00    0.00    0.00    0.00    0.00   74.87
06:12:36 AM  all    0.00    0.00    0.75   24.31    0.00    0.00    0.00    0.00    0.00   74.94
06:12:37 AM  all    0.00    0.00    0.25   24.37    0.00    0.00    0.00    0.00    0.00   75.38
06:12:38 AM  all    0.00    0.00    0.50   24.56    0.00    0.00    0.00    0.00    0.00   74.94
06:12:39 AM  all    0.00    0.00    0.25   24.30    0.00    0.00    0.00    0.00    0.00   75.44
06:12:40 AM  all    0.00    0.00    0.50   24.56    0.00    0.00    0.00    0.00    0.00   74.94
06:12:41 AM  all    0.00    0.00    0.76   24.24    0.00    0.00    0.00    0.00    0.00   75.00
06:12:42 AM  all    1.00    0.00    1.74   24.13    0.00    0.00    0.00    0.00    0.00   73.13
06:12:43 AM  all    0.00    0.00    0.25   24.18    0.00    0.25    0.00    0.00    0.00   75.31
06:12:44 AM  all    0.00    0.00    1.00   24.31    0.00    0.00    0.00    0.00    0.00   74.69
06:12:45 AM  all    0.25    0.00    0.50   24.31    0.00    0.00    0.00    0.00    0.00   74.94
06:12:46 AM  all    0.00    0.00    0.51   24.49    0.00    0.00    0.00    0.00    0.00   75.00
06:12:47 AM  all    0.00    0.00    1.00   24.06    0.00    0.00    0.00    0.00    0.00   74.94
06:12:48 AM  all    0.00    0.00    0.50   24.69    0.00    0.00    0.00    0.00    0.00   74.81
06:12:49 AM  all    0.00    0.00    1.00   24.06    0.00    0.00    0.00    0.00    0.00   74.94
06:12:50 AM  all    0.00    0.00    0.50   24.43    0.00    0.00    0.00    0.00    0.00   75.06
06:12:51 AM  all    0.25    0.00    0.50   24.56    0.00    0.00    0.00    0.00    0.00   74.69
06:12:52 AM  all    0.00    0.00    0.75   24.19    0.00    0.00    0.00    0.00    0.00   75.06
06:12:53 AM  all    0.00    0.00    0.51   24.49    0.00    0.00    0.00    0.00    0.00   75.00
06:12:54 AM  all    0.00    0.00    0.50   24.43    0.00    0.00    0.00    0.00    0.00   75.06
06:12:55 AM  all    0.00    0.00    0.25   24.69    0.00    0.00    0.00    0.00    0.00   75.06
06:12:56 AM  all    0.00    0.00    0.75   24.31    0.00    0.00    0.00    0.00    0.00   74.94
06:12:57 AM  all    0.00    0.00    1.00   24.31    0.00    0.00    0.00    0.00    0.00   74.69
06:12:58 AM  all    0.25    0.00    0.50   24.31    0.00    0.00    0.00    0.00    0.00   74.94
06:12:59 AM  all    0.00    0.00    0.25   24.49    0.00    0.00    0.00    0.00    0.00   75.25
06:13:00 AM  all    0.25    0.00    1.00   24.00    0.00    0.00    0.00    0.00    0.00   74.75
06:13:01 AM  all    0.00    0.00    0.75   24.31    0.00    0.00    0.00    0.00    0.00   74.94
06:13:02 AM  all    0.00    0.00    0.75   24.37    0.00    0.25    0.00    0.00    0.00   74.62
06:13:03 AM  all    0.25    0.00    0.25   24.37    0.00    0.00    0.00    0.00    0.00   75.13
06:13:04 AM  all    0.25    0.00    0.75   24.31    0.00    0.00    0.00    0.00    0.00   74.69
06:13:05 AM  all    0.00    0.00    1.00   24.00    0.00    0.25    0.00    0.00    0.00   74.75
06:13:06 AM  all    0.00    0.00    0.50   24.62    0.00    0.00    0.00    0.00    0.00   74.87
06:13:07 AM  all    0.00    0.00    0.25   24.49    0.00    0.00    0.00    0.00    0.00   75.25
06:13:08 AM  all    0.00    0.00    0.75   24.12    0.00    0.00    0.00    0.00    0.00   75.13
06:13:09 AM  all    0.25    0.00    0.25   24.62    0.00    0.00    0.00    0.00    0.00   74.87
06:13:10 AM  all    0.00    0.00    0.50   24.43    0.00    0.00    0.00    0.00    0.00   75.06
06:13:11 AM  all    1.26    0.00    0.51   24.24    0.00    0.00    0.00    0.00    0.00   73.99
06:13:12 AM  all    0.00    0.00    0.50   24.62    0.00    0.00    0.00    0.00    0.00   74.87
06:13:13 AM  all    0.00    0.00    0.00   24.56    0.00    0.00    0.00    0.00    0.00   75.44
06:13:14 AM  all    0.00    0.00    0.50   24.37    0.00    0.00    0.00    0.00    0.00   75.13
06:13:15 AM  all    0.00    0.00    0.50   24.37    0.00    0.00    0.00    0.00    0.00   75.13
06:13:16 AM  all    0.00    0.00    1.00   24.31    0.00    0.00    0.00    0.00    0.00   74.69
06:13:17 AM  all    0.25    0.00    1.00   24.25    0.00    0.00    0.00    0.00    0.00   74.50
06:13:18 AM  all    0.00    0.00    0.51   24.24    0.00    0.00    0.00    0.00    0.00   75.25
06:13:19 AM  all    0.00    0.00    0.75   24.25    0.00    0.25    0.00    0.00    0.00   74.75
06:13:20 AM  all    0.00    0.00    0.25   24.49    0.00    0.00    0.00    0.00    0.00   75.25
06:13:21 AM  all    0.00    0.00    1.50   24.19    0.00    0.00    0.00    0.00    0.00   74.31
06:13:22 AM  all    0.25    0.00    0.25   24.37    0.00    0.00    0.00    0.00    0.00   75.13
06:13:23 AM  all    0.00    0.00    0.25   24.56    0.00    0.00    0.00    0.00    0.00   75.19
06:13:24 AM  all    0.25    0.00    0.25   24.31    0.00    0.00    0.00    0.00    0.00   75.19
06:13:25 AM  all    0.00    0.00    1.01   24.18    0.00    0.00    0.00    0.00    0.00   74.81
06:13:26 AM  all    0.00    0.00    0.25   24.37    0.00    0.25    0.00    0.00    0.00   75.13
06:13:27 AM  all    0.25    0.00    0.75   24.25    0.00    0.00    0.00    0.00    0.00   74.75
06:13:28 AM  all    0.00    0.00    0.25   24.24    0.00    0.00    0.00    0.00    0.00   75.51
06:13:29 AM  all    0.25    0.00    0.75   24.12    0.00    0.00    0.00    0.00    0.00   74.87
06:13:30 AM  all    0.00    0.00    1.00   24.31    0.00    0.00    0.00    0.00    0.00   74.69
06:13:31 AM  all    0.00    0.00    1.00   24.63    0.00    0.00    0.00    0.00    0.00   74.38
06:13:32 AM  all    0.00    0.00    0.50   23.93    0.00    0.00    0.00    0.00    0.00   75.57
06:13:33 AM  all    0.00    0.00    0.51   24.30    0.00    0.00    0.00    0.00    0.00   75.19
06:13:34 AM  all    0.00    0.00    1.00   24.25    0.00    0.00    0.00    0.00    0.00   74.75
06:13:35 AM  all    0.25    0.00    0.50   24.37    0.00    0.00    0.00    0.00    0.00   74.87
06:13:36 AM  all    0.00    0.00    1.00   24.25    0.00    0.00    0.00    0.00    0.00   74.75
06:13:37 AM  all    0.00    0.00    0.75   24.50    0.00    0.00    0.00    0.00    0.00   74.75
06:13:38 AM  all    0.50    0.00    0.75   24.19    0.00    0.00    0.00    0.00    0.00   74.56
06:13:39 AM  all    0.00    0.00    0.25   24.24    0.00    0.25    0.00    0.00    0.00   75.25
06:13:40 AM  all    0.00    0.00    0.25   24.43    0.00    0.00    0.00    0.00    0.00   75.31
06:13:41 AM  all    0.00    0.00    0.75   24.56    0.00    0.00    0.00    0.00    0.00   74.69
06:13:42 AM  all    0.00    0.00    0.50   24.43    0.00    0.00    0.00    0.00    0.00   75.06
06:13:43 AM  all    0.00    0.00    0.50   24.43    0.00    0.00    0.00    0.00    0.00   75.06
06:13:44 AM  all    0.00    0.00    0.75   24.12    0.00    0.00    0.00    0.00    0.00   75.13
06:13:45 AM  all    0.00    0.00    0.50   24.62    0.00    0.00    0.00    0.00    0.00   74.87
06:13:46 AM  all    0.00    0.00    0.00   24.62    0.00    0.00    0.00    0.00    0.00   75.38
06:13:47 AM  all    0.25    0.00    0.50   24.12    0.00    0.00    0.00    0.00    0.00   75.13
06:13:48 AM  all    0.00    0.00    0.50   24.37    0.00    0.00    0.00    0.00    0.00   75.13
06:13:49 AM  all    0.00    0.00    1.00   24.25    0.00    0.00    0.00    0.00    0.00   74.75
06:13:50 AM  all    0.00    0.00    1.01   24.37    0.00    0.00    0.00    0.00    0.00   74.62
06:13:51 AM  all    0.00    0.00    0.75   24.25    0.00    0.25    0.00    0.00    0.00   74.75
06:13:52 AM  all    0.00    0.00    0.51   24.49    0.00    0.00    0.00    0.00    0.00   75.00
06:13:53 AM  all    0.00    0.00    0.50   24.37    0.00    0.00    0.00    0.00    0.00   75.13
06:13:54 AM  all    0.00    0.00    0.50   24.43    0.00    0.00    0.00    0.00    0.00   75.06
06:13:55 AM  all    0.00    0.00    0.75   24.31    0.00    0.00    0.00    0.00    0.00   74.94
06:13:56 AM  all    0.00    0.00    0.50   24.43    0.00    0.00    0.00    0.00    0.00   75.06
06:13:57 AM  all    0.00    0.00    0.50   24.12    0.00    0.00    0.00    0.00    0.00   75.38
06:13:58 AM  all    0.00    0.00    0.75   24.31    0.00    0.00    0.00    0.00    0.00   74.94
06:13:59 AM  all    0.00    0.00    0.75   24.12    0.00    0.00    0.00    0.00    0.00   75.13
06:14:00 AM  all    0.00    0.00    0.75   24.25    0.00    0.00    0.00    0.00    0.00   75.00
06:14:01 AM  all    0.00    0.00    0.50   24.12    0.00    0.00    0.00    0.00    0.00   75.38
06:14:02 AM  all    0.00    0.00    0.25   24.18    0.00    0.00    0.00    0.00    0.00   75.57
06:14:03 AM  all    0.00    0.00    0.50   24.12    0.00    0.00    0.00    0.00    0.00   75.38
06:14:04 AM  all    0.00    0.00    0.25   24.49    0.00    0.00    0.00    0.00    0.00   75.25
06:14:05 AM  all    0.00    0.00    0.25   24.49    0.00    0.00    0.00    0.00    0.00   75.25
06:14:06 AM  all    0.00    0.00    0.25   24.43    0.00    0.00    0.00    0.00    0.00   75.31
06:14:07 AM  all    0.00    0.00    0.75   24.31    0.00    0.00    0.00    0.00    0.00   74.94
06:14:08 AM  all    0.00    0.00    0.75   24.12    0.00    0.00    0.00    0.00    0.00   75.13
06:14:09 AM  all    0.00    0.00    0.75   24.31    0.00    0.00    0.00    0.00    0.00   74.94
06:14:10 AM  all    0.00    0.00    0.75   24.31    0.00    0.00    0.00    0.00    0.00   74.94
06:14:11 AM  all    0.75    0.00    1.01   24.37    0.00    0.00    0.00    0.00    0.00   73.87
06:14:12 AM  all    0.00    0.00    1.01   24.12    0.00    0.00    0.00    0.00    0.00   74.87
06:14:13 AM  all    0.25    0.00    0.50   24.62    0.00    0.00    0.00    0.00    0.00   74.62
06:14:14 AM  all    0.25    0.00    0.75   24.25    0.00    0.00    0.00    0.00    0.00   74.75
06:14:15 AM  all    0.00    0.00    0.25   24.30    0.00    0.00    0.00    0.00    0.00   75.44
06:14:16 AM  all    0.25    0.00    0.75   24.31    0.00    0.00    0.00    0.00    0.00   74.69
06:14:17 AM  all    0.00    0.00    0.51   24.49    0.00    0.00    0.00    0.00    0.00   75.00
06:14:18 AM  all    0.00    0.00    0.75   24.31    0.00    0.00    0.00    0.00    0.00   74.94
06:14:19 AM  all    0.25    0.00    0.50   24.62    0.00    0.00    0.00    0.00    0.00   74.62
06:14:20 AM  all    0.00    0.00    0.50   24.37    0.00    0.00    0.00    0.00    0.00   75.13
06:14:21 AM  all    0.00    0.00    0.50   24.43    0.00    0.00    0.00    0.00    0.00   75.06
06:14:22 AM  all    0.00    0.00    0.51   24.49    0.00    0.00    0.00    0.00    0.00   75.00
06:14:23 AM  all    0.00    0.00    1.00   24.25    0.00    0.00    0.00    0.00    0.00   74.75
06:14:24 AM  all    0.00    0.00    0.51   24.24    0.00    0.00    0.00    0.00    0.00   75.25
06:14:25 AM  all    0.00    0.00    0.50   24.56    0.00    0.00    0.00    0.00    0.00   74.94
06:14:26 AM  all    0.00    0.00    0.50   24.18    0.00    0.25    0.00    0.00    0.00   75.06
06:14:27 AM  all    0.25    0.00    0.50   24.37    0.00    0.00    0.00    0.00    0.00   74.87
06:14:28 AM  all    0.25    0.00    0.50   24.43    0.00    0.00    0.00    0.00    0.00   74.81
06:14:29 AM  all    0.25    0.00    0.75   24.31    0.00    0.00    0.00    0.00    0.00   74.69
06:14:30 AM  all    0.00    0.00    0.75   24.31    0.00    0.00    0.00    0.00    0.00   74.94
06:14:31 AM  all    0.00    0.00    0.25   24.62    0.00    0.25    0.00    0.00    0.00   74.87
06:14:32 AM  all    0.00    0.00    0.51   24.49    0.00    0.00    0.00    0.00    0.00   75.00
06:14:33 AM  all    0.00    0.00    0.25   24.43    0.00    0.00    0.00    0.00    0.00   75.31
06:14:34 AM  all    0.00    0.00    0.50   24.18    0.00    0.25    0.00    0.00    0.00   75.06
06:14:35 AM  all    0.00    0.00    0.50   24.56    0.00    0.00    0.00    0.00    0.00   74.94
06:14:36 AM  all    0.00    0.00    0.50   19.90    0.00    0.00    0.00    0.00    0.00   79.60
06:14:37 AM  all    0.00    0.00    0.00    0.00    0.00    0.00    0.00    0.00    0.00  100.00
06:14:38 AM  all    0.00    0.00    0.00    0.00    0.00    0.00    0.00    0.00    0.00  100.00
06:14:39 AM  all    0.25    0.00    0.00    0.00    0.00    0.00    0.00    0.00    0.00   99.75
06:14:40 AM  all    0.00    0.00    0.00    0.00    0.00    0.00    0.00    0.00    0.00  100.00
06:14:41 AM  all    0.00    0.00    0.00    0.00    0.00    0.00    0.00    0.00    0.00  100.00
06:14:42 AM  all    0.00    0.00    0.00    0.00    0.00    0.00    0.00    0.00    0.00  100.00
06:14:43 AM  all    0.00    0.00    1.01    0.00    0.00    0.00    0.00    0.00    0.00   98.99
06:14:44 AM  all    0.00    0.00    0.00    0.00    0.00    0.00    0.00    0.00    0.00  100.00
06:14:45 AM  all    0.25    0.00    0.00    0.00    0.00    0.00    0.00    0.00    0.00   99.75
