Linux 5.15.0-173-generic (csb-bench-host-huawei) 	08/16/2026 	_x86_64_	(4 CPU)

10:33:37 PM  CPU    %usr   %nice    %sys %iowait    %irq   %soft  %steal  %guest  %gnice   %idle
10:33:38 PM  all   13.09    0.00    2.47    0.00    0.00    0.74    0.00    0.00    0.00   83.70
10:33:39 PM  all    9.85    0.00    1.52    0.00    0.00    0.76    0.00    0.00    0.00   87.88
10:33:40 PM  all   10.63    0.00    0.51    0.00    0.00    1.01    0.00    0.00    0.00   87.85
10:33:41 PM  all    9.64    0.00    1.02    0.00    0.00    0.76    0.00    0.00    0.00   88.58
10:33:42 PM  all   10.33    0.00    1.51    0.00    0.00    1.01    0.00    0.00    0.00   87.15
10:33:43 PM  all   12.00    0.00    1.00    0.00    0.00    1.25    0.00    0.00    0.00   85.75
10:33:44 PM  all   10.53    0.00    1.50    0.00    0.00    1.00    0.00    0.00    0.00   86.97
10:33:45 PM  all   10.61    0.00    0.76    0.00    0.00    1.01    0.00    0.00    0.00   87.63
10:33:46 PM  all   10.58    0.00    1.51    0.00    0.00    1.26    0.00    0.00    0.00   86.65
10:33:47 PM  all    9.72    0.00    0.77    0.00    0.00    0.51    0.00    0.00    0.00   89.00
10:33:48 PM  all    9.07    0.00    0.50    0.25    0.00    2.02    0.00    0.00    0.00   88.16
10:33:49 PM  all   10.47    0.00    0.50    0.00    0.00    1.00    0.00    0.00    0.00   88.03
10:33:50 PM  all   11.72    0.00    0.75    0.00    0.00    1.00    0.00    0.00    0.00   86.53
10:33:51 PM  all   13.08    0.00    0.97    0.00    0.00    1.21    0.00    0.00    0.00   84.75
10:33:52 PM  all   10.15    0.00    1.02    0.00    0.00    0.76    0.00    0.00    0.00   88.07
10:33:53 PM  all   11.97    0.00    0.75    0.00    0.00    1.25    0.00    0.00    0.00   86.03
10:33:54 PM  all   10.78    0.00    0.75    0.00    0.00    0.75    0.00    0.00    0.00   87.72
10:33:55 PM  all   11.63    0.00    1.24    0.00    0.00    0.99    0.00    0.00    0.00   86.14
10:33:56 PM  all    9.21    0.00    0.51    0.00    0.00    1.02    0.00    0.00    0.00   89.26
10:33:57 PM  all   11.87    0.00    0.76    0.00    0.00    1.26    0.00    0.00    0.00   86.11
10:33:58 PM  all   10.69    0.00    0.76    0.00    0.00    1.02    0.00    0.00    0.00   87.53
10:33:59 PM  all   12.90    0.00    0.99    0.00    0.00    1.74    0.00    0.00    0.00   84.37
10:34:00 PM  all   10.13    0.00    1.01    0.00    0.00    1.01    0.00    0.00    0.00   87.85
10:34:01 PM  all   11.69    0.00    0.75    0.00    0.00    1.74    0.00    0.00    0.00   85.82
10:34:02 PM  all    8.70    0.00    0.00    0.00    0.00    1.02    0.00    0.00    0.00   90.28
10:34:03 PM  all   11.03    0.00    0.25    0.00    0.00    1.25    0.00    0.00    0.00   87.47
10:34:04 PM  all   10.47    0.00    1.75    0.00    0.00    1.25    0.00    0.00    0.00   86.53
10:34:05 PM  all    9.69    0.00    1.28    0.00    0.00    0.77    0.00    0.00    0.00   88.27
10:34:06 PM  all    9.28    0.00    0.77    0.00    0.00    0.52    0.00    0.00    0.00   89.43
10:34:07 PM  all   10.91    0.00    0.51    0.00    0.00    1.78    0.00    0.00    0.00   86.80
10:34:08 PM  all   12.66    0.00    0.74    0.00    0.00    1.74    0.00    0.00    0.00   84.86
10:34:09 PM  all   12.29    0.00    0.98    0.00    0.00    1.47    0.00    0.00    0.00   85.26
10:34:10 PM  all   10.08    0.00    1.01    0.00    0.00    1.76    0.00    0.00    0.00   87.15
10:34:11 PM  all   13.58    0.00    0.74    0.00    0.00    0.99    0.00    0.00    0.00   84.69
10:34:12 PM  all   11.78    0.00    0.50    0.00    0.00    0.75    0.00    0.00    0.00   86.97
10:34:13 PM  all   10.55    0.00    1.51    0.00    0.00    0.75    0.00    0.00    0.00   87.19
10:34:14 PM  all   10.83    0.00    0.76    0.00    0.00    1.26    0.00    0.00    0.00   87.15
10:34:15 PM  all   10.55    0.00    0.75    0.00    0.00    0.75    0.00    0.00    0.00   87.94
10:34:16 PM  all   10.83    0.00    0.76    0.00    0.00    1.01    0.00    0.00    0.00   87.41
10:34:17 PM  all   10.30    0.00    1.01    0.00    0.00    1.26    0.00    0.00    0.00   87.44
10:34:18 PM  all   10.13    0.00    1.01    0.00    0.00    1.01    0.00    0.00    0.00   87.85
10:34:19 PM  all   11.17    0.00    1.24    0.00    0.00    1.24    0.00    0.00    0.00   86.35
10:34:20 PM  all   12.41    0.00    0.99    0.00    0.00    1.24    0.00    0.00    0.00   85.36
10:34:21 PM  all   10.08    0.00    0.76    0.00    0.00    0.50    0.00    0.00    0.00   88.66
10:34:22 PM  all    9.25    0.00    0.77    0.00    0.00    1.03    0.00    0.00    0.00   88.95
10:34:23 PM  all    9.98    0.00    1.25    0.25    0.00    1.25    0.00    0.00    0.00   87.28
10:34:24 PM  all   11.47    0.00    1.00    0.00    0.00    1.50    0.00    0.00    0.00   86.03
10:34:25 PM  all   12.50    0.00    1.23    0.00    0.00    1.23    0.00    0.00    0.00   85.05
10:34:26 PM  all   12.44    0.00    0.25    0.00    0.00    1.00    0.00    0.00    0.00   86.32
10:34:27 PM  all   10.10    0.00    1.26    0.00    0.00    1.01    0.00    0.00    0.00   87.63
10:34:28 PM  all   12.47    0.00    1.22    0.00    0.00    1.22    0.00    0.00    0.00   85.09
10:34:29 PM  all    8.93    0.00    0.77    0.00    0.00    1.02    0.00    0.00    0.00   89.29
10:34:30 PM  all   11.17    0.00    0.76    0.00    0.00    0.25    0.00    0.00    0.00   87.82
10:34:31 PM  all   13.20    0.00    1.22    0.00    0.00    1.22    0.00    0.00    0.00   84.35
10:34:32 PM  all   13.58    0.00    1.48    0.00    0.00    1.23    0.00    0.00    0.00   83.70
10:34:33 PM  all   11.11    0.00    0.76    0.00    0.00    1.26    0.00    0.00    0.00   86.87
10:34:34 PM  all   10.86    0.00    0.51    0.00    0.00    0.76    0.00    0.00    0.00   87.88
10:34:35 PM  all   11.06    0.00    0.50    0.00    0.00    1.01    0.00    0.00    0.00   87.44
10:34:36 PM  all    9.50    0.00    0.75    0.00    0.00    1.50    0.00    0.00    0.00   88.25
10:34:37 PM  all   11.00    0.00    1.00    0.00    0.00    0.75    0.00    0.00    0.00   87.25
10:34:38 PM  all   12.29    0.00    1.23    0.00    0.00    1.72    0.00    0.00    0.00   84.77
10:34:39 PM  all   13.05    0.00    1.23    0.00    0.00    2.71    0.00    0.00    0.00   83.00
10:34:40 PM  all   14.25    0.00    1.25    0.00    0.00    1.50    0.00    0.00    0.00   83.00
10:34:41 PM  all   14.54    0.00    0.50    0.00    0.00    2.01    0.00    0.00    0.00   82.96
10:34:42 PM  all   14.90    0.00    0.51    0.00    0.00    1.26    0.00    0.00    0.00   83.33
10:34:43 PM  all   13.32    0.00    2.01    0.00    0.00    2.01    0.00    0.00    0.00   82.66
10:34:44 PM  all   15.84    0.00    1.24    0.00    0.00    2.23    0.00    0.00    0.00   80.69
10:34:45 PM  all   15.17    0.00    1.24    0.00    0.00    1.74    0.00    0.00    0.00   81.84
10:34:46 PM  all   13.52    0.00    1.28    0.00    0.00    1.79    0.00    0.00    0.00   83.42
10:34:47 PM  all   13.78    0.00    1.79    0.00    0.00    1.79    0.00    0.00    0.00   82.65
10:34:48 PM  all   14.79    0.00    1.50    0.25    0.00    2.51    0.00    0.00    0.00   80.95
10:34:49 PM  all   14.04    0.00    1.25    0.00    0.00    2.01    0.00    0.00    0.00   82.71
10:34:50 PM  all   17.20    0.00    1.23    0.00    0.00    0.98    0.00    0.00    0.00   80.59
10:34:51 PM  all   13.42    0.00    1.27    0.00    0.00    1.52    0.00    0.00    0.00   83.80
10:34:52 PM  all   14.50    0.00    1.02    0.00    0.00    1.02    0.00    0.00    0.00   83.46
10:34:53 PM  all   14.11    0.00    2.02    0.00    0.00    1.76    0.00    0.00    0.00   82.12
10:34:54 PM  all   14.50    0.00    0.25    0.00    0.00    1.78    0.00    0.00    0.00   83.46
10:34:55 PM  all   13.82    0.00    1.01    0.00    0.00    1.51    0.00    0.00    0.00   83.67
10:34:56 PM  all   13.97    0.00    0.75    0.00    0.00    2.49    0.00    0.00    0.00   82.79
10:34:57 PM  all   12.05    0.00    2.05    0.00    0.00    1.54    0.00    0.00    0.00   84.36
10:34:58 PM  all   13.78    0.00    1.28    0.00    0.00    1.28    0.00    0.00    0.00   83.67
10:34:59 PM  all   14.68    0.00    1.49    0.00    0.00    2.49    0.00    0.00    0.00   81.34
10:35:00 PM  all   14.32    0.00    1.26    0.00    0.00    3.02    0.00    0.00    0.00   81.41
10:35:01 PM  all   16.25    0.00    1.75    0.00    0.00    2.00    0.00    0.00    0.00   80.00
10:35:02 PM  all   14.07    0.00    1.48    0.49    0.00    2.22    0.00    0.00    0.00   81.73
10:35:03 PM  all   13.89    0.00    0.76    0.00    0.00    1.77    0.00    0.00    0.00   83.59
10:35:04 PM  all   15.83    0.00    1.26    0.00    0.00    1.76    0.00    0.00    0.00   81.16
10:35:05 PM  all   15.62    0.00    1.01    0.00    0.00    1.51    0.00    0.00    0.00   81.86
10:35:06 PM  all   16.71    0.00    1.72    0.00    0.00    2.46    0.00    0.00    0.00   79.12
10:35:07 PM  all   14.21    0.00    0.76    0.00    0.00    2.28    0.00    0.00    0.00   82.74
10:35:08 PM  all   16.87    0.00    0.73    0.24    0.00    2.69    0.00    0.00    0.00   79.46
10:35:09 PM  all   15.21    0.00    1.50    0.00    0.00    1.50    0.00    0.00    0.00   81.80
10:35:10 PM  all   15.50    0.00    1.25    0.00    0.00    2.25    0.00    0.00    0.00   81.00
10:35:11 PM  all   15.83    0.00    1.51    0.00    0.00    2.01    0.00    0.00    0.00   80.65
10:35:12 PM  all   15.76    0.00    1.72    0.00    0.00    2.96    0.00    0.00    0.00   79.56
10:35:13 PM  all   16.54    0.00    0.99    0.00    0.00    1.48    0.00    0.00    0.00   80.99
10:35:14 PM  all   15.25    0.00    1.00    0.00    0.00    2.75    0.00    0.00    0.00   81.00
10:35:15 PM  all   15.08    0.00    1.26    0.00    0.00    0.75    0.00    0.00    0.00   82.91
10:35:16 PM  all   14.68    0.00    1.49    0.00    0.00    2.99    0.00    0.00    0.00   80.85
10:35:17 PM  all   16.59    0.00    1.46    0.00    0.00    2.20    0.00    0.00    0.00   79.76
10:35:18 PM  all   13.01    0.00    0.77    0.00    0.00    2.30    0.00    0.00    0.00   83.93
10:35:19 PM  all   14.89    0.00    1.24    0.00    0.00    2.48    0.00    0.00    0.00   81.39
10:35:20 PM  all   15.11    0.00    0.76    0.00    0.00    1.51    0.00    0.00    0.00   82.62
10:35:21 PM  all   17.16    0.00    1.47    0.00    0.00    1.23    0.00    0.00    0.00   80.15
10:35:22 PM  all   15.31    0.00    1.23    0.00    0.00    2.72    0.00    0.00    0.00   80.74
10:35:23 PM  all   13.97    0.00    1.75    0.00    0.00    2.49    0.00    0.00    0.00   81.80
10:35:24 PM  all   14.50    0.00    1.25    0.00    0.00    2.25    0.00    0.00    0.00   82.00
10:35:25 PM  all   13.89    0.00    1.26    0.00    0.00    1.26    0.00    0.00    0.00   83.59
10:35:26 PM  all   14.94    0.00    1.77    0.00    0.00    0.76    0.00    0.00    0.00   82.53
10:35:27 PM  all   15.69    0.00    1.96    0.00    0.00    1.96    0.00    0.00    0.00   80.39
10:35:28 PM  all   16.91    0.00    0.49    0.00    0.00    1.47    0.00    0.00    0.00   81.13
10:35:29 PM  all   15.80    0.00    1.23    0.00    0.00    1.73    0.00    0.00    0.00   81.23
10:35:30 PM  all   13.49    0.00    1.27    0.00    0.00    1.27    0.00    0.00    0.00   83.97
10:35:31 PM  all   14.57    0.00    0.99    0.00    0.00    2.96    0.00    0.00    0.00   81.48
10:35:32 PM  all   15.33    0.00    2.01    0.00    0.00    1.51    0.00    0.00    0.00   81.16
10:35:33 PM  all   17.36    0.00    1.47    0.00    0.00    1.47    0.00    0.00    0.00   79.71
10:35:34 PM  all   16.12    0.00    0.50    0.00    0.00    1.76    0.00    0.00    0.00   81.61
10:35:35 PM  all   15.93    0.00    1.72    0.00    0.00    1.96    0.00    0.00    0.00   80.39
10:35:36 PM  all   16.26    0.00    1.48    0.00    0.00    1.72    0.00    0.00    0.00   80.54
10:35:37 PM  all   15.14    0.00    1.24    0.00    0.00    1.99    0.00    0.00    0.00   81.64
10:35:38 PM  all   15.01    0.00    1.02    0.00    0.00    1.53    0.00    0.00    0.00   82.44
10:35:39 PM  all   14.85    0.00    2.72    0.00    0.00    1.98    0.00    0.00    0.00   80.45
10:35:40 PM  all   15.37    0.00    1.01    0.00    0.00    3.02    0.00    0.00    0.00   80.60
10:35:41 PM  all   16.38    0.00    0.50    0.00    0.00    1.74    0.00    0.00    0.00   81.39
10:35:42 PM  all   15.67    0.00    1.49    0.00    0.00    0.75    0.00    0.00    0.00   82.09
10:35:43 PM  all   16.18    0.00    0.98    0.00    0.00    2.94    0.00    0.00    0.00   79.90
10:35:44 PM  all   17.08    0.00    0.99    0.00    0.00    1.49    0.00    0.00    0.00   80.45
10:35:45 PM  all   16.41    0.00    1.79    0.00    0.00    1.03    0.00    0.00    0.00   80.77
10:35:46 PM  all   17.13    0.00    1.76    0.00    0.00    2.27    0.00    0.00    0.00   78.84
10:35:47 PM  all   19.40    0.00    1.49    0.00    0.00    2.49    0.00    0.00    0.00   76.62
10:35:48 PM  all   21.81    0.00    2.45    0.25    0.00    2.45    0.00    0.00    0.00   73.04
10:35:49 PM  all   23.19    0.00    1.00    0.00    0.00    2.24    0.00    0.00    0.00   73.57
10:35:50 PM  all   23.19    0.00    1.50    0.00    0.00    2.74    0.00    0.00    0.00   72.57
10:35:51 PM  all   21.37    0.00    1.53    0.00    0.00    3.82    0.00    0.00    0.00   73.28
10:35:52 PM  all   25.31    0.00    1.23    0.00    0.00    2.95    0.00    0.00    0.00   70.52
10:35:53 PM  all   23.56    0.00    1.50    0.00    0.00    3.26    0.00    0.00    0.00   71.68
10:35:54 PM  all   22.81    0.00    2.76    0.00    0.00    3.76    0.00    0.00    0.00   70.68
10:35:55 PM  all   24.37    0.00    1.76    0.00    0.00    3.02    0.00    0.00    0.00   70.85
10:35:56 PM  all   26.67    0.00    1.73    0.00    0.00    2.22    0.00    0.00    0.00   69.38
10:35:57 PM  all   28.40    0.00    2.72    0.00    0.00    3.46    0.00    0.00    0.00   65.43
10:35:58 PM  all   25.57    0.00    2.03    0.00    0.00    3.80    0.00    0.00    0.00   68.61
10:35:59 PM  all   27.34    0.00    1.27    0.00    0.00    3.29    0.00    0.00    0.00   68.10
10:36:00 PM  all   28.21    0.00    2.52    0.00    0.00    3.02    0.00    0.00    0.00   66.25
10:36:01 PM  all   27.54    0.00    2.48    0.00    0.00    4.71    0.00    0.00    0.00   65.26
10:36:02 PM  all   27.20    0.00    3.27    0.00    0.00    2.02    0.00    0.00    0.00   67.51
10:36:03 PM  all   29.57    0.00    2.01    0.00    0.00    3.76    0.00    0.00    0.00   64.66
10:36:04 PM  all   32.84    0.00    1.98    0.00    0.00    4.20    0.00    0.00    0.00   60.99
10:36:05 PM  all   31.36    0.00    2.96    0.00    0.00    3.46    0.00    0.00    0.00   62.22
10:36:06 PM  all   32.92    0.00    2.00    0.00    0.00    3.99    0.00    0.00    0.00   61.10
10:36:07 PM  all   31.49    0.00    3.27    0.00    0.00    3.78    0.00    0.00    0.00   61.46
10:36:08 PM  all   30.98    0.00    2.27    0.00    0.00    4.53    0.00    0.00    0.00   62.22
10:36:09 PM  all   34.01    0.00    2.77    0.00    0.00    3.02    0.00    0.00    0.00   60.20
10:36:10 PM  all   32.75    0.00    3.47    0.00    0.00    3.47    0.00    0.00    0.00   60.30
10:36:11 PM  all   32.58    0.00    2.27    0.00    0.00    5.05    0.00    0.00    0.00   60.10
10:36:12 PM  all   35.32    0.00    2.74    0.00    0.00    3.73    0.00    0.00    0.00   58.21
10:36:13 PM  all   37.00    0.00    1.75    0.00    0.00    3.50    0.00    0.00    0.00   57.75
10:36:14 PM  all   35.07    0.00    1.99    0.00    0.00    4.73    0.00    0.00    0.00   58.21
10:36:15 PM  all   35.80    0.00    2.47    0.00    0.00    5.19    0.00    0.00    0.00   56.54
10:36:16 PM  all   35.07    0.00    2.99    0.00    0.00    5.22    0.00    0.00    0.00   56.72
10:36:17 PM  all   34.43    0.00    2.03    0.00    0.00    4.56    0.00    0.00    0.00   58.99
10:36:18 PM  all   35.52    0.00    2.77    0.25    0.00    4.28    0.00    0.00    0.00   57.18
10:36:19 PM  all   33.33    0.00    2.53    0.00    0.00    3.79    0.00    0.00    0.00   60.35
10:36:20 PM  all   33.92    0.00    3.27    0.00    0.00    3.52    0.00    0.00    0.00   59.30
10:36:21 PM  all   37.75    0.00    3.00    0.00    0.00    3.00    0.00    0.00    0.00   56.25
10:36:22 PM  all   36.66    0.00    3.49    0.00    0.00    4.24    0.00    0.00    0.00   55.61
10:36:23 PM  all   39.71    0.00    2.18    0.00    0.00    2.91    0.00    0.00    0.00   55.21
10:36:24 PM  all   38.41    0.00    2.17    0.00    0.00    4.11    0.00    0.00    0.00   55.31
10:36:25 PM  all   37.53    0.00    1.73    0.00    0.00    4.44    0.00    0.00    0.00   56.30
10:36:26 PM  all   38.46    0.00    4.22    0.00    0.00    3.47    0.00    0.00    0.00   53.85
10:36:27 PM  all   37.53    0.00    2.27    0.00    0.00    3.53    0.00    0.00    0.00   56.68
10:36:28 PM  all   37.00    0.00    3.00    0.00    0.00    4.25    0.00    0.00    0.00   55.75
10:36:29 PM  all   34.11    0.00    2.58    0.00    0.00    4.13    0.00    0.00    0.00   59.17
10:36:30 PM  all   38.85    0.00    2.26    0.00    0.00    4.51    0.00    0.00    0.00   54.39
10:36:31 PM  all   38.39    0.00    3.18    0.00    0.00    3.91    0.00    0.00    0.00   54.52
10:36:32 PM  all   39.66    0.00    2.43    0.00    0.00    4.62    0.00    0.00    0.00   53.28
10:36:33 PM  all   35.11    0.00    2.80    0.00    0.00    4.33    0.00    0.00    0.00   57.76
10:36:34 PM  all   35.03    0.00    2.28    0.00    0.00    4.57    0.00    0.00    0.00   58.12
10:36:35 PM  all   38.63    0.00    2.44    0.00    0.00    5.38    0.00    0.00    0.00   53.55
10:36:36 PM  all   36.75    0.00    2.50    0.00    0.00    5.00    0.00    0.00    0.00   55.75
10:36:37 PM  all   36.25    0.00    3.00    0.00    0.00    5.50    0.00    0.00    0.00   55.25
10:36:38 PM  all   35.31    0.00    2.47    0.00    0.00    5.68    0.00    0.00    0.00   56.54
10:36:39 PM  all   31.78    0.00    2.84    0.00    0.00    6.72    0.00    0.00    0.00   58.66
10:36:40 PM  all   33.59    0.00    2.82    0.00    0.00    4.10    0.00    0.00    0.00   59.49
10:36:41 PM  all   31.36    0.00    3.08    0.00    0.00    4.88    0.00    0.00    0.00   60.67
10:36:42 PM  all   35.77    0.00    2.27    0.00    0.00    3.78    0.00    0.00    0.00   58.19
10:36:43 PM  all   37.08    0.00    2.30    0.00    0.00    4.35    0.00    0.00    0.00   56.27
10:36:44 PM  all   38.10    0.00    2.76    0.00    0.00    3.76    0.00    0.00    0.00   55.39
10:36:45 PM  all   37.75    0.00    2.50    0.00    0.00    4.50    0.00    0.00    0.00   55.25
10:36:46 PM  all   34.01    0.00    3.05    0.00    0.00    4.06    0.00    0.00    0.00   58.88
10:36:47 PM  all   36.88    0.00    2.48    0.00    0.00    4.70    0.00    0.00    0.00   55.94
10:36:48 PM  all   38.82    0.00    2.70    0.00    0.00    3.19    0.00    0.00    0.00   55.28
10:36:49 PM  all   38.96    0.00    3.23    0.00    0.00    3.47    0.00    0.00    0.00   54.34
10:36:50 PM  all   36.87    0.00    2.78    0.00    0.00    4.80    0.00    0.00    0.00   55.56
10:36:51 PM  all   36.82    0.00    1.74    0.00    0.00    4.73    0.00    0.00    0.00   56.72
10:36:52 PM  all   35.40    0.00    3.10    0.00    0.00    3.10    0.00    0.00    0.00   58.40
10:36:53 PM  all   38.29    0.00    2.52    0.00    0.00    4.03    0.00    0.00    0.00   55.16
10:36:54 PM  all   36.76    0.00    2.83    0.00    0.00    3.34    0.00    0.00    0.00   57.07
10:36:55 PM  all   37.34    0.00    1.75    0.00    0.00    4.26    0.00    0.00    0.00   56.64
10:36:56 PM  all   36.29    0.00    2.03    0.00    0.00    4.31    0.00    0.00    0.00   57.36
10:36:57 PM  all   35.19    0.00    1.77    0.00    0.00    5.82    0.00    0.00    0.00   57.22
10:36:58 PM  all   38.02    0.00    2.96    0.00    0.00    4.69    0.00    0.00    0.00   54.32
10:36:59 PM  all   35.31    0.00    3.61    0.00    0.00    3.87    0.00    0.00    0.00   57.22
10:37:00 PM  all   35.59    0.00    3.01    0.00    0.00    4.26    0.00    0.00    0.00   57.14
10:37:01 PM  all   36.75    0.00    4.00    0.00    0.00    3.75    0.00    0.00    0.00   55.50
10:37:02 PM  all   26.90    0.00    2.79    0.00    0.00    2.54    0.00    0.00    0.00   67.77
10:37:03 PM  all   35.04    0.00    3.07    0.00    0.00    3.32    0.00    0.00    0.00   58.57
10:37:04 PM  all   32.90    0.00    2.31    0.00    0.00    3.60    0.00    0.00    0.00   61.18
10:37:05 PM  all   34.22    0.00    3.13    0.00    0.00    4.10    0.00    0.00    0.00   58.55
10:37:06 PM  all   31.25    0.00    2.25    0.00    0.00    2.25    0.00    0.00    0.00   64.25
10:37:07 PM  all   30.46    0.00    2.28    0.00    0.00    2.03    0.00    0.00    0.00   65.23
10:37:08 PM  all   24.69    0.00    1.98    0.25    0.00    3.21    0.00    0.00    0.00   69.88
10:37:09 PM  all   23.51    0.00    2.23    0.00    0.00    1.73    0.00    0.00    0.00   72.52
10:37:10 PM  all   23.44    0.00    2.49    0.00    0.00    2.24    0.00    0.00    0.00   71.82
10:37:11 PM  all   18.62    0.00    1.02    0.00    0.00    2.81    0.00    0.00    0.00   77.55
10:37:12 PM  all   18.83    0.00    1.27    0.00    0.00    1.02    0.00    0.00    0.00   78.88
10:37:13 PM  all   17.52    0.00    1.22    0.00    0.00    2.19    0.00    0.00    0.00   79.08
10:37:14 PM  all   16.71    0.00    0.76    0.00    0.00    1.52    0.00    0.00    0.00   81.01
10:37:15 PM  all   14.57    0.00    1.01    0.00    0.00    0.75    0.00    0.00    0.00   83.67
10:37:16 PM  all   15.17    0.00    1.00    0.00    0.00    1.00    0.00    0.00    0.00   82.84
10:37:17 PM  all   14.75    0.00    1.00    0.00    0.00    1.75    0.00    0.00    0.00   82.50
10:37:18 PM  all   12.35    0.00    0.99    0.00    0.00    1.23    0.00    0.00    0.00   85.43
10:37:19 PM  all    4.56    0.00    1.01    0.00    0.00    0.25    0.00    0.00    0.00   94.18
10:37:20 PM  all    5.04    0.00    0.50    0.00    0.00    0.50    0.00    0.00    0.00   93.95
10:37:21 PM  all    5.25    0.00    0.25    0.00    0.00    0.00    0.00    0.00    0.00   94.50
10:37:22 PM  all    3.50    0.00    0.75    0.00    0.00    0.25    0.00    0.00    0.00   95.50
10:37:23 PM  all    4.59    0.00    0.51    0.00    0.00    0.51    0.00    0.00    0.00   94.39
10:37:24 PM  all   31.07    0.00    4.44    0.00    0.00    5.48    0.00    0.00    0.00   59.01
10:37:25 PM  all   32.16    0.00    4.05    0.00    0.00    5.41    0.00    0.00    0.00   58.38
10:37:26 PM  all   33.77    0.00    5.19    0.78    0.00    5.71    0.00    0.00    0.00   54.55
10:37:27 PM  all   34.36    0.00    3.85    0.00    0.00    4.87    0.00    0.00    0.00   56.92
10:37:28 PM  all   35.48    0.00    3.08    0.00    0.00    4.88    0.00    0.00    0.00   56.56
10:37:29 PM  all   34.62    0.00    4.87    0.00    0.00    5.90    0.00    0.00    0.00   54.62
10:37:30 PM  all   35.94    0.00    3.91    0.00    0.00    5.47    0.00    0.00    0.00   54.69
10:37:31 PM  all   35.66    0.00    4.91    0.00    0.00    6.20    0.00    0.00    0.00   53.23
10:37:32 PM  all   34.29    0.00    3.90    0.00    0.00    7.27    0.00    0.00    0.00   54.55
10:37:33 PM  all   36.55    0.00    3.13    0.00    0.00    5.48    0.00    0.00    0.00   54.83
10:37:34 PM  all   36.98    0.00    3.91    0.00    0.00    5.99    0.00    0.00    0.00   53.12
10:37:35 PM  all   33.33    0.00    4.65    0.00    0.00    6.72    0.00    0.00    0.00   55.30
10:37:36 PM  all   36.39    0.00    4.33    0.00    0.00    5.85    0.00    0.00    0.00   53.44
10:37:37 PM  all   33.42    0.00    4.44    0.00    0.00    5.48    0.00    0.00    0.00   56.66
10:37:38 PM  all   36.34    0.00    3.76    0.00    0.00    5.01    0.00    0.00    0.00   54.89
10:37:39 PM  all   35.55    0.00    3.84    0.00    0.00    6.65    0.00    0.00    0.00   53.96
10:37:40 PM  all   36.48    0.00    3.15    0.00    0.00    6.82    0.00    0.00    0.00   53.54
10:37:41 PM  all   36.95    0.00    2.58    0.00    0.00    5.94    0.00    0.00    0.00   54.52
10:37:42 PM  all   34.84    0.00    2.93    0.00    0.00    6.12    0.00    0.00    0.00   56.12
10:37:43 PM  all   33.76    0.00    4.35    0.00    0.00    6.39    0.00    0.00    0.00   55.50
10:37:44 PM  all   36.05    0.00    3.68    0.00    0.00    5.53    0.00    0.00    0.00   54.74
10:37:45 PM  all   34.18    0.00    4.81    0.00    0.00    5.82    0.00    0.00    0.00   55.19
10:37:46 PM  all   35.06    0.00    3.12    0.00    0.00    5.97    0.00    0.00    0.00   55.84
10:37:47 PM  all   34.54    0.00    4.64    0.00    0.00    5.15    0.00    0.00    0.00   55.67
10:37:48 PM  all   34.20    0.00    4.66    0.00    0.00    5.70    0.00    0.00    0.00   55.44
10:37:49 PM  all   33.94    0.00    2.87    0.00    0.00    5.48    0.00    0.00    0.00   57.70
10:37:50 PM  all   33.86    0.00    4.72    0.00    0.00    4.72    0.00    0.00    0.00   56.69
10:37:51 PM  all   35.11    0.00    3.46    0.00    0.00    5.32    0.00    0.00    0.00   56.12
10:37:52 PM  all   34.19    0.00    4.11    0.00    0.00    5.40    0.00    0.00    0.00   56.30
10:37:53 PM  all   34.82    0.00    3.66    0.00    0.00    5.24    0.00    0.00    0.00   56.28
10:37:54 PM  all   37.17    0.00    3.40    0.00    0.00    4.45    0.00    0.00    0.00   54.97
10:37:55 PM  all   34.56    0.00    3.43    0.00    0.00    5.01    0.00    0.00    0.00   56.99
10:37:56 PM  all   33.76    0.00    4.06    0.00    0.00    6.09    0.00    0.00    0.00   56.09
10:37:57 PM  all   33.78    0.00    4.26    0.00    0.00    3.99    0.00    0.00    0.00   57.98
10:37:58 PM  all   35.64    0.00    3.85    0.00    0.00    4.87    0.00    0.00    0.00   55.64
10:37:59 PM  all   32.35    0.00    2.94    0.00    0.00    6.68    0.00    0.00    0.00   58.02
10:38:00 PM  all   32.38    0.00    4.15    0.00    0.00    5.96    0.00    0.00    0.00   57.51
10:38:01 PM  all   32.46    0.00    3.40    0.00    0.00    6.02    0.00    0.00    0.00   58.12
10:38:02 PM  all   27.58    0.00    3.09    0.00    0.00    2.58    0.00    0.00    0.00   66.75
10:38:03 PM  all   32.55    0.00    3.91    0.00    0.00    4.95    0.00    0.00    0.00   58.59
10:38:04 PM  all   35.37    0.00    4.33    0.00    0.00    5.09    0.00    0.00    0.00   55.22
10:38:05 PM  all   32.72    0.00    3.69    0.00    0.00    4.49    0.00    0.00    0.00   59.10
10:38:06 PM  all   35.68    0.00    3.12    0.00    0.00    4.69    0.00    0.00    0.00   56.51
10:38:07 PM  all   32.65    0.00    4.88    0.00    0.00    6.43    0.00    0.00    0.00   56.04
10:38:08 PM  all   32.65    0.00    3.57    0.00    0.00    6.38    0.00    0.00    0.00   57.40
10:38:09 PM  all   31.77    0.00    4.17    0.00    0.00    3.65    0.00    0.00    0.00   60.42
10:38:10 PM  all   32.38    0.00    3.92    0.00    0.00    4.44    0.00    0.00    0.00   59.27
10:38:11 PM  all   35.13    0.00    3.85    0.00    0.00    5.38    0.00    0.00    0.00   55.64
10:38:12 PM  all   29.50    0.00    3.92    0.00    0.00    6.01    0.00    0.00    0.00   60.57
10:38:13 PM  all   32.08    0.00    2.43    0.00    0.00    4.31    0.00    0.00    0.00   61.19
10:38:14 PM  all   35.20    0.00    4.08    0.00    0.00    5.10    0.00    0.00    0.00   55.61
10:38:15 PM  all   31.28    0.00    3.85    0.00    0.00    5.64    0.00    0.00    0.00   59.23
10:38:16 PM  all   33.51    0.00    3.66    0.00    0.00    5.24    0.00    0.00    0.00   57.59
10:38:17 PM  all   32.80    0.00    3.97    0.26    0.00    4.76    0.00    0.00    0.00   58.20
10:38:18 PM  all   34.54    0.00    3.87    0.00    0.00    4.38    0.00    0.00    0.00   57.22
10:38:19 PM  all   35.73    0.00    3.34    0.00    0.00    3.86    0.00    0.00    0.00   57.07
10:38:20 PM  all   31.27    0.00    3.88    0.00    0.00    6.20    0.00    0.00    0.00   58.66
10:38:21 PM  all   35.68    0.00    4.02    0.00    0.00    5.28    0.00    0.00    0.00   55.03
10:38:22 PM  all   32.18    0.00    3.99    0.00    0.00    5.59    0.00    0.00    0.00   58.24
10:38:23 PM  all   34.81    0.00    3.38    0.00    0.00    3.90    0.00    0.00    0.00   57.92
10:38:24 PM  all   35.49    0.00    3.11    0.00    0.00    5.70    0.00    0.00    0.00   55.70
10:38:25 PM  all   36.48    0.00    2.62    0.00    0.00    3.15    0.00    0.00    0.00   57.74
10:38:26 PM  all   35.04    0.00    3.32    0.00    0.00    5.37    0.00    0.00    0.00   56.27
10:38:27 PM  all   34.96    0.00    2.83    0.26    0.00    5.40    0.00    0.00    0.00   56.56
10:38:28 PM  all   33.25    0.00    3.64    0.00    0.00    3.90    0.00    0.00    0.00   59.22
10:38:29 PM  all   33.85    0.00    2.82    0.00    0.00    5.38    0.00    0.00    0.00   57.95
10:38:30 PM  all   33.68    0.00    3.68    0.00    0.00    5.79    0.00    0.00    0.00   56.84
10:38:31 PM  all   34.13    0.00    3.44    0.00    0.00    5.56    0.00    0.00    0.00   56.88
10:38:32 PM  all   31.25    0.00    4.17    0.00    0.00    5.99    0.00    0.00    0.00   58.59
10:38:33 PM  all   33.50    0.00    3.53    0.00    0.00    5.04    0.00    0.00    0.00   57.93
10:38:34 PM  all   36.15    0.00    3.85    0.00    0.00    5.38    0.00    0.00    0.00   54.62
10:38:35 PM  all   34.61    0.00    4.07    0.00    0.00    5.09    0.00    0.00    0.00   56.23
10:38:36 PM  all   34.94    0.00    4.56    0.00    0.00    5.32    0.00    0.00    0.00   55.19
10:38:37 PM  all   33.33    0.00    3.54    0.00    0.00    6.57    0.00    0.00    0.00   56.57
10:38:38 PM  all   33.77    0.00    4.22    0.00    0.00    4.75    0.00    0.00    0.00   57.26
10:38:39 PM  all   33.08    0.00    4.33    0.00    0.00    5.34    0.00    0.00    0.00   57.25
10:38:40 PM  all   33.59    0.00    4.33    0.00    0.00    5.09    0.00    0.00    0.00   57.00
10:38:41 PM  all   33.77    0.00    3.90    0.00    0.00    5.45    0.00    0.00    0.00   56.88
10:38:42 PM  all   33.86    0.00    3.94    0.00    0.00    5.77    0.00    0.00    0.00   56.43
10:38:43 PM  all   33.42    0.00    3.68    0.00    0.00    5.79    0.00    0.00    0.00   57.11
10:38:44 PM  all   34.97    0.00    2.85    0.00    0.00    6.99    0.00    0.00    0.00   55.18
10:38:45 PM  all   30.71    0.00    4.46    0.00    0.00    5.51    0.00    0.00    0.00   59.32
10:38:46 PM  all   33.77    0.00    3.43    0.00    0.00    4.75    0.00    0.00    0.00   58.05
10:38:47 PM  all   33.07    0.00    3.94    0.00    0.00    3.67    0.00    0.00    0.00   59.32
10:38:48 PM  all   33.94    0.00    4.15    0.00    0.00    4.66    0.00    0.00    0.00   57.25
10:38:49 PM  all   33.94    0.00    3.39    0.00    0.00    4.96    0.00    0.00    0.00   57.70
10:38:50 PM  all   33.42    0.00    4.05    0.00    0.00    6.33    0.00    0.00    0.00   56.20
10:38:51 PM  all   34.86    0.00    3.56    0.00    0.00    5.60    0.00    0.00    0.00   55.98
10:38:52 PM  all   31.69    0.00    3.90    0.00    0.00    5.97    0.00    0.00    0.00   58.44
10:38:53 PM  all   33.68    0.00    5.53    0.00    0.00    5.79    0.00    0.00    0.00   55.00
10:38:54 PM  all   33.25    0.00    3.66    0.00    0.00    6.28    0.00    0.00    0.00   56.81
10:38:55 PM  all   32.75    0.00    4.53    0.00    0.00    5.79    0.00    0.00    0.00   56.93
10:38:56 PM  all   38.29    0.00    3.02    0.00    0.00    4.53    0.00    0.00    0.00   54.16
10:38:57 PM  all   31.27    0.00    2.96    0.00    0.00    4.85    0.00    0.00    0.00   60.92
10:38:58 PM  all   34.13    0.00    2.91    0.00    0.00    4.50    0.00    0.00    0.00   58.47
10:38:59 PM  all   30.95    0.00    3.70    0.00    0.00    4.50    0.00    0.00    0.00   60.85
10:39:00 PM  all   29.49    0.00    3.85    0.00    0.00    5.38    0.00    0.00    0.00   61.28
10:39:01 PM  all   25.20    0.00    1.57    0.00    0.00    3.94    0.00    0.00    0.00   69.29
10:39:02 PM  all   13.92    0.00    1.27    0.00    0.00    2.03    0.00    0.00    0.00   82.78
10:39:03 PM  all    5.34    0.00    0.51    0.00    0.00    0.51    0.00    0.00    0.00   93.64
10:39:04 PM  all    2.76    0.00    0.50    0.00    0.00    0.00    0.00    0.00    0.00   96.73
10:39:05 PM  all    1.49    0.00    0.50    0.00    0.00    0.00    0.00    0.00    0.00   98.01
10:39:06 PM  all    0.00    0.00    0.25    0.00    0.00    0.00    0.00    0.00    0.00   99.75
10:39:07 PM  all    0.00    0.00    0.00    0.00    0.00    0.00    0.00    0.00    0.00  100.00
10:39:08 PM  all    0.00    0.00    0.00    0.00    0.00    0.00    0.00    0.00    0.00  100.00
10:39:09 PM  all    0.25    0.00    0.25    0.00    0.00    0.00    0.00    0.00    0.00   99.50
10:39:10 PM  all    0.25    0.00    0.00    0.00    0.00    0.00    0.00    0.00    0.00   99.75
10:39:11 PM  all    1.25    0.00    0.00    0.00    0.00    0.50    0.00    0.00    0.00   98.25
10:39:12 PM  all    0.00    0.00    0.00    0.00    0.00    0.00    0.00    0.00    0.00  100.00
10:39:13 PM  all    0.00    0.00    0.00    0.25    0.00    0.00    0.00    0.00    0.00   99.75
10:39:14 PM  all    0.00    0.00    0.00    0.00    0.00    0.00    0.00    0.00    0.00  100.00
