Linux 5.15.0-173-generic (csb-bench-host-huawei) 	08/17/2026 	_x86_64_	(4 CPU)

12:24:33 AM  CPU    %usr   %nice    %sys %iowait    %irq   %soft  %steal  %guest  %gnice   %idle
12:24:34 AM  all    4.21    0.00    0.74    0.00    0.00    0.74    0.00    0.00    0.00   94.31
12:24:35 AM  all    3.75    0.00    0.25    0.00    0.00    0.25    0.00    0.00    0.00   95.75
12:24:36 AM  all    3.73    0.00    0.75    0.00    0.00    0.00    0.00    0.00    0.00   95.52
12:24:37 AM  all    2.54    0.00    0.00    0.00    0.00    0.25    0.00    0.00    0.00   97.21
12:24:38 AM  all    2.53    0.00    0.76    0.00    0.00    0.00    0.00    0.00    0.00   96.71
12:24:39 AM  all    2.52    0.00    0.25    0.00    0.00    0.25    0.00    0.00    0.00   96.98
12:24:40 AM  all    3.99    0.00    0.50    0.00    0.00    0.00    0.00    0.00    0.00   95.51
12:24:41 AM  all    2.99    0.00    0.75    0.00    0.00    0.25    0.00    0.00    0.00   96.01
12:24:42 AM  all    4.23    0.00    0.25    0.00    0.00    0.00    0.00    0.00    0.00   95.52
12:24:43 AM  all    4.90    0.00    0.49    0.00    0.00    0.49    0.00    0.00    0.00   94.12
12:24:44 AM  all    3.51    0.00    0.25    0.00    0.00    0.00    0.00    0.00    0.00   96.24
12:24:45 AM  all    2.54    0.00    0.00    0.00    0.00    0.00    0.00    0.00    0.00   97.46
12:24:46 AM  all    3.02    0.00    0.00    0.00    0.00    0.00    0.00    0.00    0.00   96.98
12:24:47 AM  all    2.52    0.00    0.50    0.00    0.00    0.00    0.00    0.00    0.00   96.98
12:24:48 AM  all    3.00    0.00    0.25    0.00    0.00    0.50    0.00    0.00    0.00   96.25
12:24:49 AM  all    3.72    0.00    0.50    0.25    0.00    0.25    0.00    0.00    0.00   95.29
12:24:50 AM  all    2.75    0.00    0.50    0.00    0.00    0.25    0.00    0.00    0.00   96.50
12:24:51 AM  all    2.51    0.00    0.25    0.00    0.00    0.00    0.00    0.00    0.00   97.24
12:24:52 AM  all    3.26    0.00    0.75    0.00    0.00    0.00    0.00    0.00    0.00   95.99
12:24:53 AM  all    2.78    0.00    0.00    0.00    0.00    0.00    0.00    0.00    0.00   97.22
12:24:54 AM  all    2.27    0.00    0.25    0.00    0.00    0.00    0.00    0.00    0.00   97.47
12:24:55 AM  all    2.53    0.00    0.51    0.00    0.00    0.00    0.00    0.00    0.00   96.97
12:24:56 AM  all    3.50    0.00    0.25    0.00    0.00    0.25    0.00    0.00    0.00   96.00
12:24:57 AM  all    2.99    0.00    1.00    0.00    0.00    0.25    0.00    0.00    0.00   95.76
12:24:58 AM  all    3.49    0.00    0.50    0.00    0.00    0.00    0.00    0.00    0.00   96.01
12:24:59 AM  all    3.99    0.00    0.00    0.00    0.00    0.50    0.00    0.00    0.00   95.51
12:25:00 AM  all    3.76    0.00    0.25    0.00    0.00    0.00    0.00    0.00    0.00   95.99
12:25:01 AM  all    2.75    0.00    0.25    0.50    0.00    0.25    0.00    0.00    0.00   96.25
12:25:02 AM  all    2.75    0.00    0.75    0.00    0.00    0.25    0.00    0.00    0.00   96.25
12:25:03 AM  all    2.53    0.00    0.25    0.00    0.00    0.00    0.00    0.00    0.00   97.22
12:25:04 AM  all    3.03    0.00    0.51    0.25    0.00    0.00    0.00    0.00    0.00   96.21
12:25:05 AM  all    3.25    0.00    0.25    0.00    0.00    0.25    0.00    0.00    0.00   96.25
12:25:06 AM  all    3.25    0.00    0.00    0.00    0.00    0.00    0.00    0.00    0.00   96.75
12:25:07 AM  all    2.78    0.00    0.25    0.00    0.00    0.00    0.00    0.00    0.00   96.97
12:25:08 AM  all    2.04    0.00    0.25    0.00    0.00    0.00    0.00    0.00    0.00   97.71
12:25:09 AM  all    2.76    0.00    0.25    0.00    0.00    0.25    0.00    0.00    0.00   96.73
12:25:10 AM  all    2.76    0.00    1.26    0.00    0.00    0.25    0.00    0.00    0.00   95.73
12:25:11 AM  all    3.02    0.00    0.25    0.00    0.00    0.25    0.00    0.00    0.00   96.48
12:25:12 AM  all    3.75    0.00    0.00    0.00    0.00    0.00    0.00    0.00    0.00   96.25
12:25:13 AM  all    2.02    0.00    0.76    0.00    0.00    0.50    0.00    0.00    0.00   96.73
12:25:14 AM  all    3.02    0.00    0.25    0.00    0.00    0.00    0.00    0.00    0.00   96.73
12:25:15 AM  all    3.51    0.00    0.50    0.00    0.00    0.00    0.00    0.00    0.00   95.99
12:25:16 AM  all    3.02    0.00    0.00    0.00    0.00    0.00    0.00    0.00    0.00   96.98
12:25:17 AM  all    3.24    0.00    0.75    0.00    0.00    0.00    0.00    0.00    0.00   96.01
12:25:18 AM  all    2.04    0.00    0.51    0.00    0.00    0.26    0.00    0.00    0.00   97.19
12:25:19 AM  all    3.96    0.00    0.25    0.00    0.00    0.00    0.00    0.00    0.00   95.79
12:25:20 AM  all    3.73    0.00    0.75    0.00    0.00    0.00    0.00    0.00    0.00   95.52
12:25:21 AM  all    3.26    0.00    0.50    0.00    0.00    0.00    0.00    0.00    0.00   96.24
12:25:22 AM  all    3.99    0.00    0.00    0.00    0.00    0.25    0.00    0.00    0.00   95.76
12:25:23 AM  all    2.78    0.00    0.00    0.00    0.00    0.00    0.00    0.00    0.00   97.22
12:25:24 AM  all    2.53    0.00    0.00    0.00    0.00    0.00    0.00    0.00    0.00   97.47
12:25:25 AM  all    2.27    0.00    1.01    0.00    0.00    0.00    0.00    0.00    0.00   96.72
12:25:26 AM  all    3.01    0.00    0.25    0.00    0.00    0.25    0.00    0.00    0.00   96.49
12:25:27 AM  all    2.76    0.00    0.25    0.00    0.00    0.25    0.00    0.00    0.00   96.73
12:25:28 AM  all    3.02    0.00    0.25    0.00    0.00    0.25    0.00    0.00    0.00   96.48
12:25:29 AM  all    3.99    0.00    0.00    0.25    0.00    0.00    0.00    0.00    0.00   95.76
12:25:30 AM  all    3.01    0.00    0.25    0.00    0.00    0.00    0.00    0.00    0.00   96.74
12:25:31 AM  all    2.53    0.00    0.00    0.00    0.00    0.00    0.00    0.00    0.00   97.47
12:25:32 AM  all    3.02    0.00    0.50    0.00    0.00    0.00    0.00    0.00    0.00   96.48
12:25:33 AM  all    3.51    0.00    0.25    0.00    0.00    0.00    0.00    0.00    0.00   96.24
12:25:34 AM  all    2.29    0.00    0.25    0.00    0.00    0.00    0.00    0.00    0.00   97.46
12:25:35 AM  all    3.55    0.00    0.25    0.00    0.00    0.25    0.00    0.00    0.00   95.94
12:25:36 AM  all    2.55    0.00    0.51    0.00    0.00    0.00    0.00    0.00    0.00   96.94
12:25:37 AM  all    6.59    0.00    0.73    0.00    0.00    0.24    0.00    0.00    0.00   92.44
12:25:38 AM  all    3.54    0.00    0.25    0.00    0.00    0.00    0.00    0.00    0.00   96.20
12:25:39 AM  all    4.26    0.00    1.00    0.00    0.00    0.00    0.00    0.00    0.00   94.74
12:25:40 AM  all    4.00    0.00    0.50    0.00    0.00    0.50    0.00    0.00    0.00   95.00
12:25:41 AM  all    4.24    0.00    0.25    0.00    0.00    0.50    0.00    0.00    0.00   95.01
12:25:42 AM  all    4.96    0.00    0.74    0.00    0.00    0.00    0.00    0.00    0.00   94.29
12:25:43 AM  all    3.06    0.00    0.26    0.00    0.00    0.26    0.00    0.00    0.00   96.43
12:25:44 AM  all    4.26    0.00    0.50    0.25    0.00    0.00    0.00    0.00    0.00   94.99
12:25:45 AM  all    4.77    0.00    0.00    0.00    0.00    0.00    0.00    0.00    0.00   95.23
12:25:46 AM  all    2.80    0.00    0.76    0.00    0.00    0.00    0.00    0.00    0.00   96.44
12:25:47 AM  all    4.50    0.00    0.00    0.00    0.00    0.25    0.00    0.00    0.00   95.25
12:25:48 AM  all    4.29    0.00    1.26    0.00    0.00    0.25    0.00    0.00    0.00   94.19
12:25:49 AM  all    3.03    0.00    0.76    0.00    0.00    0.00    0.00    0.00    0.00   96.21
12:25:50 AM  all    3.30    0.00    0.51    0.00    0.00    0.00    0.00    0.00    0.00   96.19
12:25:51 AM  all    2.54    0.00    0.51    0.00    0.00    0.00    0.00    0.00    0.00   96.95
12:25:52 AM  all    5.96    0.00    0.00    0.00    0.00    0.25    0.00    0.00    0.00   93.80
12:25:53 AM  all    4.96    0.00    0.50    0.00    0.00    0.25    0.00    0.00    0.00   94.29
12:25:54 AM  all    3.79    0.00    0.25    0.00    0.00    0.25    0.00    0.00    0.00   95.71
12:25:55 AM  all    3.29    0.00    0.51    0.00    0.00    0.25    0.00    0.00    0.00   95.95
12:25:56 AM  all    4.50    0.00    0.50    0.00    0.00    0.00    0.00    0.00    0.00   95.00
12:25:57 AM  all    4.49    0.00    0.50    0.00    0.00    0.50    0.00    0.00    0.00   94.51
12:25:58 AM  all    3.75    0.00    0.75    0.00    0.00    0.25    0.00    0.00    0.00   95.25
12:25:59 AM  all    5.25    0.00    0.75    0.00    0.00    0.25    0.00    0.00    0.00   93.75
12:26:00 AM  all    3.78    0.00    0.25    0.00    0.00    0.25    0.00    0.00    0.00   95.72
12:26:01 AM  all    3.02    0.00    0.25    0.00    0.00    0.00    0.00    0.00    0.00   96.73
12:26:02 AM  all    4.51    0.00    0.50    0.00    0.00    0.00    0.00    0.00    0.00   94.99
12:26:03 AM  all    3.79    0.00    0.25    0.00    0.00    0.25    0.00    0.00    0.00   95.71
12:26:04 AM  all    4.02    0.00    0.25    0.00    0.00    0.00    0.00    0.00    0.00   95.73
12:26:05 AM  all    4.96    0.00    0.99    0.00    0.00    0.00    0.00    0.00    0.00   94.04
12:26:06 AM  all    3.54    0.00    0.25    0.00    0.00    0.25    0.00    0.00    0.00   95.96
12:26:07 AM  all    4.26    0.00    0.50    0.00    0.00    0.25    0.00    0.00    0.00   94.99
12:26:08 AM  all    5.21    0.00    0.25    0.00    0.00    0.25    0.00    0.00    0.00   94.29
12:26:09 AM  all    2.81    0.00    0.51    0.00    0.00    0.00    0.00    0.00    0.00   96.68
12:26:10 AM  all    5.00    0.00    1.00    0.00    0.00    0.50    0.00    0.00    0.00   93.50
12:26:11 AM  all    4.98    0.00    0.50    0.00    0.00    0.50    0.00    0.00    0.00   94.03
12:26:12 AM  all    4.96    0.00    0.25    0.00    0.00    0.00    0.00    0.00    0.00   94.79
12:26:13 AM  all    4.23    0.00    1.00    0.00    0.00    0.25    0.00    0.00    0.00   94.53
12:26:14 AM  all    5.46    0.00    0.50    0.00    0.00    0.00    0.00    0.00    0.00   94.04
12:26:15 AM  all    5.28    0.00    0.00    0.00    0.00    0.00    0.00    0.00    0.00   94.72
12:26:16 AM  all    4.74    0.00    0.50    0.00    0.00    0.25    0.00    0.00    0.00   94.51
12:26:17 AM  all    3.55    0.00    0.00    0.00    0.00    0.00    0.00    0.00    0.00   96.45
12:26:18 AM  all    4.25    0.00    1.00    0.00    0.00    0.00    0.00    0.00    0.00   94.75
12:26:19 AM  all    4.21    0.00    0.99    0.00    0.00    0.99    0.00    0.00    0.00   93.81
12:26:20 AM  all    3.27    0.00    0.50    0.00    0.00    0.50    0.00    0.00    0.00   95.72
12:26:21 AM  all    5.04    0.00    0.50    0.00    0.00    0.25    0.00    0.00    0.00   94.21
12:26:22 AM  all    4.31    0.00    0.51    0.00    0.00    0.25    0.00    0.00    0.00   94.92
12:26:23 AM  all    6.95    0.00    0.50    0.00    0.00    0.74    0.00    0.00    0.00   91.81
12:26:24 AM  all    6.27    0.00    1.00    0.00    0.00    0.25    0.00    0.00    0.00   92.48
12:26:25 AM  all    7.52    0.00    0.00    0.00    0.00    0.75    0.00    0.00    0.00   91.73
12:26:26 AM  all    6.93    0.00    0.99    0.00    0.00    0.50    0.00    0.00    0.00   91.58
12:26:27 AM  all    8.00    0.00    0.25    0.00    0.00    0.25    0.00    0.00    0.00   91.50
12:26:28 AM  all    7.09    0.00    0.76    0.00    0.00    0.00    0.00    0.00    0.00   92.15
12:26:29 AM  all    7.48    0.00    0.25    0.00    0.00    0.50    0.00    0.00    0.00   91.77
12:26:30 AM  all    6.08    0.00    0.51    0.00    0.00    0.25    0.00    0.00    0.00   93.16
12:26:31 AM  all    6.95    0.00    0.99    0.00    0.00    0.50    0.00    0.00    0.00   91.56
12:26:32 AM  all    6.53    0.00    0.50    0.00    0.00    0.50    0.00    0.00    0.00   92.46
12:26:33 AM  all    7.29    0.00    0.50    0.00    0.00    0.00    0.00    0.00    0.00   92.21
12:26:34 AM  all    5.60    0.00    0.76    0.00    0.00    0.00    0.00    0.00    0.00   93.64
12:26:35 AM  all    6.85    0.00    0.51    0.00    0.00    0.25    0.00    0.00    0.00   92.39
12:26:36 AM  all    6.50    0.00    0.75    0.00    0.00    0.25    0.00    0.00    0.00   92.50
12:26:37 AM  all    6.33    0.00    0.51    0.00    0.00    0.00    0.00    0.00    0.00   93.16
12:26:38 AM  all    7.88    0.00    0.74    0.00    0.00    0.74    0.00    0.00    0.00   90.64
12:26:39 AM  all    6.50    0.00    1.00    0.00    0.00    0.25    0.00    0.00    0.00   92.25
12:26:40 AM  all    7.29    0.00    0.50    0.00    0.00    0.25    0.00    0.00    0.00   91.96
12:26:41 AM  all    8.71    0.00    0.75    0.00    0.00    0.50    0.00    0.00    0.00   90.05
12:26:42 AM  all   10.03    0.00    0.75    0.00    0.00    0.50    0.00    0.00    0.00   88.72
12:26:43 AM  all    8.82    0.00    0.76    0.00    0.00    0.76    0.00    0.00    0.00   89.67
12:26:44 AM  all   10.64    0.00    0.74    0.00    0.00    1.24    0.00    0.00    0.00   87.38
12:26:45 AM  all    8.61    0.00    0.76    0.00    0.00    0.76    0.00    0.00    0.00   89.87
12:26:46 AM  all   10.72    0.00    0.25    0.00    0.00    0.00    0.00    0.00    0.00   89.03
12:26:47 AM  all    9.34    0.00    1.01    0.00    0.00    0.76    0.00    0.00    0.00   88.89
12:26:48 AM  all    7.42    0.00    1.28    0.00    0.00    0.51    0.00    0.00    0.00   90.79
12:26:49 AM  all   10.34    0.00    0.99    0.00    0.00    0.99    0.00    0.00    0.00   87.68
12:26:50 AM  all    9.98    0.00    0.00    0.00    0.00    0.75    0.00    0.00    0.00   89.28
12:26:51 AM  all    8.50    0.00    1.50    0.00    0.00    1.00    0.00    0.00    0.00   89.00
12:26:52 AM  all    8.86    0.00    1.01    0.00    0.00    0.76    0.00    0.00    0.00   89.37
12:26:53 AM  all   10.03    0.00    0.50    0.00    0.00    0.25    0.00    0.00    0.00   89.22
12:26:54 AM  all    9.36    0.00    1.48    0.25    0.00    1.23    0.00    0.00    0.00   87.68
12:26:55 AM  all    9.98    0.00    1.00    0.00    0.00    0.50    0.00    0.00    0.00   88.53
12:26:56 AM  all   10.00    0.00    0.75    0.00    0.00    0.75    0.00    0.00    0.00   88.50
12:26:57 AM  all   10.20    0.00    0.75    0.00    0.00    0.75    0.00    0.00    0.00   88.31
12:26:58 AM  all    9.93    0.00    0.74    0.00    0.00    0.99    0.00    0.00    0.00   88.34
12:26:59 AM  all    8.38    0.00    1.27    0.00    0.00    0.76    0.00    0.00    0.00   89.59
12:27:00 AM  all    9.11    0.00    0.51    0.00    0.00    0.51    0.00    0.00    0.00   89.87
12:27:01 AM  all    6.53    0.00    0.50    0.00    0.00    0.50    0.00    0.00    0.00   92.46
12:27:02 AM  all   10.58    0.00    0.50    0.00    0.00    0.00    0.00    0.00    0.00   88.92
12:27:03 AM  all    9.05    0.00    0.50    0.00    0.00    1.01    0.00    0.00    0.00   89.45
12:27:04 AM  all    8.84    0.00    1.01    0.00    0.00    0.00    0.00    0.00    0.00   90.15
12:27:05 AM  all    8.79    0.00    0.75    0.00    0.00    1.01    0.00    0.00    0.00   89.45
12:27:06 AM  all    8.08    0.00    1.52    0.00    0.00    1.01    0.00    0.00    0.00   89.39
12:27:07 AM  all   10.42    0.00    0.74    0.00    0.00    0.74    0.00    0.00    0.00   88.09
12:27:08 AM  all   10.35    0.00    0.51    0.00    0.00    0.51    0.00    0.00    0.00   88.64
12:27:09 AM  all    8.08    0.00    1.26    0.00    0.00    0.76    0.00    0.00    0.00   89.90
12:27:10 AM  all   11.59    0.00    1.51    0.00    0.00    0.25    0.00    0.00    0.00   86.65
12:27:11 AM  all   10.70    0.00    1.00    0.00    0.00    1.24    0.00    0.00    0.00   87.06
12:27:12 AM  all    8.84    0.00    1.26    0.00    0.00    0.51    0.00    0.00    0.00   89.39
12:27:13 AM  all    9.55    0.00    1.26    0.00    0.00    0.50    0.00    0.00    0.00   88.69
12:27:14 AM  all    9.80    0.00    0.75    0.00    0.00    0.75    0.00    0.00    0.00   88.69
12:27:15 AM  all   10.03    0.00    0.50    0.00    0.00    0.50    0.00    0.00    0.00   88.97
12:27:16 AM  all    9.34    0.00    0.51    0.00    0.00    1.01    0.00    0.00    0.00   89.14
12:27:17 AM  all    8.88    0.00    0.51    0.00    0.00    0.25    0.00    0.00    0.00   90.36
12:27:18 AM  all   10.08    0.00    0.50    0.00    0.00    0.50    0.00    0.00    0.00   88.92
12:27:19 AM  all   10.00    0.00    0.75    0.25    0.00    0.50    0.00    0.00    0.00   88.50
12:27:20 AM  all    8.59    0.00    1.01    0.00    0.00    0.51    0.00    0.00    0.00   89.90
12:27:21 AM  all    8.61    0.00    0.51    0.00    0.00    1.01    0.00    0.00    0.00   89.87
12:27:22 AM  all    8.84    0.00    1.01    0.00    0.00    0.25    0.00    0.00    0.00   89.90
12:27:23 AM  all    9.50    0.00    0.75    0.00    0.00    0.50    0.00    0.00    0.00   89.25
12:27:24 AM  all    8.82    0.00    1.51    0.00    0.00    0.25    0.00    0.00    0.00   89.42
12:27:25 AM  all    9.32    0.00    1.26    0.00    0.00    1.01    0.00    0.00    0.00   88.41
12:27:26 AM  all    8.03    0.00    0.00    0.00    0.00    0.00    0.00    0.00    0.00   91.97
12:27:27 AM  all    9.34    0.00    0.51    0.00    0.00    0.51    0.00    0.00    0.00   89.65
12:27:28 AM  all   11.11    0.00    0.74    0.00    0.00    0.74    0.00    0.00    0.00   87.41
12:27:29 AM  all   10.32    0.00    0.74    0.00    0.00    0.98    0.00    0.00    0.00   87.96
12:27:30 AM  all    9.62    0.00    0.51    0.00    0.00    0.25    0.00    0.00    0.00   89.62
12:27:31 AM  all    9.50    0.00    1.50    0.00    0.00    1.00    0.00    0.00    0.00   88.00
12:27:32 AM  all    9.60    0.00    1.01    0.51    0.00    0.51    0.00    0.00    0.00   88.38
12:27:33 AM  all   11.79    0.00    0.49    0.00    0.00    0.74    0.00    0.00    0.00   86.98
12:27:34 AM  all    9.57    0.00    1.01    0.00    0.00    0.50    0.00    0.00    0.00   88.92
12:27:35 AM  all   10.33    0.00    0.50    0.50    0.00    0.76    0.00    0.00    0.00   87.91
12:27:36 AM  all    9.95    0.00    1.24    0.00    0.00    0.25    0.00    0.00    0.00   88.56
12:27:37 AM  all    9.11    0.00    0.25    0.00    0.00    0.76    0.00    0.00    0.00   89.87
12:27:38 AM  all    9.48    0.00    1.25    0.00    0.00    0.75    0.00    0.00    0.00   88.53
12:27:39 AM  all    9.32    0.00    0.50    0.00    0.00    0.50    0.00    0.00    0.00   89.67
12:27:40 AM  all    9.34    0.00    0.76    0.00    0.00    0.76    0.00    0.00    0.00   89.14
12:27:41 AM  all    9.88    0.00    1.48    0.00    0.00    1.73    0.00    0.00    0.00   86.91
12:27:42 AM  all   10.78    0.00    0.75    0.00    0.00    0.75    0.00    0.00    0.00   87.72
12:27:43 AM  all    8.61    0.00    0.51    0.00    0.00    0.51    0.00    0.00    0.00   90.38
12:27:44 AM  all    8.82    0.00    0.76    0.00    0.00    0.50    0.00    0.00    0.00   89.92
12:27:45 AM  all    9.30    0.00    0.50    0.00    0.00    0.50    0.00    0.00    0.00   89.70
12:27:46 AM  all   10.12    0.00    0.99    0.00    0.00    0.74    0.00    0.00    0.00   88.15
12:27:47 AM  all    9.25    0.00    1.25    0.00    0.00    0.50    0.00    0.00    0.00   89.00
12:27:48 AM  all   10.95    0.00    1.99    0.00    0.00    0.50    0.00    0.00    0.00   86.57
12:27:49 AM  all    9.62    0.00    0.25    0.00    0.00    0.25    0.00    0.00    0.00   89.87
12:27:50 AM  all   10.15    0.00    1.24    0.00    0.00    0.99    0.00    0.00    0.00   87.62
12:27:51 AM  all    9.41    0.00    1.24    0.00    0.00    0.74    0.00    0.00    0.00   88.61
12:27:52 AM  all    9.85    0.00    0.25    0.00    0.00    0.76    0.00    0.00    0.00   89.14
12:27:53 AM  all    8.71    0.00    1.00    0.00    0.00    1.00    0.00    0.00    0.00   89.30
12:27:54 AM  all    8.82    0.00    0.76    0.00    0.00    0.50    0.00    0.00    0.00   89.92
12:27:55 AM  all   10.75    0.00    0.50    0.00    0.00    0.50    0.00    0.00    0.00   88.25
12:27:56 AM  all    9.90    0.00    0.51    0.00    0.00    0.25    0.00    0.00    0.00   89.34
12:27:57 AM  all    9.55    0.00    0.75    0.00    0.00    1.51    0.00    0.00    0.00   88.19
12:27:58 AM  all    9.70    0.00    1.24    0.00    0.00    0.75    0.00    0.00    0.00   88.31
12:27:59 AM  all   10.64    0.00    0.74    0.00    0.00    1.24    0.00    0.00    0.00   87.38
12:28:00 AM  all    8.42    0.00    1.02    0.00    0.00    0.26    0.00    0.00    0.00   90.31
12:28:01 AM  all    8.54    0.00    0.00    0.00    0.00    0.75    0.00    0.00    0.00   90.70
12:28:02 AM  all    8.67    0.00    1.02    0.00    0.00    0.77    0.00    0.00    0.00   89.54
12:28:03 AM  all    8.93    0.00    0.51    0.00    0.00    0.26    0.00    0.00    0.00   90.31
12:28:04 AM  all   11.95    0.00    0.98    0.00    0.00    1.46    0.00    0.00    0.00   85.61
12:28:05 AM  all    8.65    0.00    0.00    0.00    0.00    1.27    0.00    0.00    0.00   90.08
12:28:06 AM  all    9.30    0.00    1.01    0.00    0.00    1.01    0.00    0.00    0.00   88.69
12:28:07 AM  all    8.61    0.00    0.51    0.00    0.00    0.76    0.00    0.00    0.00   90.13
12:28:08 AM  all    9.50    0.00    0.75    0.00    0.00    1.50    0.00    0.00    0.00   88.25
12:28:09 AM  all    8.38    0.00    1.02    0.00    0.00    0.25    0.00    0.00    0.00   90.36
12:28:10 AM  all    8.72    0.00    0.77    0.00    0.00    0.51    0.00    0.00    0.00   90.00
12:28:11 AM  all   10.22    0.00    1.00    0.00    0.00    0.50    0.00    0.00    0.00   88.28
12:28:12 AM  all    9.88    0.00    1.23    0.25    0.00    0.25    0.00    0.00    0.00   88.40
12:28:13 AM  all    8.71    0.00    1.24    0.00    0.00    1.00    0.00    0.00    0.00   89.05
12:28:14 AM  all    9.87    0.00    1.01    0.00    0.00    0.51    0.00    0.00    0.00   88.61
12:28:15 AM  all    9.68    0.00    0.99    0.00    0.00    0.74    0.00    0.00    0.00   88.59
12:28:16 AM  all    8.16    0.00    0.51    0.00    0.00    0.51    0.00    0.00    0.00   90.82
12:28:17 AM  all    7.56    0.00    1.01    0.00    0.00    0.76    0.00    0.00    0.00   90.68
12:28:18 AM  all    8.59    0.00    0.51    0.00    0.00    0.76    0.00    0.00    0.00   90.15
12:28:19 AM  all    8.65    0.00    0.00    0.00    0.00    0.00    0.00    0.00    0.00   91.35
12:28:20 AM  all    9.09    0.00    0.76    0.00    0.00    0.51    0.00    0.00    0.00   89.65
12:28:21 AM  all    9.18    0.00    0.99    0.00    0.00    1.49    0.00    0.00    0.00   88.34
12:28:22 AM  all    8.86    0.00    1.01    0.00    0.00    0.51    0.00    0.00    0.00   89.62
12:28:23 AM  all    9.46    0.00    0.26    0.00    0.00    0.51    0.00    0.00    0.00   89.77
12:28:24 AM  all    8.40    0.00    0.51    0.00    0.00    0.76    0.00    0.00    0.00   90.33
12:28:25 AM  all   11.60    0.00    0.74    0.00    0.00    0.74    0.00    0.00    0.00   86.91
12:28:26 AM  all   10.59    0.00    0.49    0.00    0.00    1.23    0.00    0.00    0.00   87.68
12:28:27 AM  all    8.63    0.00    0.76    0.00    0.00    0.25    0.00    0.00    0.00   90.36
12:28:28 AM  all    9.32    0.00    0.76    0.00    0.00    0.50    0.00    0.00    0.00   89.42
12:28:29 AM  all   10.55    0.00    0.25    0.00    0.00    0.00    0.00    0.00    0.00   89.20
12:28:30 AM  all    8.84    0.00    0.76    0.00    0.00    0.76    0.00    0.00    0.00   89.65
12:28:31 AM  all    9.70    0.00    1.00    0.00    0.00    0.75    0.00    0.00    0.00   88.56
12:28:32 AM  all    7.93    0.00    0.77    0.00    0.00    0.51    0.00    0.00    0.00   90.79
12:28:33 AM  all    9.50    0.00    0.75    0.00    0.00    0.75    0.00    0.00    0.00   89.00
12:28:34 AM  all    8.79    0.00    0.75    0.00    0.00    0.50    0.00    0.00    0.00   89.95
12:28:35 AM  all   10.15    0.00    0.50    0.00    0.00    1.73    0.00    0.00    0.00   87.62
12:28:36 AM  all    9.05    0.00    0.75    0.00    0.00    0.75    0.00    0.00    0.00   89.45
12:28:37 AM  all    7.16    0.00    0.51    0.26    0.00    0.77    0.00    0.00    0.00   91.30
12:28:38 AM  all    9.48    0.00    1.00    0.00    0.00    0.50    0.00    0.00    0.00   89.03
12:28:39 AM  all    9.93    0.00    1.24    0.00    0.00    0.74    0.00    0.00    0.00   88.09
12:28:40 AM  all    8.48    0.00    1.50    0.00    0.00    1.00    0.00    0.00    0.00   89.03
12:28:41 AM  all    8.29    0.00    0.75    0.00    0.00    0.75    0.00    0.00    0.00   90.20
12:28:42 AM  all    9.85    0.00    0.99    0.00    0.00    0.99    0.00    0.00    0.00   88.18
12:28:43 AM  all    9.09    0.00    0.51    0.00    0.00    1.01    0.00    0.00    0.00   89.39
12:28:44 AM  all    9.60    0.00    1.01    0.00    0.00    0.25    0.00    0.00    0.00   89.14
12:28:45 AM  all   10.10    0.00    0.51    0.00    0.00    0.25    0.00    0.00    0.00   89.14
12:28:46 AM  all    7.85    0.00    0.76    0.00    0.00    0.76    0.00    0.00    0.00   90.63
12:28:47 AM  all    9.64    0.00    0.51    0.00    0.00    0.25    0.00    0.00    0.00   89.59
12:28:48 AM  all   11.06    0.00    0.25    0.00    0.00    0.50    0.00    0.00    0.00   88.19
12:28:49 AM  all   10.10    0.00    0.76    0.00    0.00    0.00    0.00    0.00    0.00   89.14
12:28:50 AM  all    9.80    0.00    0.50    0.00    0.00    1.01    0.00    0.00    0.00   88.69
12:28:51 AM  all    9.27    0.00    1.25    0.00    0.00    0.75    0.00    0.00    0.00   88.72
12:28:52 AM  all    9.52    0.00    0.50    0.00    0.00    0.75    0.00    0.00    0.00   89.22
12:28:53 AM  all    8.98    0.00    1.00    0.00    0.00    0.50    0.00    0.00    0.00   89.53
12:28:54 AM  all    9.95    0.00    0.75    0.00    0.00    0.50    0.00    0.00    0.00   88.81
12:28:55 AM  all    8.82    0.00    0.76    0.00    0.00    0.50    0.00    0.00    0.00   89.92
12:28:56 AM  all    8.84    0.00    0.76    0.00    0.00    0.51    0.00    0.00    0.00   89.90
12:28:57 AM  all   10.25    0.00    0.50    0.00    0.00    0.25    0.00    0.00    0.00   89.00
12:28:58 AM  all    8.38    0.00    0.76    0.00    0.00    0.76    0.00    0.00    0.00   90.10
12:28:59 AM  all    9.32    0.00    1.01    0.00    0.00    0.76    0.00    0.00    0.00   88.92
12:29:00 AM  all   10.05    0.00    0.00    0.00    0.00    0.25    0.00    0.00    0.00   89.70
12:29:01 AM  all    8.44    0.00    1.02    0.00    0.00    0.51    0.00    0.00    0.00   90.03
12:29:02 AM  all    6.25    0.00    0.50    0.25    0.00    0.25    0.00    0.00    0.00   92.75
12:29:03 AM  all   10.50    0.00    0.75    0.00    0.00    0.50    0.00    0.00    0.00   88.25
12:29:04 AM  all   10.00    0.00    0.75    0.00    0.00    0.75    0.00    0.00    0.00   88.50
12:29:05 AM  all    8.75    0.00    1.00    0.00    0.00    1.25    0.00    0.00    0.00   89.00
12:29:06 AM  all    8.54    0.00    1.01    0.00    0.00    0.75    0.00    0.00    0.00   89.70
12:29:07 AM  all    8.59    0.00    0.76    0.00    0.00    0.76    0.00    0.00    0.00   89.90
12:29:08 AM  all    8.84    0.00    0.76    0.00    0.00    1.01    0.00    0.00    0.00   89.39
12:29:09 AM  all    8.31    0.00    1.01    0.00    0.00    1.01    0.00    0.00    0.00   89.67
12:29:10 AM  all   10.75    0.00    0.75    0.00    0.00    0.75    0.00    0.00    0.00   87.75
12:29:11 AM  all    7.61    0.00    0.51    0.00    0.00    1.02    0.00    0.00    0.00   90.86
12:29:12 AM  all    7.71    0.00    0.51    0.00    0.00    0.26    0.00    0.00    0.00   91.52
12:29:13 AM  all    8.79    0.00    1.01    0.00    0.00    0.75    0.00    0.00    0.00   89.45
12:29:14 AM  all   10.95    0.00    1.24    0.00    0.00    0.50    0.00    0.00    0.00   87.31
12:29:15 AM  all    9.05    0.00    0.75    0.00    0.00    0.75    0.00    0.00    0.00   89.45
12:29:16 AM  all    7.89    0.00    1.02    0.00    0.00    0.76    0.00    0.00    0.00   90.33
12:29:17 AM  all    7.40    0.00    0.77    0.00    0.00    0.77    0.00    0.00    0.00   91.07
12:29:18 AM  all    8.33    0.00    0.76    0.00    0.00    0.76    0.00    0.00    0.00   90.15
12:29:19 AM  all   10.40    0.00    0.74    0.00    0.00    0.50    0.00    0.00    0.00   88.37
12:29:20 AM  all    8.52    0.00    0.75    0.00    0.00    0.75    0.00    0.00    0.00   89.97
12:29:21 AM  all    8.14    0.00    0.25    0.00    0.00    0.76    0.00    0.00    0.00   90.84
12:29:22 AM  all   10.28    0.00    0.75    0.00    0.00    0.50    0.00    0.00    0.00   88.47
12:29:23 AM  all    9.45    0.00    0.75    0.25    0.00    1.00    0.00    0.00    0.00   88.56
12:29:24 AM  all    8.56    0.00    0.76    0.00    0.00    1.01    0.00    0.00    0.00   89.67
12:29:25 AM  all    8.12    0.00    0.76    0.00    0.00    0.25    0.00    0.00    0.00   90.86
12:29:26 AM  all    9.11    0.00    0.76    0.00    0.00    0.51    0.00    0.00    0.00   89.62
12:29:27 AM  all    8.98    0.00    1.25    0.00    0.00    1.00    0.00    0.00    0.00   88.78
12:29:28 AM  all    9.77    0.00    0.25    0.00    0.00    1.00    0.00    0.00    0.00   88.97
12:29:29 AM  all   10.17    0.00    0.99    0.00    0.00    0.50    0.00    0.00    0.00   88.34
12:29:30 AM  all    7.61    0.00    0.51    0.00    0.00    1.02    0.00    0.00    0.00   90.86
12:29:31 AM  all    9.44    0.00    0.77    0.00    0.00    0.51    0.00    0.00    0.00   89.29
12:29:32 AM  all    8.88    0.00    1.27    0.00    0.00    0.25    0.00    0.00    0.00   89.59
12:29:33 AM  all   11.28    0.00    0.25    0.00    0.00    0.75    0.00    0.00    0.00   87.72
12:29:34 AM  all    8.86    0.00    0.25    0.00    0.00    0.51    0.00    0.00    0.00   90.38
12:29:35 AM  all   10.17    0.00    0.50    0.00    0.00    0.99    0.00    0.00    0.00   88.34
12:29:36 AM  all    7.65    0.00    1.28    0.00    0.00    0.00    0.00    0.00    0.00   91.07
12:29:37 AM  all   10.17    0.00    0.74    0.00    0.00    0.50    0.00    0.00    0.00   88.59
12:29:38 AM  all    8.93    0.00    1.02    0.26    0.00    0.51    0.00    0.00    0.00   89.29
12:29:39 AM  all    9.50    0.00    1.00    0.00    0.00    0.75    0.00    0.00    0.00   88.75
12:29:40 AM  all   10.67    0.00    0.25    0.00    0.00    0.50    0.00    0.00    0.00   88.59
12:29:41 AM  all    9.05    0.00    0.25    0.00    0.00    1.01    0.00    0.00    0.00   89.70
12:29:42 AM  all    8.61    0.00    1.01    0.00    0.00    0.00    0.00    0.00    0.00   90.38
12:29:43 AM  all    8.08    0.00    1.26    0.00    0.00    0.76    0.00    0.00    0.00   89.90
12:29:44 AM  all    9.48    0.00    0.25    0.00    0.00    0.75    0.00    0.00    0.00   89.53
12:29:45 AM  all    9.18    0.00    1.24    0.00    0.00    0.99    0.00    0.00    0.00   88.59
12:29:46 AM  all    8.63    0.00    0.51    0.00    0.00    0.00    0.00    0.00    0.00   90.86
12:29:47 AM  all   10.17    0.00    1.49    0.00    0.00    0.74    0.00    0.00    0.00   87.59
12:29:48 AM  all   10.20    0.00    2.24    0.00    0.00    1.00    0.00    0.00    0.00   86.57
12:29:49 AM  all    9.32    0.00    1.01    0.00    0.00    0.25    0.00    0.00    0.00   89.42
12:29:50 AM  all   10.34    0.00    0.74    0.00    0.00    0.74    0.00    0.00    0.00   88.18
12:29:51 AM  all    9.43    0.00    0.99    0.00    0.00    0.74    0.00    0.00    0.00   88.83
12:29:52 AM  all    8.18    0.00    0.26    0.00    0.00    0.00    0.00    0.00    0.00   91.56
12:29:53 AM  all    8.38    0.00    1.02    0.00    0.00    0.25    0.00    0.00    0.00   90.36
12:29:54 AM  all    8.52    0.00    1.00    0.00    0.00    1.25    0.00    0.00    0.00   89.22
12:29:55 AM  all    9.93    0.00    1.24    0.00    0.00    0.50    0.00    0.00    0.00   88.34
12:29:56 AM  all    9.27    0.00    1.25    0.00    0.00    0.50    0.00    0.00    0.00   88.97
12:29:57 AM  all   10.00    0.00    0.75    0.00    0.00    1.00    0.00    0.00    0.00   88.25
12:29:58 AM  all    9.02    0.00    0.75    0.25    0.00    0.25    0.00    0.00    0.00   89.72
12:29:59 AM  all    8.70    0.00    0.51    0.00    0.00    0.77    0.00    0.00    0.00   90.03
12:30:00 AM  all   11.33    0.00    0.99    0.00    0.00    0.99    0.00    0.00    0.00   86.70
12:30:01 AM  all    6.55    0.00    0.76    0.00    0.00    0.50    0.00    0.00    0.00   92.19
12:30:02 AM  all   10.25    0.00    0.75    0.00    0.00    1.00    0.00    0.00    0.00   88.00
12:30:03 AM  all    8.59    0.00    0.76    0.00    0.00    0.25    0.00    0.00    0.00   90.40
12:30:04 AM  all    9.98    0.00    0.75    0.00    0.00    0.50    0.00    0.00    0.00   88.78
12:30:05 AM  all    8.40    0.00    1.02    0.00    0.00    0.25    0.00    0.00    0.00   90.33
12:30:06 AM  all    9.11    0.00    0.25    0.00    0.00    1.01    0.00    0.00    0.00   89.62
12:30:07 AM  all    8.84    0.00    1.26    0.00    0.00    0.51    0.00    0.00    0.00   89.39
12:30:08 AM  all    6.96    0.00    0.26    0.00    0.00    0.52    0.00    0.00    0.00   92.27
12:30:09 AM  all    9.50    0.00    0.50    0.00    0.00    1.00    0.00    0.00    0.00   89.00
12:30:10 AM  all    9.52    0.00    1.00    0.00    0.00    1.00    0.00    0.00    0.00   88.47
12:30:11 AM  all    8.12    0.00    1.78    0.00    0.00    0.25    0.00    0.00    0.00   89.85
12:30:12 AM  all   10.33    0.00    0.00    0.00    0.00    0.25    0.00    0.00    0.00   89.42
12:30:13 AM  all    7.89    0.00    0.51    0.00    0.00    0.51    0.00    0.00    0.00   91.09
12:30:14 AM  all    9.09    0.00    1.01    0.00    0.00    0.76    0.00    0.00    0.00   89.14
12:30:15 AM  all    9.57    0.00    0.76    0.00    0.00    0.25    0.00    0.00    0.00   89.42
12:30:16 AM  all    9.21    0.00    0.51    0.00    0.00    0.26    0.00    0.00    0.00   90.03
12:30:17 AM  all   10.89    0.00    0.74    0.00    0.00    0.99    0.00    0.00    0.00   87.38
12:30:18 AM  all   10.72    0.00    0.75    0.00    0.00    1.00    0.00    0.00    0.00   87.53
12:30:19 AM  all    7.95    0.00    0.51    0.00    0.00    0.26    0.00    0.00    0.00   91.28
12:30:20 AM  all    8.56    0.00    0.76    0.00    0.00    0.25    0.00    0.00    0.00   90.43
12:30:21 AM  all   10.00    0.00    0.75    0.00    0.00    0.75    0.00    0.00    0.00   88.50
12:30:22 AM  all    8.88    0.00    1.02    0.00    0.00    0.00    0.00    0.00    0.00   90.10
12:30:23 AM  all    8.65    0.00    0.76    0.00    0.00    0.25    0.00    0.00    0.00   90.33
12:30:24 AM  all   10.42    0.00    1.24    0.00    0.00    0.74    0.00    0.00    0.00   87.59
12:30:25 AM  all    9.05    0.00    0.75    0.00    0.00    0.75    0.00    0.00    0.00   89.45
12:30:26 AM  all    9.80    0.00    1.26    0.00    0.00    0.25    0.00    0.00    0.00   88.69
12:30:27 AM  all    9.41    0.00    0.74    0.00    0.00    0.74    0.00    0.00    0.00   89.11
12:30:28 AM  all    7.46    0.00    0.77    0.00    0.00    0.26    0.00    0.00    0.00   91.52
12:30:29 AM  all    9.52    0.00    0.50    0.00    0.00    1.00    0.00    0.00    0.00   88.97
12:30:30 AM  all    9.18    0.00    1.99    0.00    0.00    1.24    0.00    0.00    0.00   87.59
12:30:31 AM  all   10.75    0.00    0.25    0.00    0.00    0.50    0.00    0.00    0.00   88.50
12:30:32 AM  all    8.12    0.00    1.02    0.00    0.00    0.25    0.00    0.00    0.00   90.61
12:30:33 AM  all   10.28    0.00    0.50    0.00    0.00    0.50    0.00    0.00    0.00   88.72
12:30:34 AM  all    7.46    0.00    0.26    0.00    0.00    0.00    0.00    0.00    0.00   92.29
12:30:35 AM  all   10.00    0.00    0.50    0.00    0.00    1.00    0.00    0.00    0.00   88.50
12:30:36 AM  all    8.73    0.00    1.50    0.00    0.00    0.75    0.00    0.00    0.00   89.03
12:30:37 AM  all    7.65    0.00    0.51    0.00    0.00    0.77    0.00    0.00    0.00   91.07
12:30:38 AM  all   10.70    0.00    0.25    0.00    0.00    0.75    0.00    0.00    0.00   88.31
12:30:39 AM  all    8.40    0.00    1.02    0.00    0.00    0.51    0.00    0.00    0.00   90.08
12:30:40 AM  all    9.27    0.00    0.75    0.00    0.00    1.50    0.00    0.00    0.00   88.47
12:30:41 AM  all    9.82    0.00    0.50    0.00    0.00    0.50    0.00    0.00    0.00   89.17
12:30:42 AM  all    9.18    0.00    1.24    0.00    0.00    0.74    0.00    0.00    0.00   88.83
12:30:43 AM  all    8.75    0.00    1.25    0.00    0.00    1.00    0.00    0.00    0.00   89.00
12:30:44 AM  all    8.65    0.00    0.25    0.00    0.00    0.51    0.00    0.00    0.00   90.59
12:30:45 AM  all    9.09    0.00    0.51    0.00    0.00    0.76    0.00    0.00    0.00   89.65
12:30:46 AM  all   10.00    0.00    0.50    0.00    0.00    0.50    0.00    0.00    0.00   89.00
12:30:47 AM  all    9.32    0.00    0.25    0.00    0.00    0.50    0.00    0.00    0.00   89.92
12:30:48 AM  all    9.30    0.00    0.75    0.25    0.00    0.75    0.00    0.00    0.00   88.94
12:30:49 AM  all    8.79    0.00    1.01    0.00    0.00    0.75    0.00    0.00    0.00   89.45
12:30:50 AM  all    8.56    0.00    0.76    0.00    0.00    0.76    0.00    0.00    0.00   89.92
12:30:51 AM  all    8.08    0.00    0.76    0.00    0.00    0.51    0.00    0.00    0.00   90.66
12:30:52 AM  all   10.22    0.00    0.50    0.00    0.00    1.00    0.00    0.00    0.00   88.28
12:30:53 AM  all    9.32    0.00    1.01    0.00    0.00    0.50    0.00    0.00    0.00   89.17
12:30:54 AM  all    7.93    0.00    0.51    0.00    0.00    0.00    0.00    0.00    0.00   91.56
12:30:55 AM  all    7.38    0.00    1.02    0.00    0.00    0.76    0.00    0.00    0.00   90.84
12:30:56 AM  all    7.93    0.00    0.26    0.00    0.00    0.51    0.00    0.00    0.00   91.30
12:30:57 AM  all    8.33    0.00    1.26    0.00    0.00    0.76    0.00    0.00    0.00   89.65
12:30:58 AM  all    8.88    0.00    0.51    0.00    0.00    0.76    0.00    0.00    0.00   89.85
12:30:59 AM  all    9.73    0.00    0.50    0.00    0.00    1.25    0.00    0.00    0.00   88.53
12:31:00 AM  all    9.23    0.00    1.50    0.00    0.00    1.00    0.00    0.00    0.00   88.28
12:31:01 AM  all    6.31    0.00    1.26    0.00    0.00    0.76    0.00    0.00    0.00   91.67
12:31:02 AM  all    7.30    0.00    1.01    0.00    0.00    1.01    0.00    0.00    0.00   90.68
12:31:03 AM  all    9.05    0.00    0.75    0.00    0.00    0.75    0.00    0.00    0.00   89.45
12:31:04 AM  all    8.93    0.00    0.51    0.00    0.00    0.51    0.00    0.00    0.00   90.05
12:31:05 AM  all    9.73    0.00    0.75    0.00    0.00    1.00    0.00    0.00    0.00   88.53
12:31:06 AM  all   10.67    0.00    0.74    0.00    0.00    0.50    0.00    0.00    0.00   88.09
12:31:07 AM  all    8.86    0.00    0.76    0.00    0.00    0.76    0.00    0.00    0.00   89.62
12:31:08 AM  all    9.73    0.00    0.50    0.00    0.00    1.50    0.00    0.00    0.00   88.28
12:31:09 AM  all    9.32    0.00    0.76    0.00    0.00    0.76    0.00    0.00    0.00   89.17
12:31:10 AM  all    9.67    0.00    1.02    0.00    0.00    0.51    0.00    0.00    0.00   88.80
12:31:11 AM  all    6.98    0.00    1.03    0.00    0.00    0.26    0.00    0.00    0.00   91.73
12:31:12 AM  all    9.32    0.00    0.50    0.00    0.00    1.01    0.00    0.00    0.00   89.17
12:31:13 AM  all    8.14    0.00    0.76    0.25    0.00    0.25    0.00    0.00    0.00   90.59
12:31:14 AM  all    7.63    0.00    0.76    0.00    0.00    0.76    0.00    0.00    0.00   90.84
12:31:15 AM  all    8.38    0.00    1.02    0.00    0.00    0.25    0.00    0.00    0.00   90.36
12:31:16 AM  all   10.45    0.00    1.24    0.00    0.00    0.50    0.00    0.00    0.00   87.81
12:31:17 AM  all    8.33    0.00    0.51    0.00    0.00    0.76    0.00    0.00    0.00   90.40
12:31:18 AM  all    8.10    0.00    1.52    0.00    0.00    0.51    0.00    0.00    0.00   89.87
12:31:19 AM  all    9.05    0.00    0.75    0.00    0.00    0.75    0.00    0.00    0.00   89.45
12:31:20 AM  all    9.37    0.00    1.01    0.00    0.00    0.25    0.00    0.00    0.00   89.37
12:31:21 AM  all    7.93    0.00    0.51    0.00    0.00    0.26    0.00    0.00    0.00   91.30
12:31:22 AM  all    9.00    0.00    0.75    0.00    0.00    1.25    0.00    0.00    0.00   89.00
12:31:23 AM  all    8.79    0.00    0.25    0.00    0.00    0.75    0.00    0.00    0.00   90.20
12:31:24 AM  all   10.67    0.00    0.50    0.00    0.00    0.74    0.00    0.00    0.00   88.09
12:31:25 AM  all    8.46    0.00    1.24    0.00    0.00    1.24    0.00    0.00    0.00   89.05
12:31:26 AM  all    8.88    0.00    0.25    0.00    0.00    0.25    0.00    0.00    0.00   90.61
12:31:27 AM  all    8.56    0.00    0.50    0.00    0.00    0.50    0.00    0.00    0.00   90.43
12:31:28 AM  all    9.23    0.00    1.00    0.00    0.00    1.00    0.00    0.00    0.00   88.78
12:31:29 AM  all    9.23    0.00    0.51    0.00    0.00    0.51    0.00    0.00    0.00   89.74
12:31:30 AM  all    8.93    0.00    1.49    0.00    0.00    0.50    0.00    0.00    0.00   89.08
12:31:31 AM  all    9.68    0.00    0.74    0.00    0.00    0.74    0.00    0.00    0.00   88.83
12:31:32 AM  all    8.08    0.00    0.76    0.00    0.00    0.76    0.00    0.00    0.00   90.40
12:31:33 AM  all    9.23    0.00    1.00    0.00    0.00    0.75    0.00    0.00    0.00   89.03
12:31:34 AM  all    8.31    0.00    1.26    0.00    0.00    0.76    0.00    0.00    0.00   89.67
12:31:35 AM  all    8.79    0.00    0.50    0.00    0.00    0.50    0.00    0.00    0.00   90.20
12:31:36 AM  all    8.56    0.00    1.01    0.00    0.00    0.50    0.00    0.00    0.00   89.92
12:31:37 AM  all    8.10    0.00    0.25    0.00    0.00    0.51    0.00    0.00    0.00   91.14
12:31:38 AM  all    9.77    0.00    0.75    0.00    0.00    0.75    0.00    0.00    0.00   88.72
12:31:39 AM  all    8.35    0.00    0.51    0.00    0.00    1.01    0.00    0.00    0.00   90.13
12:31:40 AM  all    8.33    0.00    0.76    0.00    0.00    0.25    0.00    0.00    0.00   90.66
12:31:41 AM  all    9.16    0.00    0.99    0.00    0.00    1.24    0.00    0.00    0.00   88.61
12:31:42 AM  all    7.87    0.00    0.25    0.00    0.00    0.00    0.00    0.00    0.00   91.88
12:31:43 AM  all   10.03    0.00    0.50    0.00    0.00    1.00    0.00    0.00    0.00   88.47
12:31:44 AM  all    9.73    0.00    1.25    0.00    0.00    0.75    0.00    0.00    0.00   88.28
12:31:45 AM  all    9.05    0.00    0.75    0.00    0.00    1.01    0.00    0.00    0.00   89.20
12:31:46 AM  all    8.12    0.00    0.51    0.00    0.00    0.76    0.00    0.00    0.00   90.61
12:31:47 AM  all   10.40    0.00    0.50    0.00    0.00    0.50    0.00    0.00    0.00   88.61
12:31:48 AM  all    9.32    0.00    1.51    0.00    0.00    1.01    0.00    0.00    0.00   88.16
12:31:49 AM  all   10.42    0.00    0.25    0.00    0.00    0.74    0.00    0.00    0.00   88.59
12:31:50 AM  all    9.95    0.00    0.75    0.00    0.00    0.50    0.00    0.00    0.00   88.81
12:31:51 AM  all    8.35    0.00    0.25    0.00    0.00    0.51    0.00    0.00    0.00   90.89
12:31:52 AM  all   10.64    0.00    0.99    0.00    0.00    0.50    0.00    0.00    0.00   87.87
12:31:53 AM  all    8.29    0.00    1.01    0.25    0.00    0.50    0.00    0.00    0.00   89.95
12:31:54 AM  all    9.25    0.00    1.00    0.00    0.00    0.50    0.00    0.00    0.00   89.25
12:31:55 AM  all   10.15    0.00    0.50    0.00    0.00    0.99    0.00    0.00    0.00   88.37
12:31:56 AM  all    8.33    0.00    1.01    0.00    0.00    1.01    0.00    0.00    0.00   89.65
12:31:57 AM  all    9.64    0.00    1.27    0.00    0.00    0.51    0.00    0.00    0.00   88.58
12:31:58 AM  all    9.73    0.00    1.00    0.50    0.00    0.75    0.00    0.00    0.00   88.03
12:31:59 AM  all   10.25    0.00    0.50    0.00    0.00    0.50    0.00    0.00    0.00   88.75
12:32:00 AM  all    9.55    0.00    0.75    0.00    0.00    0.50    0.00    0.00    0.00   89.20
12:32:01 AM  all    5.99    0.00    1.75    0.00    0.00    0.25    0.00    0.00    0.00   92.02
12:32:02 AM  all    9.98    0.00    0.75    0.00    0.00    0.75    0.00    0.00    0.00   88.53
12:32:03 AM  all   10.20    0.00    0.50    0.00    0.00    0.75    0.00    0.00    0.00   88.56
12:32:04 AM  all    9.88    0.00    0.99    0.00    0.00    1.23    0.00    0.00    0.00   87.90
12:32:05 AM  all    9.48    0.00    0.25    0.00    0.00    0.50    0.00    0.00    0.00   89.78
12:32:06 AM  all    8.12    0.00    0.51    0.00    0.00    0.25    0.00    0.00    0.00   91.12
12:32:07 AM  all    6.70    0.00    0.77    0.00    0.00    0.52    0.00    0.00    0.00   92.01
12:32:08 AM  all    7.59    0.00    1.01    0.00    0.00    0.51    0.00    0.00    0.00   90.89
12:32:09 AM  all    9.48    0.00    1.00    0.00    0.00    0.75    0.00    0.00    0.00   88.78
12:32:10 AM  all    8.61    0.00    0.76    0.00    0.00    1.27    0.00    0.00    0.00   89.37
12:32:11 AM  all    7.14    0.00    1.28    0.00    0.00    0.77    0.00    0.00    0.00   90.82
12:32:12 AM  all    8.14    0.00    0.76    0.00    0.00    0.51    0.00    0.00    0.00   90.59
12:32:13 AM  all    8.93    0.00    0.74    0.25    0.00    0.99    0.00    0.00    0.00   89.08
12:32:14 AM  all    9.73    0.00    0.50    0.00    0.00    0.50    0.00    0.00    0.00   89.28
12:32:15 AM  all    9.73    0.00    1.00    0.00    0.00    0.25    0.00    0.00    0.00   89.03
12:32:16 AM  all   10.03    0.00    0.75    0.00    0.00    0.75    0.00    0.00    0.00   88.47
12:32:17 AM  all    9.73    0.00    0.75    0.00    0.00    0.50    0.00    0.00    0.00   89.03
12:32:18 AM  all    8.56    0.00    1.26    0.00    0.00    0.76    0.00    0.00    0.00   89.42
12:32:19 AM  all    8.12    0.00    0.76    0.25    0.00    1.27    0.00    0.00    0.00   89.59
12:32:20 AM  all   10.40    0.00    0.25    0.00    0.00    0.99    0.00    0.00    0.00   88.37
12:32:21 AM  all    9.07    0.00    0.76    0.00    0.00    0.76    0.00    0.00    0.00   89.42
12:32:22 AM  all    8.63    0.00    0.51    0.00    0.00    0.51    0.00    0.00    0.00   90.36
12:32:23 AM  all   10.22    0.00    0.50    0.00    0.00    0.75    0.00    0.00    0.00   88.53
12:32:24 AM  all    9.20    0.00    1.00    0.00    0.00    0.75    0.00    0.00    0.00   89.05
12:32:25 AM  all    9.05    0.00    1.26    0.00    0.00    0.75    0.00    0.00    0.00   88.94
12:32:26 AM  all   10.17    0.00    0.99    0.00    0.00    0.74    0.00    0.00    0.00   88.09
12:32:27 AM  all    7.83    0.00    0.76    0.00    0.00    0.76    0.00    0.00    0.00   90.66
12:32:28 AM  all    8.63    0.00    0.76    0.00    0.00    1.02    0.00    0.00    0.00   89.59
12:32:29 AM  all    9.45    0.00    0.75    0.00    0.00    1.00    0.00    0.00    0.00   88.81
12:32:30 AM  all    9.77    0.00    0.50    0.00    0.00    0.50    0.00    0.00    0.00   89.22
12:32:31 AM  all    9.09    0.00    0.51    0.00    0.00    0.25    0.00    0.00    0.00   90.15
12:32:32 AM  all    9.98    0.00    2.00    0.50    0.00    0.75    0.00    0.00    0.00   86.78
12:32:33 AM  all    9.85    0.00    0.51    0.00    0.00    1.01    0.00    0.00    0.00   88.64
12:32:34 AM  all    8.29    0.00    1.26    0.00    0.00    0.50    0.00    0.00    0.00   89.95
12:32:35 AM  all   10.95    0.00    0.25    0.00    0.00    1.00    0.00    0.00    0.00   87.81
12:32:36 AM  all    8.16    0.00    0.26    0.00    0.00    0.51    0.00    0.00    0.00   91.07
12:32:37 AM  all    8.50    0.00    1.00    0.25    0.00    1.00    0.00    0.00    0.00   89.25
12:32:38 AM  all    8.23    0.00    0.51    0.00    0.00    0.26    0.00    0.00    0.00   91.00
12:32:39 AM  all    9.27    0.00    0.75    0.00    0.00    0.50    0.00    0.00    0.00   89.47
12:32:40 AM  all   10.03    0.00    1.25    0.00    0.00    0.75    0.00    0.00    0.00   87.97
12:32:41 AM  all    7.89    0.00    1.02    0.00    0.00    0.25    0.00    0.00    0.00   90.84
12:32:42 AM  all    9.95    0.00    0.50    0.00    0.00    0.75    0.00    0.00    0.00   88.81
12:32:43 AM  all    8.14    0.00    1.27    0.00    0.00    0.51    0.00    0.00    0.00   90.08
12:32:44 AM  all   11.14    0.00    0.99    0.00    0.00    0.25    0.00    0.00    0.00   87.62
12:32:45 AM  all    9.14    0.00    0.76    0.00    0.00    1.02    0.00    0.00    0.00   89.09
12:32:46 AM  all   10.95    0.00    0.50    0.00    0.00    1.00    0.00    0.00    0.00   87.56
12:32:47 AM  all    9.57    0.00    1.01    0.00    0.00    0.50    0.00    0.00    0.00   88.92
12:32:48 AM  all    8.91    0.00    0.51    0.00    0.00    0.51    0.00    0.00    0.00   90.08
12:32:49 AM  all    8.82    0.00    0.50    0.00    0.00    0.76    0.00    0.00    0.00   89.92
12:32:50 AM  all    8.88    0.00    0.76    0.00    0.00    0.51    0.00    0.00    0.00   89.85
12:32:51 AM  all    7.16    0.00    0.77    0.00    0.00    1.02    0.00    0.00    0.00   91.05
12:32:52 AM  all    8.59    0.00    1.01    0.00    0.00    0.51    0.00    0.00    0.00   89.90
12:32:53 AM  all    9.37    0.00    0.76    0.00    0.00    0.25    0.00    0.00    0.00   89.62
12:32:54 AM  all    8.63    0.00    0.76    0.00    0.00    0.51    0.00    0.00    0.00   90.10
12:32:55 AM  all    9.27    0.00    0.75    0.00    0.00    0.25    0.00    0.00    0.00   89.72
12:32:56 AM  all    9.56    0.00    0.98    0.00    0.00    1.23    0.00    0.00    0.00   88.24
12:32:57 AM  all    9.18    0.00    0.00    0.00    0.00    0.26    0.00    0.00    0.00   90.56
12:32:58 AM  all    8.38    0.00    0.76    0.00    0.00    0.76    0.00    0.00    0.00   90.10
12:32:59 AM  all    9.25    0.00    1.25    0.00    0.00    0.50    0.00    0.00    0.00   89.00
12:33:00 AM  all    9.09    0.00    0.76    0.00    0.00    0.51    0.00    0.00    0.00   89.65
12:33:01 AM  all    7.29    0.00    0.75    0.00    0.00    0.50    0.00    0.00    0.00   91.46
12:33:02 AM  all    7.38    0.00    0.25    0.00    0.00    0.51    0.00    0.00    0.00   91.86
12:33:03 AM  all    8.12    0.00    0.51    0.00    0.00    0.76    0.00    0.00    0.00   90.61
12:33:04 AM  all    7.87    0.00    1.02    0.00    0.00    0.76    0.00    0.00    0.00   90.36
12:33:05 AM  all    8.21    0.00    0.77    0.26    0.00    0.26    0.00    0.00    0.00   90.51
12:33:06 AM  all    8.79    0.00    0.75    0.00    0.00    0.50    0.00    0.00    0.00   89.95
12:33:07 AM  all    9.32    0.00    0.50    0.00    0.00    0.50    0.00    0.00    0.00   89.67
12:33:08 AM  all    8.63    0.00    0.51    0.00    0.00    0.51    0.00    0.00    0.00   90.36
12:33:09 AM  all    8.98    0.00    1.00    0.00    0.00    0.75    0.00    0.00    0.00   89.28
12:33:10 AM  all   11.47    0.00    0.75    0.00    0.00    0.25    0.00    0.00    0.00   87.53
12:33:11 AM  all    9.05    0.00    0.75    0.00    0.00    0.75    0.00    0.00    0.00   89.45
12:33:12 AM  all    9.27    0.00    1.00    0.00    0.00    0.50    0.00    0.00    0.00   89.22
12:33:13 AM  all    8.63    0.00    0.51    0.00    0.00    0.51    0.00    0.00    0.00   90.36
12:33:14 AM  all    8.86    0.00    0.76    0.00    0.00    1.01    0.00    0.00    0.00   89.37
12:33:15 AM  all    8.50    0.00    1.50    0.00    0.00    0.75    0.00    0.00    0.00   89.25
12:33:16 AM  all    8.35    0.00    0.76    0.00    0.00    1.27    0.00    0.00    0.00   89.62
12:33:17 AM  all   10.80    0.00    0.25    0.00    0.00    0.50    0.00    0.00    0.00   88.44
12:33:18 AM  all    9.70    0.00    1.00    0.00    0.00    0.50    0.00    0.00    0.00   88.81
12:33:19 AM  all   10.08    0.00    0.76    0.00    0.00    0.76    0.00    0.00    0.00   88.41
12:33:20 AM  all    7.93    0.00    0.26    0.00    0.00    0.51    0.00    0.00    0.00   91.30
12:33:21 AM  all   10.22    0.00    1.00    0.00    0.00    0.50    0.00    0.00    0.00   88.28
12:33:22 AM  all    9.11    0.00    0.76    0.00    0.00    1.01    0.00    0.00    0.00   89.11
12:33:23 AM  all    8.86    0.00    0.51    0.00    0.00    0.25    0.00    0.00    0.00   90.38
12:33:24 AM  all    9.05    0.00    1.26    0.00    0.00    0.75    0.00    0.00    0.00   88.94
12:33:25 AM  all    8.23    0.00    1.00    0.25    0.00    1.00    0.00    0.00    0.00   89.53
12:33:26 AM  all    8.86    0.00    1.01    0.00    0.00    1.01    0.00    0.00    0.00   89.11
12:33:27 AM  all    9.82    0.00    0.50    0.00    0.00    0.76    0.00    0.00    0.00   88.92
12:33:28 AM  all    8.40    0.00    1.27    0.00    0.00    0.76    0.00    0.00    0.00   89.57
12:33:29 AM  all    8.54    0.00    1.01    0.00    0.00    1.26    0.00    0.00    0.00   89.20
12:33:30 AM  all    9.61    0.00    0.74    0.00    0.00    1.23    0.00    0.00    0.00   88.42
12:33:31 AM  all   10.35    0.00    0.51    0.00    0.00    0.25    0.00    0.00    0.00   88.89
12:33:32 AM  all    8.33    0.00    1.01    0.00    0.00    0.51    0.00    0.00    0.00   90.15
12:33:33 AM  all    9.16    0.00    0.99    0.00    0.00    1.49    0.00    0.00    0.00   88.37
12:33:34 AM  all    9.23    0.00    1.00    0.00    0.00    0.50    0.00    0.00    0.00   89.28
12:33:35 AM  all    8.18    0.00    0.26    0.00    0.00    0.77    0.00    0.00    0.00   90.79
12:33:36 AM  all    9.50    0.00    1.50    0.00    0.00    0.50    0.00    0.00    0.00   88.50
12:33:37 AM  all    9.05    0.00    0.50    0.00    0.00    0.25    0.00    0.00    0.00   90.20
12:33:38 AM  all    7.91    0.00    0.77    0.00    0.00    0.51    0.00    0.00    0.00   90.82
12:33:39 AM  all   10.62    0.00    0.74    0.00    0.00    1.23    0.00    0.00    0.00   87.41
12:33:40 AM  all    8.86    0.00    0.76    0.00    0.00    1.01    0.00    0.00    0.00   89.37
12:33:41 AM  all    8.95    0.00    0.51    0.00    0.00    0.00    0.00    0.00    0.00   90.54
12:33:42 AM  all    7.59    0.00    1.01    0.00    0.00    1.01    0.00    0.00    0.00   90.38
12:33:43 AM  all    9.18    0.00    0.26    0.00    0.00    0.26    0.00    0.00    0.00   90.31
12:33:44 AM  all    9.05    0.00    0.50    0.00    0.00    1.01    0.00    0.00    0.00   89.45
12:33:45 AM  all    8.77    0.00    1.00    0.00    0.00    0.75    0.00    0.00    0.00   89.47
12:33:46 AM  all    7.71    0.00    0.51    0.00    0.00    0.00    0.00    0.00    0.00   91.77
12:33:47 AM  all    9.95    0.00    0.75    0.00    0.00    0.75    0.00    0.00    0.00   88.56
12:33:48 AM  all    9.95    0.00    1.24    0.00    0.00    1.00    0.00    0.00    0.00   87.81
12:33:49 AM  all   10.05    0.00    2.01    0.00    0.00    0.25    0.00    0.00    0.00   87.69
12:33:50 AM  all   10.67    0.00    0.99    0.00    0.00    0.74    0.00    0.00    0.00   87.59
12:33:51 AM  all    7.85    0.00    1.01    0.00    0.00    0.51    0.00    0.00    0.00   90.63
12:33:52 AM  all    8.63    0.00    1.27    0.00    0.00    0.51    0.00    0.00    0.00   89.59
12:33:53 AM  all    8.10    0.00    0.76    0.00    0.00    0.76    0.00    0.00    0.00   90.38
12:33:54 AM  all    9.00    0.00    1.25    0.00    0.00    0.50    0.00    0.00    0.00   89.25
12:33:55 AM  all    9.57    0.00    0.25    0.00    0.00    1.01    0.00    0.00    0.00   89.17
12:33:56 AM  all    9.07    0.00    0.25    0.00    0.00    0.50    0.00    0.00    0.00   90.18
12:33:57 AM  all    9.85    0.00    0.51    0.00    0.00    0.51    0.00    0.00    0.00   89.14
12:33:58 AM  all    8.82    0.00    1.26    0.00    0.00    0.50    0.00    0.00    0.00   89.42
12:33:59 AM  all    9.80    0.00    0.50    0.00    0.00    0.50    0.00    0.00    0.00   89.20
12:34:00 AM  all   10.40    0.00    1.24    0.00    0.00    0.74    0.00    0.00    0.00   87.62
12:34:01 AM  all    7.59    0.00    0.25    0.00    0.00    1.01    0.00    0.00    0.00   91.14
12:34:02 AM  all    9.23    0.00    0.50    0.00    0.00    1.00    0.00    0.00    0.00   89.28
12:34:03 AM  all    9.45    0.00    1.24    0.00    0.00    0.50    0.00    0.00    0.00   88.81
12:34:04 AM  all    9.82    0.00    1.01    0.00    0.00    0.50    0.00    0.00    0.00   88.66
12:34:05 AM  all    9.98    0.00    0.25    0.25    0.00    0.75    0.00    0.00    0.00   88.78
12:34:06 AM  all    8.63    0.00    1.02    0.00    0.00    0.76    0.00    0.00    0.00   89.59
12:34:07 AM  all    8.38    0.00    0.76    0.00    0.00    1.02    0.00    0.00    0.00   89.85
12:34:08 AM  all    8.56    0.00    0.50    0.00    0.00    0.76    0.00    0.00    0.00   90.18
12:34:09 AM  all    9.87    0.00    0.76    0.00    0.00    0.76    0.00    0.00    0.00   88.61
12:34:10 AM  all    9.02    0.00    1.75    0.25    0.00    1.00    0.00    0.00    0.00   87.97
12:34:11 AM  all   10.20    0.00    1.24    0.00    0.00    0.50    0.00    0.00    0.00   88.06
12:34:12 AM  all   10.47    0.00    0.50    0.00    0.00    0.75    0.00    0.00    0.00   88.28
12:34:13 AM  all    8.52    0.00    1.00    0.00    0.00    0.75    0.00    0.00    0.00   89.72
12:34:14 AM  all    9.80    0.00    0.75    0.00    0.00    0.75    0.00    0.00    0.00   88.69
12:34:15 AM  all    8.86    0.00    0.76    0.00    0.00    0.25    0.00    0.00    0.00   90.13
12:34:16 AM  all    9.68    0.00    1.24    0.00    0.00    0.99    0.00    0.00    0.00   88.09
12:34:17 AM  all    8.56    0.00    0.76    0.00    0.00    0.76    0.00    0.00    0.00   89.92
12:34:18 AM  all    8.08    0.00    1.01    0.00    0.00    0.51    0.00    0.00    0.00   90.40
12:34:19 AM  all    8.48    0.00    1.75    0.00    0.00    1.25    0.00    0.00    0.00   88.53
12:34:20 AM  all    8.61    0.00    0.51    0.00    0.00    0.25    0.00    0.00    0.00   90.63
12:34:21 AM  all    9.11    0.00    0.76    0.00    0.00    0.51    0.00    0.00    0.00   89.62
12:34:22 AM  all    8.25    0.00    1.25    0.00    0.00    1.25    0.00    0.00    0.00   89.25
12:34:23 AM  all    8.84    0.00    0.51    0.00    0.00    0.25    0.00    0.00    0.00   90.40
12:34:24 AM  all    9.02    0.00    1.00    0.00    0.00    1.25    0.00    0.00    0.00   88.72
12:34:25 AM  all    9.39    0.00    0.25    0.00    0.00    0.25    0.00    0.00    0.00   90.10
12:34:26 AM  all    7.54    0.00    0.75    0.00    0.00    1.01    0.00    0.00    0.00   90.70
12:34:27 AM  all    6.53    0.00    0.25    0.00    0.00    0.50    0.00    0.00    0.00   92.71
12:34:28 AM  all    5.34    0.00    0.51    0.00    0.00    0.25    0.00    0.00    0.00   93.89
12:34:29 AM  all    4.01    0.00    0.50    0.00    0.00    0.00    0.00    0.00    0.00   95.49
12:34:30 AM  all    5.00    0.00    0.00    0.00    0.00    0.50    0.00    0.00    0.00   94.50
12:34:31 AM  all    5.00    0.00    0.75    0.00    0.00    0.00    0.00    0.00    0.00   94.25
12:34:32 AM  all    4.04    0.00    0.25    0.00    0.00    0.00    0.00    0.00    0.00   95.71
12:34:33 AM  all    4.80    0.00    0.25    0.00    0.00    0.00    0.00    0.00    0.00   94.95
12:34:34 AM  all    4.05    0.00    0.00    0.00    0.00    0.25    0.00    0.00    0.00   95.70
12:34:35 AM  all    4.53    0.00    0.50    0.00    0.00    0.25    0.00    0.00    0.00   94.71
12:34:36 AM  all    4.24    0.00    0.50    0.00    0.00    0.00    0.00    0.00    0.00   95.26
12:34:37 AM  all    2.51    0.00    0.25    0.00    0.00    0.00    0.00    0.00    0.00   97.24
12:34:38 AM  all    4.30    0.00    0.00    0.00    0.00    0.25    0.00    0.00    0.00   95.44
12:34:39 AM  all    8.12    0.00    0.76    0.00    0.00    0.25    0.00    0.00    0.00   90.86
12:34:40 AM  all    8.38    0.00    0.76    0.00    0.00    0.25    0.00    0.00    0.00   90.61
12:34:41 AM  all    6.38    0.00    0.51    0.00    0.00    0.26    0.00    0.00    0.00   92.86
12:34:42 AM  all    6.65    0.00    1.28    0.00    0.00    0.51    0.00    0.00    0.00   91.56
12:34:43 AM  all    7.40    0.00    0.51    0.00    0.00    0.51    0.00    0.00    0.00   91.58
12:34:44 AM  all    8.16    0.00    1.02    0.00    0.00    0.51    0.00    0.00    0.00   90.31
12:34:45 AM  all    7.93    0.00    0.51    0.26    0.00    0.51    0.00    0.00    0.00   90.79
12:34:46 AM  all    8.08    0.00    1.52    0.00    0.00    0.51    0.00    0.00    0.00   89.90
12:34:47 AM  all    8.21    0.00    0.51    0.00    0.00    0.00    0.00    0.00    0.00   91.28
12:34:48 AM  all    8.65    0.00    1.02    0.00    0.00    0.51    0.00    0.00    0.00   89.82
12:34:49 AM  all    9.09    0.00    0.51    0.00    0.00    1.01    0.00    0.00    0.00   89.39
12:34:50 AM  all    9.69    0.00    0.77    0.00    0.00    0.51    0.00    0.00    0.00   89.03
12:34:51 AM  all    8.21    0.00    0.51    0.00    0.00    0.77    0.00    0.00    0.00   90.51
12:34:52 AM  all    8.65    0.00    0.76    0.00    0.00    0.51    0.00    0.00    0.00   90.08
12:34:53 AM  all    9.77    0.00    0.75    0.00    0.00    0.75    0.00    0.00    0.00   88.72
12:34:54 AM  all    6.25    0.00    1.04    0.00    0.00    0.26    0.00    0.00    0.00   92.45
12:34:55 AM  all   10.30    0.00    1.51    0.00    0.00    0.50    0.00    0.00    0.00   87.69
12:34:56 AM  all    9.34    0.00    0.76    0.00    0.00    1.01    0.00    0.00    0.00   88.89
12:34:57 AM  all    7.99    0.00    0.52    0.00    0.00    0.26    0.00    0.00    0.00   91.24
12:34:58 AM  all    9.14    0.00    0.51    0.00    0.00    0.76    0.00    0.00    0.00   89.59
12:34:59 AM  all    9.93    0.00    1.49    0.00    0.00    1.49    0.00    0.00    0.00   87.10
12:35:00 AM  all    8.01    0.00    0.26    0.00    0.00    0.78    0.00    0.00    0.00   90.96
12:35:01 AM  all    7.83    0.00    1.26    0.00    0.00    1.26    0.00    0.00    0.00   89.65
12:35:02 AM  all   10.43    0.00    0.51    0.00    0.00    0.51    0.00    0.00    0.00   88.55
12:35:03 AM  all    7.46    0.00    0.77    0.00    0.00    1.03    0.00    0.00    0.00   90.75
12:35:04 AM  all    7.44    0.00    1.28    0.00    0.00    0.26    0.00    0.00    0.00   91.03
12:35:05 AM  all    8.79    0.00    1.51    0.00    0.00    0.25    0.00    0.00    0.00   89.45
12:35:06 AM  all    8.84    0.00    0.76    0.00    0.00    0.76    0.00    0.00    0.00   89.65
12:35:07 AM  all    8.40    0.00    0.51    0.00    0.00    1.53    0.00    0.00    0.00   89.57
12:35:08 AM  all    8.08    0.00    1.52    0.25    0.00    0.76    0.00    0.00    0.00   89.39
12:35:09 AM  all    7.44    0.00    0.51    0.00    0.00    0.77    0.00    0.00    0.00   91.28
12:35:10 AM  all    9.37    0.00    1.27    0.00    0.00    1.01    0.00    0.00    0.00   88.35
12:35:11 AM  all    7.71    0.00    0.26    0.00    0.00    0.26    0.00    0.00    0.00   91.77
12:35:12 AM  all    8.84    0.00    1.01    0.00    0.00    0.51    0.00    0.00    0.00   89.65
12:35:13 AM  all    8.61    0.00    0.76    0.25    0.00    0.51    0.00    0.00    0.00   89.87
12:35:14 AM  all    8.91    0.00    0.51    0.00    0.00    0.76    0.00    0.00    0.00   89.82
12:35:15 AM  all    7.44    0.00    0.77    0.00    0.00    0.77    0.00    0.00    0.00   91.03
12:35:16 AM  all    7.69    0.00    0.77    0.00    0.00    0.77    0.00    0.00    0.00   90.77
12:35:17 AM  all    7.44    0.00    1.54    0.00    0.00    1.03    0.00    0.00    0.00   90.00
12:35:18 AM  all   10.18    0.00    0.76    0.00    0.00    0.00    0.00    0.00    0.00   89.06
12:35:19 AM  all    9.95    0.00    1.24    0.00    0.00    1.24    0.00    0.00    0.00   87.56
12:35:20 AM  all    8.65    0.00    0.76    0.00    0.00    0.51    0.00    0.00    0.00   90.08
12:35:21 AM  all    8.44    0.00    0.77    0.00    0.00    1.02    0.00    0.00    0.00   89.77
12:35:22 AM  all    7.91    0.00    1.53    0.00    0.00    0.51    0.00    0.00    0.00   90.05
12:35:23 AM  all    8.12    0.00    1.27    0.00    0.00    0.76    0.00    0.00    0.00   89.85
12:35:24 AM  all    8.91    0.00    0.76    0.25    0.00    0.76    0.00    0.00    0.00   89.31
12:35:25 AM  all    9.16    0.00    0.51    0.00    0.00    0.51    0.00    0.00    0.00   89.82
12:35:26 AM  all    8.35    0.00    1.77    0.00    0.00    0.51    0.00    0.00    0.00   89.37
12:35:27 AM  all    8.86    0.00    1.52    0.00    0.00    0.76    0.00    0.00    0.00   88.86
12:35:28 AM  all    9.39    0.00    0.51    0.00    0.00    0.76    0.00    0.00    0.00   89.34
12:35:29 AM  all    7.77    0.00    0.52    0.00    0.00    0.52    0.00    0.00    0.00   91.19
12:35:30 AM  all    8.82    0.00    1.26    0.00    0.00    0.76    0.00    0.00    0.00   89.17
12:35:31 AM  all    8.70    0.00    1.02    0.00    0.00    0.26    0.00    0.00    0.00   90.03
12:35:32 AM  all    7.69    0.00    1.03    0.00    0.00    0.51    0.00    0.00    0.00   90.77
12:35:33 AM  all    7.91    0.00    0.77    0.00    0.00    0.26    0.00    0.00    0.00   91.07
12:35:34 AM  all    9.02    0.00    1.25    0.00    0.00    1.25    0.00    0.00    0.00   88.47
12:35:35 AM  all    8.23    0.00    1.03    0.00    0.00    0.26    0.00    0.00    0.00   90.49
12:35:36 AM  all    8.97    0.00    0.77    0.00    0.00    0.51    0.00    0.00    0.00   89.74
12:35:37 AM  all    7.67    0.00    0.77    0.00    0.00    0.77    0.00    0.00    0.00   90.79
12:35:38 AM  all   10.03    0.00    1.50    0.00    0.00    1.00    0.00    0.00    0.00   87.47
12:35:39 AM  all    9.87    0.00    0.76    0.51    0.00    0.76    0.00    0.00    0.00   88.10
12:35:40 AM  all    8.67    0.00    1.28    0.00    0.00    0.26    0.00    0.00    0.00   89.80
12:35:41 AM  all    8.46    0.00    0.77    0.00    0.00    0.77    0.00    0.00    0.00   90.00
12:35:42 AM  all    7.14    0.00    1.28    0.00    0.00    1.02    0.00    0.00    0.00   90.56
12:35:43 AM  all    9.37    0.00    0.76    0.00    0.00    0.51    0.00    0.00    0.00   89.37
12:35:44 AM  all    8.63    0.00    0.76    0.00    0.00    0.25    0.00    0.00    0.00   90.36
12:35:45 AM  all    8.65    0.00    1.02    0.00    0.00    0.76    0.00    0.00    0.00   89.57
12:35:46 AM  all    9.16    0.00    0.76    0.00    0.00    0.51    0.00    0.00    0.00   89.57
12:35:47 AM  all    9.18    0.00    0.26    0.00    0.00    0.26    0.00    0.00    0.00   90.31
12:35:48 AM  all    8.70    0.00    1.28    0.00    0.00    0.51    0.00    0.00    0.00   89.51
12:35:49 AM  all    9.37    0.00    2.03    0.00    0.00    1.52    0.00    0.00    0.00   87.09
12:35:50 AM  all    8.21    0.00    0.77    0.00    0.00    1.03    0.00    0.00    0.00   90.00
12:35:51 AM  all    9.34    0.00    1.26    0.00    0.00    0.51    0.00    0.00    0.00   88.89
12:35:52 AM  all    8.63    0.00    1.02    0.00    0.00    1.02    0.00    0.00    0.00   89.34
12:35:53 AM  all    9.85    0.00    1.01    0.00    0.00    0.51    0.00    0.00    0.00   88.64
12:35:54 AM  all    7.49    0.00    0.52    0.00    0.00    0.26    0.00    0.00    0.00   91.73
12:35:55 AM  all    7.73    0.00    0.77    0.00    0.00    1.29    0.00    0.00    0.00   90.21
12:35:56 AM  all    8.16    0.00    0.77    0.00    0.00    0.26    0.00    0.00    0.00   90.82
12:35:57 AM  all    9.77    0.00    1.00    0.00    0.00    1.00    0.00    0.00    0.00   88.22
12:35:58 AM  all    8.42    0.00    1.53    0.00    0.00    0.51    0.00    0.00    0.00   89.54
12:35:59 AM  all    6.94    0.00    1.29    0.00    0.00    1.03    0.00    0.00    0.00   90.75
12:36:00 AM  all    9.60    0.00    0.76    0.00    0.00    1.01    0.00    0.00    0.00   88.64
12:36:01 AM  all    7.83    0.00    1.52    0.00    0.00    0.76    0.00    0.00    0.00   89.90
12:36:02 AM  all    5.66    0.00    0.51    0.00    0.00    0.26    0.00    0.00    0.00   93.57
12:36:03 AM  all    9.34    0.00    1.01    0.00    0.00    0.51    0.00    0.00    0.00   89.14
12:36:04 AM  all    8.59    0.00    1.52    0.00    0.00    0.25    0.00    0.00    0.00   89.65
12:36:05 AM  all    7.42    0.00    1.02    0.00    0.00    0.77    0.00    0.00    0.00   90.79
12:36:06 AM  all    7.47    0.00    0.77    0.00    0.00    0.77    0.00    0.00    0.00   90.98
12:36:07 AM  all    9.23    0.00    1.03    0.00    0.00    0.51    0.00    0.00    0.00   89.23
12:36:08 AM  all    7.63    0.00    1.78    0.00    0.00    1.02    0.00    0.00    0.00   89.57
12:36:09 AM  all    9.82    0.00    0.76    0.00    0.00    0.50    0.00    0.00    0.00   88.92
12:36:10 AM  all   10.69    0.00    1.27    0.00    0.00    0.00    0.00    0.00    0.00   88.04
12:36:11 AM  all    9.11    0.00    0.51    0.00    0.00    0.76    0.00    0.00    0.00   89.62
12:36:12 AM  all    9.16    0.00    1.02    0.00    0.00    0.25    0.00    0.00    0.00   89.57
12:36:13 AM  all    7.93    0.00    0.77    0.00    0.00    0.77    0.00    0.00    0.00   90.54
12:36:14 AM  all    8.38    0.00    1.52    0.00    0.00    1.27    0.00    0.00    0.00   88.83
12:36:15 AM  all    8.72    0.00    0.51    0.00    0.00    0.77    0.00    0.00    0.00   90.00
12:36:16 AM  all    8.76    0.00    1.03    0.00    0.00    0.00    0.00    0.00    0.00   90.21
12:36:17 AM  all    9.34    0.00    0.76    0.00    0.00    0.76    0.00    0.00    0.00   89.14
12:36:18 AM  all    7.47    0.00    0.77    0.00    0.00    0.26    0.00    0.00    0.00   91.49
12:36:19 AM  all    8.48    0.00    0.77    0.00    0.00    0.51    0.00    0.00    0.00   90.23
12:36:20 AM  all    7.67    0.00    0.77    0.00    0.00    0.26    0.00    0.00    0.00   91.30
12:36:21 AM  all    8.40    0.00    1.02    0.00    0.00    1.02    0.00    0.00    0.00   89.57
12:36:22 AM  all    7.83    0.00    1.77    0.00    0.00    0.76    0.00    0.00    0.00   89.65
12:36:23 AM  all    7.75    0.00    0.52    0.00    0.00    0.26    0.00    0.00    0.00   91.47
12:36:24 AM  all    7.16    0.00    1.53    0.00    0.00    0.51    0.00    0.00    0.00   90.79
12:36:25 AM  all    6.91    0.00    1.53    0.00    0.00    0.26    0.00    0.00    0.00   91.30
12:36:26 AM  all    8.18    0.00    0.77    0.00    0.00    0.51    0.00    0.00    0.00   90.54
12:36:27 AM  all    7.49    0.00    0.52    0.00    0.00    0.26    0.00    0.00    0.00   91.73
12:36:28 AM  all    9.80    0.00    0.75    0.00    0.00    0.75    0.00    0.00    0.00   88.69
12:36:29 AM  all    8.93    0.00    1.02    0.00    0.00    0.77    0.00    0.00    0.00   89.29
12:36:30 AM  all    7.36    0.00    1.52    0.00    0.00    1.02    0.00    0.00    0.00   90.10
12:36:31 AM  all    9.14    0.00    1.02    0.00    0.00    0.51    0.00    0.00    0.00   89.34
12:36:32 AM  all   14.07    0.00    2.81    7.16    0.00    1.02    0.00    0.00    0.00   74.94
12:36:33 AM  all    8.38    0.00    0.51    0.51    0.00    1.78    0.00    0.00    0.00   88.83
12:36:34 AM  all    9.50    0.00    0.50    0.00    0.00    1.25    0.00    0.00    0.00   88.75
12:36:35 AM  all    8.84    0.00    1.01    0.00    0.00    0.76    0.00    0.00    0.00   89.39
12:36:36 AM  all    9.39    0.00    0.76    0.00    0.00    0.25    0.00    0.00    0.00   89.59
12:36:37 AM  all    7.18    0.00    1.28    0.00    0.00    0.51    0.00    0.00    0.00   91.03
12:36:38 AM  all    8.40    0.00    1.02    0.00    0.00    0.51    0.00    0.00    0.00   90.08
12:36:39 AM  all    8.21    0.00    0.77    0.00    0.00    0.26    0.00    0.00    0.00   90.77
12:36:40 AM  all    8.16    0.00    1.02    0.00    0.00    0.00    0.00    0.00    0.00   90.82
12:36:41 AM  all    9.77    0.00    1.00    0.00    0.00    0.50    0.00    0.00    0.00   88.72
12:36:42 AM  all   10.38    0.00    1.01    0.00    0.00    0.51    0.00    0.00    0.00   88.10
12:36:43 AM  all    7.46    0.00    1.29    0.26    0.00    0.26    0.00    0.00    0.00   90.75
12:36:44 AM  all    9.02    0.00    1.00    0.00    0.00    1.00    0.00    0.00    0.00   88.97
12:36:45 AM  all    8.63    0.00    0.51    0.00    0.00    0.76    0.00    0.00    0.00   90.10
12:36:46 AM  all    8.40    0.00    1.27    0.00    0.00    0.51    0.00    0.00    0.00   89.82
12:36:47 AM  all    8.12    0.00    0.76    0.00    0.00    0.51    0.00    0.00    0.00   90.61
12:36:48 AM  all    7.46    0.00    1.29    0.00    0.00    0.51    0.00    0.00    0.00   90.75
12:36:49 AM  all    8.70    0.00    0.26    0.00    0.00    0.51    0.00    0.00    0.00   90.54
12:36:50 AM  all    6.98    0.00    1.03    0.00    0.00    0.52    0.00    0.00    0.00   91.47
12:36:51 AM  all    9.87    0.00    0.51    0.00    0.00    0.00    0.00    0.00    0.00   89.62
12:36:52 AM  all    8.65    0.00    1.53    0.00    0.00    0.76    0.00    0.00    0.00   89.06
12:36:53 AM  all    8.95    0.00    0.77    0.00    0.00    0.26    0.00    0.00    0.00   90.03
12:36:54 AM  all   10.03    0.00    1.00    0.00    0.00    0.50    0.00    0.00    0.00   88.47
12:36:55 AM  all    7.44    0.00    1.03    0.00    0.00    0.77    0.00    0.00    0.00   90.77
12:36:56 AM  all   10.28    0.00    0.75    0.00    0.00    0.75    0.00    0.00    0.00   88.22
12:36:57 AM  all    7.55    0.00    0.26    0.00    0.00    0.26    0.00    0.00    0.00   91.93
12:36:58 AM  all    8.12    0.00    0.76    0.00    0.00    1.27    0.00    0.00    0.00   89.85
12:36:59 AM  all    7.97    0.00    0.51    0.00    0.00    0.51    0.00    0.00    0.00   91.00
12:37:00 AM  all    8.72    0.00    1.03    0.00    0.00    0.26    0.00    0.00    0.00   90.00
12:37:01 AM  all    7.65    0.00    1.02    0.00    0.00    0.26    0.00    0.00    0.00   91.07
12:37:02 AM  all    8.10    0.00    0.76    0.25    0.00    1.01    0.00    0.00    0.00   89.87
12:37:03 AM  all    8.27    0.00    0.26    0.00    0.00    0.26    0.00    0.00    0.00   91.21
12:37:04 AM  all    9.09    0.00    0.51    0.00    0.00    1.01    0.00    0.00    0.00   89.39
12:37:05 AM  all   11.68    0.00    0.76    0.00    0.00    0.00    0.00    0.00    0.00   87.56
12:37:06 AM  all    9.95    0.00    1.28    0.00    0.00    1.02    0.00    0.00    0.00   87.76
12:37:07 AM  all    8.67    0.00    1.02    0.00    0.00    0.51    0.00    0.00    0.00   89.80
12:37:08 AM  all    8.48    0.00    1.03    0.00    0.00    0.77    0.00    0.00    0.00   89.72
12:37:09 AM  all    6.92    0.00    1.79    0.00    0.00    0.77    0.00    0.00    0.00   90.51
12:37:10 AM  all    8.40    0.00    2.04    0.00    0.00    1.53    0.00    0.00    0.00   88.04
12:37:11 AM  all    7.95    0.00    1.28    0.00    0.00    0.00    0.00    0.00    0.00   90.77
12:37:12 AM  all    7.42    0.00    1.28    0.00    0.00    0.77    0.00    0.00    0.00   90.54
12:37:13 AM  all    8.44    0.00    0.51    0.00    0.00    0.51    0.00    0.00    0.00   90.54
12:37:14 AM  all    8.14    0.00    1.27    0.00    0.00    0.25    0.00    0.00    0.00   90.33
12:37:15 AM  all    8.65    0.00    1.27    0.00    0.00    0.76    0.00    0.00    0.00   89.31
12:37:16 AM  all    7.95    0.00    1.03    0.00    0.00    0.51    0.00    0.00    0.00   90.51
12:37:17 AM  all   10.66    0.00    0.25    0.00    0.00    0.25    0.00    0.00    0.00   88.83
12:37:18 AM  all    9.16    0.00    1.02    0.00    0.00    0.51    0.00    0.00    0.00   89.31
12:37:19 AM  all    8.42    0.00    1.28    0.00    0.00    0.77    0.00    0.00    0.00   89.54
12:37:20 AM  all    8.42    0.00    1.28    0.00    0.00    0.77    0.00    0.00    0.00   89.54
12:37:21 AM  all    7.63    0.00    1.27    0.00    0.00    0.51    0.00    0.00    0.00   90.59
12:37:22 AM  all    7.73    0.00    0.77    0.00    0.00    0.26    0.00    0.00    0.00   91.24
12:37:23 AM  all    8.42    0.00    1.02    0.00    0.00    1.02    0.00    0.00    0.00   89.54
12:37:24 AM  all    7.61    0.00    1.27    0.00    0.00    0.51    0.00    0.00    0.00   90.61
12:37:25 AM  all    8.44    0.00    1.28    0.00    0.00    0.26    0.00    0.00    0.00   90.03
12:37:26 AM  all    7.95    0.00    0.51    0.00    0.00    0.77    0.00    0.00    0.00   90.77
12:37:27 AM  all    8.33    0.00    1.26    0.00    0.00    1.01    0.00    0.00    0.00   89.39
12:37:28 AM  all    8.14    0.00    0.76    0.00    0.00    0.76    0.00    0.00    0.00   90.33
12:37:29 AM  all    9.44    0.00    1.28    0.00    0.00    0.51    0.00    0.00    0.00   88.78
12:37:30 AM  all    9.44    0.00    0.77    0.51    0.00    0.51    0.00    0.00    0.00   88.78
12:37:31 AM  all    6.91    0.00    1.28    0.00    0.00    0.51    0.00    0.00    0.00   91.30
12:37:32 AM  all    8.44    0.00    1.28    0.00    0.00    0.51    0.00    0.00    0.00   89.77
12:37:33 AM  all    9.11    0.00    0.51    0.00    0.00    0.76    0.00    0.00    0.00   89.62
12:37:34 AM  all    6.72    0.00    0.78    0.00    0.00    0.52    0.00    0.00    0.00   91.99
12:37:35 AM  all    7.46    0.00    0.77    0.00    0.00    1.03    0.00    0.00    0.00   90.75
12:37:36 AM  all    8.12    0.00    1.02    0.00    0.00    0.51    0.00    0.00    0.00   90.36
12:37:37 AM  all    7.63    0.00    1.02    0.00    0.00    0.51    0.00    0.00    0.00   90.84
12:37:38 AM  all    8.08    0.00    1.01    0.00    0.00    0.76    0.00    0.00    0.00   90.15
12:37:39 AM  all    7.20    0.00    1.54    0.00    0.00    0.51    0.00    0.00    0.00   90.75
12:37:40 AM  all    9.16    0.00    0.76    0.00    0.00    0.00    0.00    0.00    0.00   90.08
12:37:41 AM  all    8.21    0.00    1.28    0.00    0.00    0.26    0.00    0.00    0.00   90.26
12:37:42 AM  all    9.09    0.00    1.52    0.00    0.00    0.25    0.00    0.00    0.00   89.14
12:37:43 AM  all    8.08    0.00    1.26    0.00    0.00    0.76    0.00    0.00    0.00   89.90
12:37:44 AM  all    7.91    0.00    1.28    0.00    0.00    1.28    0.00    0.00    0.00   89.54
12:37:45 AM  all    9.14    0.00    1.02    0.00    0.00    0.25    0.00    0.00    0.00   89.59
12:37:46 AM  all    9.39    0.00    0.76    0.00    0.00    0.51    0.00    0.00    0.00   89.34
12:37:47 AM  all    7.65    0.00    1.02    0.00    0.00    0.77    0.00    0.00    0.00   90.56
12:37:48 AM  all    8.56    0.00    1.26    0.00    0.00    0.25    0.00    0.00    0.00   89.92
12:37:49 AM  all    9.44    0.00    1.79    0.00    0.00    0.77    0.00    0.00    0.00   88.01
12:37:50 AM  all    8.50    0.00    0.75    0.25    0.00    1.25    0.00    0.00    0.00   89.25
12:37:51 AM  all    9.30    0.00    0.50    0.00    0.00    1.01    0.00    0.00    0.00   89.20
12:37:52 AM  all    7.95    0.00    1.03    0.00    0.00    0.77    0.00    0.00    0.00   90.26
12:37:53 AM  all    8.10    0.00    1.27    0.00    0.00    0.76    0.00    0.00    0.00   89.87
12:37:54 AM  all    8.63    0.00    0.51    0.00    0.00    0.51    0.00    0.00    0.00   90.36
12:37:55 AM  all    8.10    0.00    1.01    0.25    0.00    0.25    0.00    0.00    0.00   90.38
12:37:56 AM  all    8.38    0.00    1.02    0.00    0.00    0.25    0.00    0.00    0.00   90.36
12:37:57 AM  all    6.68    0.00    1.29    0.00    0.00    0.51    0.00    0.00    0.00   91.52
12:37:58 AM  all    9.07    0.00    0.76    0.00    0.00    0.50    0.00    0.00    0.00   89.67
12:37:59 AM  all    9.23    0.00    0.51    0.00    0.00    0.26    0.00    0.00    0.00   90.00
12:38:00 AM  all    7.69    0.00    0.77    0.00    0.00    0.77    0.00    0.00    0.00   90.77
12:38:01 AM  all    7.56    0.00    1.01    0.00    0.00    0.50    0.00    0.00    0.00   90.93
12:38:02 AM  all    6.41    0.00    0.77    0.00    0.00    0.77    0.00    0.00    0.00   92.05
12:38:03 AM  all    9.85    0.00    1.01    0.00    0.00    0.76    0.00    0.00    0.00   88.38
12:38:04 AM  all    7.79    0.00    0.78    0.00    0.00    0.26    0.00    0.00    0.00   91.17
12:38:05 AM  all    8.71    0.00    1.49    0.00    0.00    1.74    0.00    0.00    0.00   88.06
12:38:06 AM  all    7.91    0.00    1.53    0.00    0.00    0.26    0.00    0.00    0.00   90.31
12:38:07 AM  all    9.37    0.00    0.76    0.00    0.00    0.25    0.00    0.00    0.00   89.62
12:38:08 AM  all    7.61    0.00    1.02    0.00    0.00    1.27    0.00    0.00    0.00   90.10
12:38:09 AM  all    8.14    0.00    1.53    0.00    0.00    0.51    0.00    0.00    0.00   89.82
12:38:10 AM  all    8.51    0.00    1.03    0.00    0.00    1.03    0.00    0.00    0.00   89.43
12:38:11 AM  all    6.92    0.00    1.54    0.00    0.00    0.51    0.00    0.00    0.00   91.03
12:38:12 AM  all    7.75    0.00    0.78    0.00    0.00    0.52    0.00    0.00    0.00   90.96
12:38:13 AM  all    9.34    0.00    1.26    0.00    0.00    0.25    0.00    0.00    0.00   89.14
12:38:14 AM  all    7.63    0.00    1.27    0.00    0.00    0.76    0.00    0.00    0.00   90.33
12:38:15 AM  all    7.89    0.00    1.53    0.00    0.00    0.51    0.00    0.00    0.00   90.08
12:38:16 AM  all    8.16    0.00    0.77    0.00    0.00    0.51    0.00    0.00    0.00   90.56
12:38:17 AM  all    8.21    0.00    1.28    0.00    0.00    0.26    0.00    0.00    0.00   90.26
12:38:18 AM  all   10.40    0.00    1.24    0.00    0.00    0.74    0.00    0.00    0.00   87.62
12:38:19 AM  all    8.93    0.00    0.51    0.00    0.00    0.51    0.00    0.00    0.00   90.05
12:38:20 AM  all    8.95    0.00    1.02    0.00    0.00    0.51    0.00    0.00    0.00   89.51
12:38:21 AM  all    8.40    0.00    0.76    0.00    0.00    0.25    0.00    0.00    0.00   90.59
12:38:22 AM  all    6.72    0.00    0.78    0.00    0.00    1.03    0.00    0.00    0.00   91.47
12:38:23 AM  all    9.34    0.00    1.26    0.00    0.00    0.51    0.00    0.00    0.00   88.89
12:38:24 AM  all    8.91    0.00    0.76    0.00    0.00    0.25    0.00    0.00    0.00   90.08
12:38:25 AM  all    7.93    0.00    0.51    0.00    0.00    0.77    0.00    0.00    0.00   90.79
12:38:26 AM  all    8.40    0.00    1.27    0.00    0.00    0.51    0.00    0.00    0.00   89.82
12:38:27 AM  all    7.47    0.00    0.77    0.00    0.00    0.26    0.00    0.00    0.00   91.49
12:38:28 AM  all    7.65    0.00    0.51    0.00    0.00    0.77    0.00    0.00    0.00   91.07
12:38:29 AM  all    7.47    0.00    0.52    0.00    0.00    0.52    0.00    0.00    0.00   91.49
12:38:30 AM  all    8.42    0.00    0.77    0.00    0.00    0.51    0.00    0.00    0.00   90.31
12:38:31 AM  all    8.29    0.00    1.01    0.00    0.00    1.26    0.00    0.00    0.00   89.45
12:38:32 AM  all    8.79    0.00    1.26    0.00    0.00    0.50    0.00    0.00    0.00   89.45
12:38:33 AM  all    8.33    0.00    1.52    0.00    0.00    0.51    0.00    0.00    0.00   89.65
12:38:34 AM  all    8.14    0.00    0.76    0.00    0.00    0.51    0.00    0.00    0.00   90.59
12:38:35 AM  all    8.46    0.00    0.26    0.00    0.00    0.77    0.00    0.00    0.00   90.51
12:38:36 AM  all    8.70    0.00    0.77    0.00    0.00    0.51    0.00    0.00    0.00   90.03
12:38:37 AM  all    8.14    0.00    1.02    0.00    0.00    0.00    0.00    0.00    0.00   90.84
12:38:38 AM  all    6.92    0.00    1.54    0.00    0.00    1.03    0.00    0.00    0.00   90.51
12:38:39 AM  all    8.38    0.00    1.02    0.00    0.00    0.25    0.00    0.00    0.00   90.36
12:38:40 AM  all    8.82    0.00    1.01    0.25    0.00    1.01    0.00    0.00    0.00   88.92
12:38:41 AM  all    9.70    0.00    1.00    0.00    0.00    0.50    0.00    0.00    0.00   88.81
12:38:42 AM  all    8.33    0.00    1.01    0.00    0.00    0.51    0.00    0.00    0.00   90.15
12:38:43 AM  all    9.11    0.00    1.01    0.00    0.00    0.76    0.00    0.00    0.00   89.11
12:38:44 AM  all    7.91    0.00    1.02    0.00    0.00    0.51    0.00    0.00    0.00   90.56
12:38:45 AM  all    7.65    0.00    1.28    0.00    0.00    0.77    0.00    0.00    0.00   90.31
12:38:46 AM  all    8.84    0.00    0.76    0.00    0.00    0.76    0.00    0.00    0.00   89.65
12:38:47 AM  all    7.65    0.00    0.77    0.00    0.00    0.51    0.00    0.00    0.00   91.07
12:38:48 AM  all    8.40    0.00    1.02    0.00    0.00    0.00    0.00    0.00    0.00   90.59
12:38:49 AM  all    7.38    0.00    1.27    0.00    0.00    0.76    0.00    0.00    0.00   90.59
12:38:50 AM  all    8.91    0.00    0.76    0.00    0.00    0.51    0.00    0.00    0.00   89.82
12:38:51 AM  all    8.61    0.00    1.27    0.00    0.00    0.76    0.00    0.00    0.00   89.37
12:38:52 AM  all    7.40    0.00    1.28    0.00    0.00    1.02    0.00    0.00    0.00   90.31
12:38:53 AM  all    8.61    0.00    1.27    0.00    0.00    0.76    0.00    0.00    0.00   89.37
12:38:54 AM  all    8.65    0.00    0.51    0.00    0.00    0.51    0.00    0.00    0.00   90.33
12:38:55 AM  all    7.73    0.00    0.52    0.00    0.00    0.52    0.00    0.00    0.00   91.24
12:38:56 AM  all    8.16    0.00    1.53    0.00    0.00    0.77    0.00    0.00    0.00   89.54
12:38:57 AM  all    9.07    0.00    1.26    0.00    0.00    0.00    0.00    0.00    0.00   89.67
12:38:58 AM  all    7.93    0.00    1.02    0.00    0.00    0.77    0.00    0.00    0.00   90.28
12:38:59 AM  all    9.37    0.00    1.01    0.00    0.00    1.01    0.00    0.00    0.00   88.61
12:39:00 AM  all    9.64    0.00    0.51    0.00    0.00    0.76    0.00    0.00    0.00   89.09
12:39:01 AM  all    5.34    0.00    0.25    0.00    0.00    0.25    0.00    0.00    0.00   94.15
12:39:02 AM  all    8.54    0.00    1.51    0.00    0.00    0.25    0.00    0.00    0.00   89.70
12:39:03 AM  all   10.50    0.00    0.25    0.00    0.00    0.50    0.00    0.00    0.00   88.75
12:39:04 AM  all    8.88    0.00    0.76    0.00    0.00    0.51    0.00    0.00    0.00   89.85
12:39:05 AM  all    7.56    0.00    1.26    0.00    0.00    0.76    0.00    0.00    0.00   90.43
12:39:06 AM  all    7.69    0.00    0.51    0.00    0.00    0.51    0.00    0.00    0.00   91.28
12:39:07 AM  all    7.38    0.00    1.02    0.00    0.00    1.02    0.00    0.00    0.00   90.59
12:39:08 AM  all    9.09    0.00    0.51    0.00    0.00    0.76    0.00    0.00    0.00   89.65
12:39:09 AM  all    8.86    0.00    1.01    0.00    0.00    0.51    0.00    0.00    0.00   89.62
12:39:10 AM  all   10.43    0.00    1.27    0.00    0.00    0.51    0.00    0.00    0.00   87.79
12:39:11 AM  all    8.35    0.00    1.01    0.00    0.00    0.51    0.00    0.00    0.00   90.13
12:39:12 AM  all    6.44    0.00    1.55    0.00    0.00    0.26    0.00    0.00    0.00   91.75
12:39:13 AM  all    8.63    0.00    0.76    0.00    0.00    1.27    0.00    0.00    0.00   89.34
12:39:14 AM  all    8.14    0.00    1.27    0.00    0.00    0.25    0.00    0.00    0.00   90.33
12:39:15 AM  all    9.09    0.00    0.51    0.00    0.00    1.01    0.00    0.00    0.00   89.39
12:39:16 AM  all    8.65    0.00    0.51    0.00    0.00    0.76    0.00    0.00    0.00   90.08
12:39:17 AM  all    8.40    0.00    1.53    0.00    0.00    0.51    0.00    0.00    0.00   89.57
12:39:18 AM  all    7.46    0.00    1.03    0.00    0.00    0.77    0.00    0.00    0.00   90.75
12:39:19 AM  all    8.10    0.00    0.76    0.00    0.00    1.01    0.00    0.00    0.00   90.13
12:39:20 AM  all   10.38    0.00    0.51    0.00    0.00    0.00    0.00    0.00    0.00   89.11
12:39:21 AM  all    8.33    0.00    1.52    0.25    0.00    0.25    0.00    0.00    0.00   89.65
12:39:22 AM  all    9.39    0.00    0.76    0.00    0.00    0.51    0.00    0.00    0.00   89.34
12:39:23 AM  all    9.21    0.00    0.26    0.00    0.00    0.51    0.00    0.00    0.00   90.03
12:39:24 AM  all    7.59    0.00    1.52    0.00    0.00    0.51    0.00    0.00    0.00   90.38
12:39:25 AM  all    8.14    0.00    1.02    0.00    0.00    0.76    0.00    0.00    0.00   90.08
12:39:26 AM  all    8.33    0.00    1.26    0.00    0.00    0.76    0.00    0.00    0.00   89.65
12:39:27 AM  all   10.05    0.00    1.26    0.00    0.00    0.75    0.00    0.00    0.00   87.94
12:39:28 AM  all    9.11    0.00    0.51    0.00    0.00    0.76    0.00    0.00    0.00   89.62
12:39:29 AM  all    7.91    0.00    1.02    0.00    0.00    0.51    0.00    0.00    0.00   90.56
12:39:30 AM  all    7.95    0.00    1.28    0.00    0.00    0.51    0.00    0.00    0.00   90.26
12:39:31 AM  all    7.89    0.00    1.27    0.00    0.00    0.51    0.00    0.00    0.00   90.33
12:39:32 AM  all    8.65    0.00    1.27    0.00    0.00    0.25    0.00    0.00    0.00   89.82
12:39:33 AM  all    7.73    0.00    0.77    0.00    0.00    0.52    0.00    0.00    0.00   90.98
Average:     all    8.14    0.00    0.80    0.02    0.00    0.57    0.00    0.00    0.00   90.46
