Linux 6.8.0-1064-azure (csb-bench-host-azure) 	08/16/26 	_x86_64_	(4 CPU)

04:49:19     CPU    %usr   %nice    %sys %iowait    %irq   %soft  %steal  %guest  %gnice   %idle
04:49:20     all    9.05    0.00    3.02    0.00    0.00    0.75    0.00    0.00    0.00   87.19
04:49:21     all    2.76    0.00    1.01    0.00    0.00    1.01    0.00    0.00    0.00   95.23
04:49:22     all    3.57    0.00    3.32    0.00    0.00    0.26    0.00    0.00    0.00   92.86
04:49:23     all    5.90    0.00    3.85    0.00    0.00    0.26    0.00    0.00    0.00   90.00
04:49:24     all    5.43    0.00    4.13    0.00    0.00    0.00    0.00    0.00    0.00   90.44
04:49:25     all    5.67    0.00    4.64    0.00    0.00    0.26    0.00    0.00    0.00   89.43
04:49:26     all    6.12    0.00    2.81    0.51    0.00    0.26    0.00    0.00    0.00   90.31
04:49:27     all    6.01    0.00    1.31    0.00    0.00    0.00    0.00    0.00    0.00   92.69
04:49:28     all    6.39    0.00    1.53    0.00    0.00    0.26    0.00    0.00    0.00   91.82
04:49:29     all    5.67    0.00    3.61    0.00    0.00    0.00    0.00    0.00    0.00   90.72
04:49:30     all    5.67    0.00    3.87    0.00    0.00    0.26    0.00    0.00    0.00   90.21
04:49:31     all    5.90    0.00    2.56    0.26    0.00    0.00    0.00    0.00    0.00   91.28
04:49:32     all    5.63    0.00    2.81    0.00    0.00    0.51    0.00    0.00    0.00   91.05
04:49:33     all    5.63    0.00    1.53    0.00    0.00    0.26    0.00    0.00    0.00   92.58
04:49:34     all    5.66    0.00    1.03    0.00    0.00    0.00    0.00    0.00    0.00   93.32
04:49:35     all    5.14    0.00    1.54    0.00    0.00    0.00    0.00    0.00    0.00   93.32
04:49:36     all    5.88    0.00    4.86    0.26    0.00    0.00    0.00    0.00    0.00   89.00
04:49:37     all    5.37    0.00    1.53    0.00    0.00    0.00    0.00    0.00    0.00   93.09
04:49:38     all    5.13    0.00    1.54    0.00    0.00    0.00    0.00    0.00    0.00   93.33
04:49:39     all    5.68    0.00    1.03    0.00    0.00    0.26    0.00    0.00    0.00   93.02
04:49:40     all    5.15    0.00    1.29    0.00    0.00    0.00    0.00    0.00    0.00   93.56
04:49:41     all    5.13    0.00    4.36    0.26    0.00    0.00    0.00    0.00    0.00   90.26
04:49:42     all    5.38    0.00    1.03    0.00    0.00    0.26    0.00    0.00    0.00   93.33
04:49:43     all    5.64    0.00    1.54    0.00    0.00    0.00    0.00    0.00    0.00   92.82
04:49:44     all    5.88    0.00    1.53    0.00    0.00    0.26    0.00    0.00    0.00   92.33
04:49:45     all    5.43    0.00    1.55    0.00    0.00    0.00    0.00    0.00    0.00   93.02
04:49:46     all    5.63    0.00    5.63    0.00    0.00    0.26    0.00    0.00    0.00   88.49
04:49:47     all    5.14    0.00    5.91    0.00    0.00    0.00    0.00    0.00    0.00   88.95
04:49:48     all    4.62    0.00    5.64    0.00    0.00    0.00    0.00    0.00    0.00   89.74
04:49:49     all    4.88    0.00    5.91    0.00    0.00    0.00    0.00    0.00    0.00   89.20
04:49:50     all    4.62    0.00    6.15    0.00    0.00    0.00    0.00    0.00    0.00   89.23
04:49:51     all    5.36    0.00    5.10    0.26    0.00    0.51    0.00    0.00    0.00   88.78
04:49:52     all    5.14    0.00    5.40    0.00    0.00    0.00    0.00    0.00    0.00   89.46
04:49:53     all    4.86    0.00    6.14    0.00    0.00    0.00    0.00    0.00    0.00   89.00
04:49:54     all    5.14    0.00    6.17    0.00    0.00    0.00    0.00    0.00    0.00   88.69
04:49:55     all    5.61    0.00    5.61    0.00    0.00    0.26    0.00    0.00    0.00   88.52
04:49:56     all    5.12    0.00    5.12    0.26    0.00    0.00    0.00    0.00    0.00   89.51
04:49:57     all    5.13    0.00    5.13    0.00    0.00    0.00    0.00    0.00    0.00   89.74
04:49:58     all    4.88    0.00    5.91    0.00    0.00    0.00    0.00    0.00    0.00   89.20
04:49:59     all    4.83    0.00    5.34    0.00    0.00    0.51    0.00    0.00    0.00   89.31
04:50:00     all    5.64    0.00    5.64    0.00    0.00    0.00    0.00    0.00    0.00   88.72
04:50:01     all    5.67    0.00    5.93    0.26    0.00    0.26    0.00    0.00    0.00   87.89
04:50:02     all    5.91    0.00    5.91    0.00    0.00    0.26    0.00    0.00    0.00   87.92
04:50:03     all    4.91    0.00    5.94    0.00    0.00    0.26    0.00    0.00    0.00   88.89
04:50:04     all    5.43    0.00    5.68    0.00    0.00    0.26    0.00    0.00    0.00   88.63
04:50:05     all    5.66    0.00    5.66    0.00    0.00    0.26    0.00    0.00    0.00   88.43
04:50:06     all    5.19    0.00    5.71    0.00    0.00    0.26    0.00    0.00    0.00   88.83
04:50:07     all    5.67    0.00    4.90    0.00    0.00    0.00    0.00    0.00    0.00   89.43
04:50:08     all    5.64    0.00    6.15    0.00    0.00    0.26    0.00    0.00    0.00   87.95
04:50:09     all    4.90    0.00    5.67    0.00    0.00    0.52    0.00    0.00    0.00   88.92
04:50:10     all    5.40    0.00    5.91    0.00    0.00    0.00    0.00    0.00    0.00   88.69
04:50:11     all    5.94    0.00    4.65    0.26    0.00    0.26    0.00    0.00    0.00   88.89
04:50:12     all    5.41    0.00    4.64    0.00    0.00    0.00    0.00    0.00    0.00   89.95
04:50:13     all    5.94    0.00    5.68    0.00    0.00    0.26    0.00    0.00    0.00   88.11
04:50:14     all    5.44    0.00    5.96    0.00    0.00    0.00    0.00    0.00    0.00   88.60
04:50:15     all    5.40    0.00    5.40    0.00    0.00    0.26    0.00    0.00    0.00   88.95
04:50:16     all    4.94    0.00    5.71    0.00    0.00    0.00    0.00    0.00    0.00   89.35
04:50:17     all    5.61    0.00    5.10    0.51    0.00    0.26    0.00    0.00    0.00   88.52
04:50:18     all    6.48    0.00    5.96    0.00    0.00    0.00    0.00    0.00    0.00   87.56
04:50:19     all    5.17    0.00    5.68    0.00    0.00    0.26    0.00    0.00    0.00   88.89
04:50:20     all    5.91    0.00    5.91    0.00    0.00    0.00    0.00    0.00    0.00   88.17
04:50:21     all    5.64    0.00    5.90    0.00    0.00    0.77    0.00    0.00    0.00   87.69
04:50:22     all    5.15    0.00    6.19    0.00    0.00    0.26    0.00    0.00    0.00   88.40
04:50:23     all    5.68    0.00    5.94    0.00    0.00    0.26    0.00    0.00    0.00   88.11
04:50:24     all    5.70    0.00    5.70    0.00    0.00    0.00    0.00    0.00    0.00   88.60
04:50:25     all    5.34    0.00    5.09    0.00    0.00    1.27    0.00    0.00    0.00   88.30
04:50:26     all    6.20    0.00    5.17    0.00    0.00    0.00    0.00    0.00    0.00   88.63
04:50:27     all    5.70    0.00    5.70    0.00    0.00    0.26    0.00    0.00    0.00   88.34
04:50:28     all    5.38    0.00    5.64    0.00    0.00    0.26    0.00    0.00    0.00   88.72
04:50:29     all    6.44    0.00    5.67    0.26    0.00    0.00    0.00    0.00    0.00   87.63
04:50:30     all    4.91    0.00    5.43    0.00    0.00    0.00    0.00    0.00    0.00   89.66
04:50:31     all    5.41    0.00    5.93    0.00    0.00    0.00    0.00    0.00    0.00   88.66
04:50:32     all    4.53    0.00    7.30    0.00    0.00    1.51    0.00    0.00    0.00   86.65
04:50:33     all    5.17    0.00    3.88    0.00    0.00    0.00    0.00    0.00    0.00   90.96
04:50:34     all    5.43    0.00    5.43    0.00    0.00    0.26    0.00    0.00    0.00   88.89
04:50:35     all    5.91    0.00    5.91    0.00    0.00    0.00    0.00    0.00    0.00   88.17
04:50:36     all    5.17    0.00    5.68    0.00    0.00    0.00    0.00    0.00    0.00   89.15
04:50:37     all    5.71    0.00    4.94    0.00    0.00    0.00    0.00    0.00    0.00   89.35
04:50:38     all    5.40    0.00    4.11    0.00    0.00    0.00    0.00    0.00    0.00   90.49
04:50:39     all    6.22    0.00    3.37    0.52    0.00    0.26    0.00    0.00    0.00   89.64
04:50:40     all    6.15    0.00    1.79    0.00    0.00    0.00    0.00    0.00    0.00   92.05
04:50:41     all    5.97    0.00    1.82    0.00    0.00    0.00    0.00    0.00    0.00   92.21
04:50:42     all    6.20    0.00    1.03    0.00    0.00    0.26    0.00    0.00    0.00   92.51
04:50:43     all    6.48    0.00    1.55    0.00    0.00    0.00    0.00    0.00    0.00   91.97
04:50:44     all    6.70    0.00    1.29    0.52    0.00    0.00    0.00    0.00    0.00   91.49
04:50:45     all    6.48    0.00    1.55    0.00    0.00    0.00    0.00    0.00    0.00   91.97
04:50:46     all    6.19    0.00    1.55    0.00    0.00    0.26    0.00    0.00    0.00   92.01
04:50:47     all    6.23    0.00    1.56    0.00    0.00    0.00    0.00    0.00    0.00   92.21
04:50:48     all    6.17    0.00    1.03    0.00    0.00    0.00    0.00    0.00    0.00   92.80
04:50:49     all    5.94    0.00    1.29    0.00    0.00    0.26    0.00    0.00    0.00   92.51
04:50:50     all    5.96    0.00    1.30    0.00    0.00    0.00    0.00    0.00    0.00   92.75
04:50:51     all    6.98    0.00    1.29    0.00    0.00    0.00    0.00    0.00    0.00   91.73
04:50:52     all    6.48    0.00    1.04    0.00    0.00    0.00    0.00    0.00    0.00   92.49
04:50:53     all    6.44    0.00    1.55    0.00    0.00    0.26    0.00    0.00    0.00   91.75
04:50:54     all    6.20    0.00    1.81    0.00    0.00    0.26    0.00    0.00    0.00   91.73
04:50:55     all    5.97    0.00    1.56    0.00    0.00    0.00    0.00    0.00    0.00   92.47
04:50:56     all    6.19    0.00    1.29    0.00    0.00    0.00    0.00    0.00    0.00   92.53
04:50:57     all    6.48    0.00    1.30    0.00    0.00    0.26    0.00    0.00    0.00   91.97
04:50:58     all    6.46    0.00    1.55    0.00    0.00    0.00    0.00    0.00    0.00   91.99
04:50:59     all    6.20    0.00    1.03    0.26    0.00    0.26    0.00    0.00    0.00   92.25
04:51:00     all    6.77    0.00    1.30    0.00    0.00    0.00    0.00    0.00    0.00   91.93
04:51:01     all    5.97    0.00    1.56    0.00    0.00    0.00    0.00    0.00    0.00   92.47
04:51:02     all    6.70    0.00    1.80    0.00    0.00    0.26    0.00    0.00    0.00   91.24
04:51:03     all    5.90    0.00    1.54    0.00    0.00    0.26    0.00    0.00    0.00   92.31
04:51:04     all    5.70    0.00    1.81    0.52    0.00    0.26    0.00    0.00    0.00   91.71
04:51:05     all    6.44    0.00    1.55    0.00    0.00    0.00    0.00    0.00    0.00   92.01
04:51:06     all    6.19    0.00    1.55    0.00    0.00    0.26    0.00    0.00    0.00   92.01
04:51:07     all    6.51    0.00    1.04    0.00    0.00    0.00    0.00    0.00    0.00   92.45
04:51:08     all    6.48    0.00    1.30    0.00    0.00    0.26    0.00    0.00    0.00   91.97
04:51:09     all    6.48    0.00    1.55    0.00    0.00    0.26    0.00    0.00    0.00   91.71
04:51:10     all    5.96    0.00    1.81    0.00    0.00    0.00    0.00    0.00    0.00   92.23
04:51:11     all    6.22    0.00    1.55    0.00    0.00    0.00    0.00    0.00    0.00   92.23
04:51:12     all    6.72    0.00    1.03    0.00    0.00    0.00    0.00    0.00    0.00   92.25
04:51:13     all    6.70    0.00    2.06    0.00    0.00    0.00    0.00    0.00    0.00   91.24
04:51:14     all    6.23    0.00    1.30    0.52    0.00    0.26    0.00    0.00    0.00   91.69
04:51:15     all    6.46    0.00    1.29    0.00    0.00    0.26    0.00    0.00    0.00   91.99
04:51:16     all    6.72    0.00    1.29    0.00    0.00    0.00    0.00    0.00    0.00   91.99
04:51:17     all    5.97    0.00    3.12    0.00    0.00    0.26    0.00    0.00    0.00   90.65
04:51:18     all    5.43    0.00    5.43    0.00    0.00    0.00    0.00    0.00    0.00   89.15
04:51:19     all    4.60    0.00    5.37    0.26    0.00    0.00    0.00    0.00    0.00   89.77
04:51:20     all    4.35    0.00    5.37    0.00    0.00    0.26    0.00    0.00    0.00   90.03
04:51:21     all    5.14    0.00    5.40    0.00    0.00    0.00    0.00    0.00    0.00   89.46
04:51:22     all    5.15    0.00    5.15    0.00    0.00    0.00    0.00    0.00    0.00   89.69
04:51:23     all    5.43    0.00    4.65    0.00    0.00    0.00    0.00    0.00    0.00   89.92
04:51:24     all    5.41    0.00    5.67    0.26    0.00    0.26    0.00    0.00    0.00   88.40
04:51:25     all    5.68    0.00    5.68    0.00    0.00    0.00    0.00    0.00    0.00   88.63
04:51:26     all    5.93    0.00    5.67    0.00    0.00    0.26    0.00    0.00    0.00   88.14
04:51:27     all    5.67    0.00    5.93    0.00    0.00    0.26    0.00    0.00    0.00   88.14
04:51:28     all    5.91    0.00    5.14    0.00    0.00    0.51    0.00    0.00    0.00   88.43
04:51:29     all    5.56    0.00    5.05    0.25    0.00    1.52    0.00    0.00    0.00   87.63
04:51:30     all    5.14    0.00    5.40    0.00    0.00    0.51    0.00    0.00    0.00   88.95
04:51:31     all    6.17    0.00    5.14    0.00    0.00    0.26    0.00    0.00    0.00   88.43
04:51:32     all    5.91    0.00    6.68    0.00    0.00    0.77    0.00    0.00    0.00   86.63
04:51:33     all    6.12    0.00    5.36    0.26    0.00    0.26    0.00    0.00    0.00   88.01
04:51:34     all    5.96    0.00    5.18    0.26    0.00    0.00    0.00    0.00    0.00   88.60
04:51:35     all    5.67    0.00    5.93    0.26    0.00    0.26    0.00    0.00    0.00   87.89
04:51:36     all    5.93    0.00    5.67    0.00    0.00    0.00    0.00    0.00    0.00   88.40
04:51:37     all    5.68    0.00    5.43    0.00    0.00    0.26    0.00    0.00    0.00   88.63
04:51:38     all    5.66    0.00    5.40    0.00    0.00    0.00    0.00    0.00    0.00   88.95
04:51:39     all    6.70    0.00    2.84    0.00    0.00    0.26    0.00    0.00    0.00   90.21
04:51:40     all    6.23    0.00    1.04    0.00    0.00    0.00    0.00    0.00    0.00   92.73
04:51:41     all    6.72    0.00    1.29    0.26    0.00    0.26    0.00    0.00    0.00   91.47
04:51:42     all    6.22    0.00    1.30    0.00    0.00    0.00    0.00    0.00    0.00   92.49
04:51:43     all    7.20    0.00    1.29    0.00    0.00    0.26    0.00    0.00    0.00   91.26
04:51:44     all    5.71    0.00    1.82    0.00    0.00    0.26    0.00    0.00    0.00   92.21
04:51:45     all    6.72    0.00    1.29    0.00    0.00    0.26    0.00    0.00    0.00   91.73
04:51:46     all    6.22    0.00    1.30    0.00    0.00    0.26    0.00    0.00    0.00   92.23
04:51:47     all    6.46    0.00    1.55    0.26    0.00    0.00    0.00    0.00    0.00   91.73
04:51:48     all    6.48    0.00    1.30    0.00    0.00    0.00    0.00    0.00    0.00   92.23
04:51:49     all    5.97    0.00    1.30    0.00    0.00    0.26    0.00    0.00    0.00   92.47
04:51:50     all    6.20    0.00    1.29    0.00    0.00    0.00    0.00    0.00    0.00   92.51
04:51:51     all    6.20    0.00    1.29    0.00    0.00    0.52    0.00    0.00    0.00   91.99
04:51:52     all    6.51    0.00    1.56    0.00    0.00    0.00    0.00    0.00    0.00   91.93
04:51:53     all    6.74    0.00    1.30    0.00    0.00    0.26    0.00    0.00    0.00   91.71
04:51:54     all    6.46    0.00    1.55    0.00    0.00    0.00    0.00    0.00    0.00   91.99
04:51:55     all    5.96    0.00    1.55    0.00    0.00    0.26    0.00    0.00    0.00   92.23
04:51:56     all    6.43    0.00    1.80    0.00    0.00    0.26    0.00    0.00    0.00   91.52
04:51:57     all    5.38    0.00    1.28    0.51    0.00    0.51    0.00    0.00    0.00   92.31
04:51:58     all    6.48    0.00    1.55    0.00    0.00    0.00    0.00    0.00    0.00   91.97
04:51:59     all    5.94    0.00    1.29    0.00    0.00    0.00    0.00    0.00    0.00   92.76
04:52:00     all    6.43    0.00    1.29    0.00    0.00    0.26    0.00    0.00    0.00   92.03
04:52:01     all    5.93    0.00    1.29    0.00    0.00    0.00    0.00    0.00    0.00   92.78
04:52:02     all    5.99    0.00    1.56    0.00    0.00    0.26    0.00    0.00    0.00   92.19
04:52:03     all    6.19    0.00    2.32    0.00    0.00    0.26    0.00    0.00    0.00   91.24
04:52:04     all    5.91    0.00    1.54    0.00    0.00    0.26    0.00    0.00    0.00   92.29
04:52:05     all    6.48    0.00    1.30    0.00    0.00    0.00    0.00    0.00    0.00   92.23
04:52:06     all    5.68    0.00    1.29    0.00    0.00    0.00    0.00    0.00    0.00   93.02
04:52:07     all    6.17    0.00    2.31    0.26    0.00    0.00    0.00    0.00    0.00   91.26
04:52:08     all    5.70    0.00    5.18    0.00    0.00    0.26    0.00    0.00    0.00   88.86
04:52:09     all    5.70    0.00    5.44    0.00    0.00    0.00    0.00    0.00    0.00   88.86
04:52:10     all    5.91    0.00    5.40    0.00    0.00    0.26    0.00    0.00    0.00   88.43
04:52:11     all    5.66    0.00    5.66    0.00    0.00    0.26    0.00    0.00    0.00   88.43
04:52:12     all    5.45    0.00    5.71    0.26    0.00    0.26    0.00    0.00    0.00   88.31
04:52:13     all    5.68    0.00    4.91    0.00    0.00    0.00    0.00    0.00    0.00   89.41
04:52:14     all    5.41    0.00    5.93    0.00    0.00    0.26    0.00    0.00    0.00   88.40
04:52:15     all    5.94    0.00    5.43    0.00    0.00    0.00    0.00    0.00    0.00   88.63
04:52:16     all    5.40    0.00    5.14    0.00    0.00    0.26    0.00    0.00    0.00   89.20
04:52:17     all    5.91    0.00    6.43    0.00    0.00    0.00    0.00    0.00    0.00   87.66
04:52:18     all    5.93    0.00    5.15    0.00    0.00    0.26    0.00    0.00    0.00   88.66
04:52:19     all    5.40    0.00    5.91    0.00    0.00    0.26    0.00    0.00    0.00   88.43
04:52:20     all    5.94    0.00    5.68    0.00    0.00    0.00    0.00    0.00    0.00   88.37
04:52:21     all    5.41    0.00    6.44    0.00    0.00    0.26    0.00    0.00    0.00   87.89
04:52:22     all    5.45    0.00    5.71    0.00    0.00    0.00    0.00    0.00    0.00   88.83
04:52:23     all    5.67    0.00    5.15    0.00    0.00    0.26    0.00    0.00    0.00   88.92
04:52:24     all    5.41    0.00    5.41    0.52    0.00    0.26    0.00    0.00    0.00   88.40
04:52:25     all    5.91    0.00    5.66    0.00    0.00    0.00    0.00    0.00    0.00   88.43
04:52:26     all    6.20    0.00    5.68    0.00    0.00    0.00    0.00    0.00    0.00   88.11
04:52:27     all    5.88    0.00    6.14    0.00    0.00    0.26    0.00    0.00    0.00   87.72
04:52:28     all    6.22    0.00    5.44    0.00    0.00    0.00    0.00    0.00    0.00   88.34
04:52:29     all    5.91    0.00    5.14    0.26    0.00    0.26    0.00    0.00    0.00   88.43
04:52:30     all    5.66    0.00    6.17    0.00    0.00    0.26    0.00    0.00    0.00   87.92
04:52:31     all    5.41    0.00    5.67    0.00    0.00    0.26    0.00    0.00    0.00   88.66
04:52:32     all    5.13    0.00    6.92    0.00    0.00    0.77    0.00    0.00    0.00   87.18
04:52:33     all    6.22    0.00    5.70    0.00    0.00    0.00    0.00    0.00    0.00   88.08
04:52:34     all    5.66    0.00    5.66    0.00    0.00    0.26    0.00    0.00    0.00   88.43
04:52:35     all    5.70    0.00    5.70    0.00    0.00    0.00    0.00    0.00    0.00   88.60
04:52:36     all    6.17    0.00    6.17    0.00    0.00    0.00    0.00    0.00    0.00   87.66
04:52:37     all    5.63    0.00    5.12    0.00    0.00    0.26    0.00    0.00    0.00   89.00
04:52:38     all    5.96    0.00    5.70    0.00    0.00    0.00    0.00    0.00    0.00   88.34
04:52:39     all    6.19    0.00    4.64    0.00    0.00    0.26    0.00    0.00    0.00   88.92
04:52:40     all    4.66    0.00    4.92    0.00    0.00    0.26    0.00    0.00    0.00   90.16
04:52:41     all    5.15    0.00    6.44    0.00    0.00    0.26    0.00    0.00    0.00   88.14
04:52:42     all    5.14    0.00    5.91    0.00    0.00    0.26    0.00    0.00    0.00   88.69
04:52:43     all    5.91    0.00    5.66    0.00    0.00    0.26    0.00    0.00    0.00   88.17
04:52:44     all    5.47    0.00    5.47    0.26    0.00    0.00    0.00    0.00    0.00   88.80
04:52:45     all    6.43    0.00    2.06    0.00    0.00    0.51    0.00    0.00    0.00   91.00
04:52:46     all    6.20    0.00    1.55    0.00    0.00    0.26    0.00    0.00    0.00   91.99
04:52:47     all    6.49    0.00    1.30    0.00    0.00    0.00    0.00    0.00    0.00   92.21
04:52:48     all    6.44    0.00    1.55    0.00    0.00    0.26    0.00    0.00    0.00   91.75
04:52:49     all    6.49    0.00    1.30    0.26    0.00    0.26    0.00    0.00    0.00   91.69
04:52:50     all    5.14    0.00    1.54    0.00    0.00    0.00    0.00    0.00    0.00   93.32
04:52:51     all    5.40    0.00    1.54    0.00    0.00    0.00    0.00    0.00    0.00   93.06
04:52:52     all    5.17    0.00    1.55    0.00    0.00    0.00    0.00    0.00    0.00   93.28
04:52:53     all    5.64    0.00    1.28    0.00    0.00    0.26    0.00    0.00    0.00   92.82
04:52:54     all    6.17    0.00    1.29    0.00    0.00    0.00    0.00    0.00    0.00   92.54
04:52:55     all    5.17    0.00    1.29    0.00    0.00    0.00    0.00    0.00    0.00   93.54
04:52:56     all    5.38    0.00    1.28    0.00    0.00    0.26    0.00    0.00    0.00   93.08
04:52:57     all    5.64    0.00    1.54    0.00    0.00    0.26    0.00    0.00    0.00   92.56
04:52:58     all    5.15    0.00    1.55    0.00    0.00    0.26    0.00    0.00    0.00   93.04
04:52:59     all    5.67    0.00    1.29    0.00    0.00    0.00    0.00    0.00    0.00   93.04
04:53:00     all    5.40    0.00    1.03    0.00    0.00    0.26    0.00    0.00    0.00   93.32
04:53:01     all    5.10    0.00    1.28    0.51    0.00    0.00    0.00    0.00    0.00   93.11
04:53:02     all    5.14    0.00    1.54    0.00    0.00    0.26    0.00    0.00    0.00   93.06
04:53:03     all    5.13    0.00    1.28    0.00    0.00    0.51    0.00    0.00    0.00   93.08
04:53:04     all    5.88    0.00    1.79    0.00    0.00    0.00    0.00    0.00    0.00   92.33
04:53:05     all    5.63    0.00    1.79    0.00    0.00    0.26    0.00    0.00    0.00   92.33
04:53:06     all    5.63    0.00    1.28    0.00    0.00    0.00    0.00    0.00    0.00   93.09
04:53:07     all    5.66    0.00    1.54    0.26    0.00    0.26    0.00    0.00    0.00   92.29
04:53:08     all    5.88    0.00    1.28    0.00    0.00    0.26    0.00    0.00    0.00   92.58
04:53:09     all    5.19    0.00    1.30    0.00    0.00    0.00    0.00    0.00    0.00   93.51
04:53:10     all    5.38    0.00    1.54    0.00    0.00    0.26    0.00    0.00    0.00   92.82
04:53:11     all    5.14    0.00    1.54    0.00    0.00    0.00    0.00    0.00    0.00   93.32
04:53:12     all    6.70    0.00    1.03    0.00    0.00    0.26    0.00    0.00    0.00   92.01
04:53:13     all    6.19    0.00    1.80    0.00    0.00    0.26    0.00    0.00    0.00   91.75
04:53:14     all    6.22    0.00    1.04    0.00    0.00    0.26    0.00    0.00    0.00   92.49
04:53:15     all    6.41    0.00    1.79    0.00    0.00    0.51    0.00    0.00    0.00   91.28
04:53:16     all    6.46    0.00    1.55    0.00    0.00    0.26    0.00    0.00    0.00   91.73
04:53:17     all    6.23    0.00    1.56    0.00    0.00    0.00    0.00    0.00    0.00   92.21
04:53:18     all    6.20    0.00    1.29    0.26    0.00    0.00    0.00    0.00    0.00   92.25
04:53:19     all    6.72    0.00    1.55    0.00    0.00    0.26    0.00    0.00    0.00   91.47
04:53:20     all    6.48    0.00    1.30    0.00    0.00    0.00    0.00    0.00    0.00   92.23
04:53:21     all    6.23    0.00    1.30    0.00    0.00    0.00    0.00    0.00    0.00   92.47
04:53:22     all    6.22    0.00    1.30    0.00    0.00    0.26    0.00    0.00    0.00   92.23
04:53:23     all    5.91    0.00    4.63    0.26    0.00    0.26    0.00    0.00    0.00   88.95
04:53:24     all    5.40    0.00    5.91    0.00    0.00    0.26    0.00    0.00    0.00   88.43
04:53:25     all    5.47    0.00    5.47    0.00    0.00    0.26    0.00    0.00    0.00   88.80
04:53:26     all    4.88    0.00    6.17    0.00    0.00    0.00    0.00    0.00    0.00   88.95
04:53:27     all    5.15    0.00    6.44    0.00    0.00    0.26    0.00    0.00    0.00   88.14
04:53:28     all    5.66    0.00    4.88    0.26    0.00    0.26    0.00    0.00    0.00   88.95
04:53:29     all    5.94    0.00    6.20    0.00    0.00    0.00    0.00    0.00    0.00   87.86
04:53:30     all    5.40    0.00    4.88    0.00    0.00    0.26    0.00    0.00    0.00   89.46
04:53:31     all    6.15    0.00    5.90    0.00    0.00    0.00    0.00    0.00    0.00   87.95
04:53:32     all    5.41    0.00    6.70    0.00    0.00    0.52    0.00    0.00    0.00   87.37
04:53:33     all    5.67    0.00    4.90    0.00    0.00    0.00    0.00    0.00    0.00   89.43
04:53:34     all    5.66    0.00    5.66    0.00    0.00    0.26    0.00    0.00    0.00   88.43
04:53:35     all    5.40    0.00    5.14    0.00    0.00    0.00    0.00    0.00    0.00   89.46
04:53:36     all    5.14    0.00    4.88    0.00    0.00    0.26    0.00    0.00    0.00   89.72
04:53:37     all    5.41    0.00    5.15    0.00    0.00    0.00    0.00    0.00    0.00   89.43
04:53:38     all    5.67    0.00    5.67    0.00    0.00    0.00    0.00    0.00    0.00   88.66
04:53:39     all    5.13    0.00    4.87    0.51    0.00    0.26    0.00    0.00    0.00   89.23
04:53:40     all    5.44    0.00    5.44    0.00    0.00    0.00    0.00    0.00    0.00   89.12
04:53:41     all    5.14    0.00    5.40    0.00    0.00    0.26    0.00    0.00    0.00   89.20
04:53:42     all    5.41    0.00    6.19    0.00    0.00    0.00    0.00    0.00    0.00   88.40
04:53:43     all    5.66    0.00    5.66    0.00    0.00    0.00    0.00    0.00    0.00   88.69
04:53:44     all    5.41    0.00    5.67    0.00    0.00    0.26    0.00    0.00    0.00   88.66
04:53:45     all    5.97    0.00    2.34    0.00    0.00    0.00    0.00    0.00    0.00   91.69
04:53:46     all    5.93    0.00    1.80    0.00    0.00    0.26    0.00    0.00    0.00   92.01
04:53:47     all    6.48    0.00    1.55    0.00    0.00    0.00    0.00    0.00    0.00   91.97
04:53:48     all    6.44    0.00    1.29    0.00    0.00    0.00    0.00    0.00    0.00   92.27
04:53:49     all    5.67    0.00    1.55    0.00    0.00    0.26    0.00    0.00    0.00   92.53
04:53:50     all    6.72    0.00    1.29    0.00    0.00    0.26    0.00    0.00    0.00   91.73
04:53:51     all    6.20    0.00    1.29    0.26    0.00    0.26    0.00    0.00    0.00   91.99
04:53:52     all    6.96    0.00    1.55    0.00    0.00    0.26    0.00    0.00    0.00   91.24
04:53:53     all    6.17    0.00    1.29    0.00    0.00    0.00    0.00    0.00    0.00   92.54
04:53:54     all    5.99    0.00    1.30    0.00    0.00    0.00    0.00    0.00    0.00   92.71
04:53:55     all    6.48    0.00    1.30    0.00    0.00    0.26    0.00    0.00    0.00   91.97
04:53:56     all    6.96    0.00    1.29    0.00    0.00    0.26    0.00    0.00    0.00   91.49
04:53:57     all    6.48    0.00    1.55    0.00    0.00    0.00    0.00    0.00    0.00   91.97
04:53:58     all    6.44    0.00    1.80    0.00    0.00    0.26    0.00    0.00    0.00   91.49
04:53:59     all    5.96    0.00    1.30    0.00    0.00    0.26    0.00    0.00    0.00   92.49
04:54:00     all    5.96    0.00    1.55    0.00    0.00    0.26    0.00    0.00    0.00   92.23
04:54:01     all    6.46    0.00    1.29    0.52    0.00    0.00    0.00    0.00    0.00   91.73
04:54:02     all    6.38    0.00    1.53    0.00    0.00    0.26    0.00    0.00    0.00   91.84
04:54:03     all    5.67    0.00    1.55    0.00    0.00    0.00    0.00    0.00    0.00   92.78
04:54:04     all    5.99    0.00    1.30    0.00    0.00    0.00    0.00    0.00    0.00   92.71
04:54:05     all    6.20    0.00    1.55    0.00    0.00    0.00    0.00    0.00    0.00   92.25
04:54:06     all    5.96    0.00    1.55    0.00    0.00    0.26    0.00    0.00    0.00   92.23
04:54:07     all    6.74    0.00    1.04    0.00    0.00    0.00    0.00    0.00    0.00   92.23
04:54:08     all    6.46    0.00    1.03    0.00    0.00    0.26    0.00    0.00    0.00   92.25
04:54:09     all    6.44    0.00    1.29    0.00    0.00    0.26    0.00    0.00    0.00   92.01
04:54:10     all    6.70    0.00    1.55    0.00    0.00    0.26    0.00    0.00    0.00   91.49
04:54:11     all    6.48    0.00    1.30    0.00    0.00    0.00    0.00    0.00    0.00   92.23
04:54:12     all    5.97    0.00    1.30    0.52    0.00    0.26    0.00    0.00    0.00   91.95
04:54:13     all    5.90    0.00    1.54    0.00    0.00    0.26    0.00    0.00    0.00   92.31
04:54:14     all    5.70    0.00    4.15    0.00    0.00    0.26    0.00    0.00    0.00   89.90
04:54:15     all    5.94    0.00    6.20    0.00    0.00    0.26    0.00    0.00    0.00   87.60
04:54:16     all    5.64    0.00    5.64    0.00    0.00    0.26    0.00    0.00    0.00   88.46
04:54:17     all    5.45    0.00    6.23    0.00    0.00    0.00    0.00    0.00    0.00   88.31
04:54:18     all    5.41    0.00    6.19    0.00    0.00    0.26    0.00    0.00    0.00   88.14
04:54:19     all    5.68    0.00    6.20    0.00    0.00    0.00    0.00    0.00    0.00   88.11
04:54:20     all    5.68    0.00    5.68    0.00    0.00    0.00    0.00    0.00    0.00   88.63
04:54:21     all    5.43    0.00    5.94    0.00    0.00    0.26    0.00    0.00    0.00   88.37
04:54:22     all    5.66    0.00    6.68    0.00    0.00    0.00    0.00    0.00    0.00   87.66
04:54:23     all    6.17    0.00    4.88    0.51    0.00    0.26    0.00    0.00    0.00   88.17
04:54:24     all    5.43    0.00    5.94    0.00    0.00    0.00    0.00    0.00    0.00   88.63
04:54:25     all    5.67    0.00    5.15    0.00    0.00    0.00    0.00    0.00    0.00   89.18
04:54:26     all    5.68    0.00    5.17    0.00    0.00    0.26    0.00    0.00    0.00   88.89
04:54:27     all    5.43    0.00    5.94    0.00    0.00    0.00    0.00    0.00    0.00   88.63
04:54:28     all    5.96    0.00    6.22    0.00    0.00    0.26    0.00    0.00    0.00   87.56
04:54:29     all    5.93    0.00    5.15    0.00    0.00    0.26    0.00    0.00    0.00   88.66
04:54:30     all    6.92    0.00    4.62    0.00    0.00    0.26    0.00    0.00    0.00   88.21
04:54:31     all    5.43    0.00    5.94    0.00    0.00    0.26    0.00    0.00    0.00   88.37
04:54:32     all    5.71    0.00    6.75    0.00    0.00    0.26    0.00    0.00    0.00   87.27
04:54:33     all    5.40    0.00    5.40    0.00    0.00    0.26    0.00    0.00    0.00   88.95
04:54:34     all    5.44    0.00    5.70    0.26    0.00    0.26    0.00    0.00    0.00   88.34
04:54:35     all    5.67    0.00    4.90    0.00    0.00    0.00    0.00    0.00    0.00   89.43
04:54:36     all    5.13    0.00    5.64    0.00    0.00    0.26    0.00    0.00    0.00   88.97
04:54:37     all    5.93    0.00    5.67    0.00    0.00    0.00    0.00    0.00    0.00   88.40
04:54:38     all    6.41    0.00    5.64    0.00    0.00    0.26    0.00    0.00    0.00   87.69
04:54:39     all    5.44    0.00    5.18    0.00    0.00    0.26    0.00    0.00    0.00   89.12
04:54:40     all    5.71    0.00    5.71    0.00    0.00    0.00    0.00    0.00    0.00   88.57
04:54:41     all    5.66    0.00    5.91    0.00    0.00    0.26    0.00    0.00    0.00   88.17
04:54:42     all    5.44    0.00    6.22    0.00    0.00    0.00    0.00    0.00    0.00   88.34
04:54:43     all    5.67    0.00    5.67    0.00    0.00    0.26    0.00    0.00    0.00   88.40
04:54:44     all    5.93    0.00    5.67    0.52    0.00    0.26    0.00    0.00    0.00   87.63
04:54:45     all    5.67    0.00    5.15    0.00    0.00    0.26    0.00    0.00    0.00   88.92
04:54:46     all    6.99    0.00    1.55    0.00    0.00    0.26    0.00    0.00    0.00   91.19
04:54:47     all    6.41    0.00    1.54    0.00    0.00    0.51    0.00    0.00    0.00   91.54
04:54:48     all    6.72    0.00    1.55    0.00    0.00    0.26    0.00    0.00    0.00   91.47
04:54:49     all    5.68    0.00    1.81    0.00    0.00    0.26    0.00    0.00    0.00   92.25
04:54:50     all    6.74    0.00    1.04    0.00    0.00    0.26    0.00    0.00    0.00   91.97
04:54:51     all    6.70    0.00    1.29    0.00    0.00    0.52    0.00    0.00    0.00   91.49
04:54:52     all    6.51    0.00    1.56    0.00    0.00    0.26    0.00    0.00    0.00   91.67
04:54:53     all    5.94    0.00    1.29    0.00    0.00    0.26    0.00    0.00    0.00   92.51
04:54:54     all    6.72    0.00    1.55    0.26    0.00    0.26    0.00    0.00    0.00   91.21
04:54:55     all    5.97    0.00    1.82    0.00    0.00    0.00    0.00    0.00    0.00   92.21
04:54:56     all    6.44    0.00    2.06    0.00    0.00    0.00    0.00    0.00    0.00   91.49
04:54:57     all    6.46    0.00    1.29    0.00    0.00    0.26    0.00    0.00    0.00   91.99
04:54:58     all    6.70    0.00    1.80    0.00    0.00    0.52    0.00    0.00    0.00   90.98
04:54:59     all    6.20    0.00    1.55    0.26    0.00    0.00    0.00    0.00    0.00   91.99
04:55:00     all    6.25    0.00    1.30    0.00    0.00    0.26    0.00    0.00    0.00   92.19
04:55:01     all    5.94    0.00    2.07    0.52    0.00    0.52    0.00    0.00    0.00   90.96
04:55:02     all    4.88    0.00    1.29    0.00    0.00    0.00    0.00    0.00    0.00   93.83
04:55:03     all    5.13    0.00    1.28    0.00    0.00    0.26    0.00    0.00    0.00   93.33
04:55:04     all    5.97    0.00    1.56    0.00    0.00    0.00    0.00    0.00    0.00   92.47
04:55:05     all    6.44    0.00    1.29    0.00    0.00    0.26    0.00    0.00    0.00   92.01
04:55:06     all    6.19    0.00    1.55    0.00    0.00    0.00    0.00    0.00    0.00   92.27
04:55:07     all    6.74    0.00    1.30    0.26    0.00    0.00    0.00    0.00    0.00   91.71
04:55:08     all    5.96    0.00    1.30    0.00    0.00    0.26    0.00    0.00    0.00   92.49
04:55:09     all    5.97    0.00    1.30    0.00    0.00    0.00    0.00    0.00    0.00   92.73
04:55:10     all    6.20    0.00    1.55    0.00    0.00    0.26    0.00    0.00    0.00   91.99
04:55:11     all    6.46    0.00    1.29    0.00    0.00    0.26    0.00    0.00    0.00   91.99
04:55:12     all    6.22    0.00    1.30    0.00    0.00    0.00    0.00    0.00    0.00   92.49
04:55:13     all    6.22    0.00    1.30    0.00    0.00    0.00    0.00    0.00    0.00   92.49
04:55:14     all    5.15    0.00    1.55    0.00    0.00    0.26    0.00    0.00    0.00   93.04
04:55:15     all    6.25    0.00    1.56    0.00    0.00    0.00    0.00    0.00    0.00   92.19
04:55:16     all    6.72    0.00    1.03    0.00    0.00    0.26    0.00    0.00    0.00   91.99
04:55:17     all    6.46    0.00    1.29    0.26    0.00    0.00    0.00    0.00    0.00   91.99
04:55:18     all    5.93    0.00    1.55    0.00    0.00    0.26    0.00    0.00    0.00   92.27
04:55:19     all    6.48    0.00    2.07    0.00    0.00    0.00    0.00    0.00    0.00   91.45
04:55:20     all    5.66    0.00    5.66    0.00    0.00    0.00    0.00    0.00    0.00   88.69
04:55:21     all    6.44    0.00    5.41    0.00    0.00    0.00    0.00    0.00    0.00   88.14
04:55:22     all    5.66    0.00    5.66    0.00    0.00    0.26    0.00    0.00    0.00   88.43
04:55:23     all    5.85    0.00    5.09    0.00    0.00    1.02    0.00    0.00    0.00   88.04
04:55:24     all    5.70    0.00    5.18    0.00    0.00    0.52    0.00    0.00    0.00   88.60
04:55:25     all    6.15    0.00    6.41    0.00    0.00    0.26    0.00    0.00    0.00   87.18
04:55:26     all    5.43    0.00    5.68    0.00    0.00    0.00    0.00    0.00    0.00   88.89
04:55:27     all    5.94    0.00    5.94    0.26    0.00    0.00    0.00    0.00    0.00   87.86
04:55:28     all    5.94    0.00    5.43    0.00    0.00    0.00    0.00    0.00    0.00   88.63
04:55:29     all    5.40    0.00    5.66    0.00    0.00    0.26    0.00    0.00    0.00   88.69
04:55:30     all    5.68    0.00    6.20    0.26    0.00    0.00    0.00    0.00    0.00   87.86
04:55:31     all    5.43    0.00    6.46    0.00    0.00    0.00    0.00    0.00    0.00   88.11
04:55:32     all    5.10    0.00    6.89    0.00    0.00    0.51    0.00    0.00    0.00   87.50
04:55:33     all    4.90    0.00    5.93    0.00    0.00    0.00    0.00    0.00    0.00   89.18
04:55:34     all    5.13    0.00    5.90    0.00    0.00    0.00    0.00    0.00    0.00   88.97
04:55:35     all    4.88    0.00    5.91    0.00    0.00    0.00    0.00    0.00    0.00   89.20
04:55:36     all    4.35    0.00    5.12    0.00    0.00    0.26    0.00    0.00    0.00   90.28
04:55:37     all    4.87    0.00    6.15    0.26    0.00    0.26    0.00    0.00    0.00   88.46
04:55:38     all    5.10    0.00    5.87    0.00    0.00    0.00    0.00    0.00    0.00   89.03
04:55:39     all    5.14    0.00    5.14    0.00    0.00    0.26    0.00    0.00    0.00   89.46
04:55:40     all    4.86    0.00    5.37    0.00    0.00    0.26    0.00    0.00    0.00   89.51
04:55:41     all    5.58    0.00    4.57    0.00    0.00    1.52    0.00    0.00    0.00   88.32
04:55:42     all    5.14    0.00    6.43    0.26    0.00    0.26    0.00    0.00    0.00   87.92
04:55:43     all    5.41    0.00    6.19    0.00    0.00    0.00    0.00    0.00    0.00   88.40
04:55:44     all    5.41    0.00    5.93    0.26    0.00    0.26    0.00    0.00    0.00   88.14
04:55:45     all    5.67    0.00    5.93    0.00    0.00    0.00    0.00    0.00    0.00   88.40
04:55:46     all    6.44    0.00    2.32    0.00    0.00    0.26    0.00    0.00    0.00   90.98
04:55:47     all    5.71    0.00    2.34    0.00    0.00    0.00    0.00    0.00    0.00   91.95
04:55:48     all    4.90    0.00    5.67    0.26    0.00    0.26    0.00    0.00    0.00   88.92
04:55:49     all    5.94    0.00    5.43    0.00    0.00    0.00    0.00    0.00    0.00   88.63
04:55:50     all    6.19    0.00    5.67    0.00    0.00    0.00    0.00    0.00    0.00   88.14
04:55:51     all    5.71    0.00    5.45    0.00    0.00    0.00    0.00    0.00    0.00   88.83
04:55:52     all    6.17    0.00    6.17    0.00    0.00    0.26    0.00    0.00    0.00   87.40
04:55:53     all    4.63    0.00    5.66    0.00    0.00    0.26    0.00    0.00    0.00   89.46
04:55:54     all    6.17    0.00    5.91    0.00    0.00    0.26    0.00    0.00    0.00   87.66
04:55:55     all    5.93    0.00    5.67    0.00    0.00    0.00    0.00    0.00    0.00   88.40
04:55:56     all    5.68    0.00    5.43    0.00    0.00    0.26    0.00    0.00    0.00   88.63
04:55:57     all    5.67    0.00    5.67    0.00    0.00    0.26    0.00    0.00    0.00   88.40
04:55:58     all    5.15    0.00    5.67    0.00    0.00    0.26    0.00    0.00    0.00   88.92
04:55:59     all    5.45    0.00    6.23    0.00    0.00    0.00    0.00    0.00    0.00   88.31
04:56:00     all    5.18    0.00    5.44    0.00    0.00    0.00    0.00    0.00    0.00   89.38
04:56:01     all    5.64    0.00    5.90    0.00    0.00    0.26    0.00    0.00    0.00   88.21
04:56:02     all    4.88    0.00    5.14    0.00    0.00    0.26    0.00    0.00    0.00   89.72
04:56:03     all    4.85    0.00    5.36    0.00    0.00    0.26    0.00    0.00    0.00   89.54
04:56:04     all    4.63    0.00    5.40    0.00    0.00    0.26    0.00    0.00    0.00   89.72
04:56:05     all    5.12    0.00    5.12    0.00    0.00    0.00    0.00    0.00    0.00   89.77
04:56:06     all    5.36    0.00    5.36    0.26    0.00    0.00    0.00    0.00    0.00   89.03
04:56:07     all    4.87    0.00    5.90    0.00    0.00    0.26    0.00    0.00    0.00   88.97
04:56:08     all    4.87    0.00    5.38    0.00    0.00    0.00    0.00    0.00    0.00   89.74
04:56:09     all    4.60    0.00    5.63    0.00    0.00    0.00    0.00    0.00    0.00   89.77
04:56:10     all    5.13    0.00    5.13    0.00    0.00    0.26    0.00    0.00    0.00   89.49
04:56:11     all    4.37    0.00    5.66    0.00    0.00    0.00    0.00    0.00    0.00   89.97
04:56:12     all    4.86    0.00    5.12    0.00    0.00    0.26    0.00    0.00    0.00   89.77
04:56:13     all    5.17    0.00    5.43    0.00    0.00    0.00    0.00    0.00    0.00   89.41
04:56:14     all    4.85    0.00    5.61    0.00    0.00    0.26    0.00    0.00    0.00   89.29
04:56:15     all    5.63    0.00    5.88    0.00    0.00    0.00    0.00    0.00    0.00   88.49
04:56:16     all    5.37    0.00    5.37    0.26    0.00    0.51    0.00    0.00    0.00   88.49
04:56:17     all    5.08    0.00    5.08    0.00    0.00    1.52    0.00    0.00    0.00   88.32
04:56:18     all    5.91    0.00    5.40    0.00    0.00    0.26    0.00    0.00    0.00   88.43
04:56:19     all    5.99    0.00    5.47    0.00    0.00    0.00    0.00    0.00    0.00   88.54
04:56:20     all    5.64    0.00    5.13    0.00    0.00    0.00    0.00    0.00    0.00   89.23
04:56:21     all    5.44    0.00    5.96    0.00    0.00    0.26    0.00    0.00    0.00   88.34
04:56:22     all    5.18    0.00    5.70    0.00    0.00    0.00    0.00    0.00    0.00   89.12
04:56:23     all    5.40    0.00    4.88    0.00    0.00    0.26    0.00    0.00    0.00   89.46
04:56:24     all    5.94    0.00    5.68    0.00    0.00    0.26    0.00    0.00    0.00   88.11
04:56:25     all    6.19    0.00    5.67    0.00    0.00    0.00    0.00    0.00    0.00   88.14
04:56:26     all    5.68    0.00    5.94    0.00    0.00    0.00    0.00    0.00    0.00   88.37
04:56:27     all    5.63    0.00    5.37    0.51    0.00    0.51    0.00    0.00    0.00   87.98
04:56:28     all    5.93    0.00    5.93    0.00    0.00    0.52    0.00    0.00    0.00   87.63
04:56:29     all    5.66    0.00    5.91    0.00    0.00    0.00    0.00    0.00    0.00   88.43
04:56:30     all    5.45    0.00    6.23    0.00    0.00    0.00    0.00    0.00    0.00   88.31
04:56:31     all    5.43    0.00    5.94    0.00    0.00    0.00    0.00    0.00    0.00   88.63
04:56:32     all    5.56    0.00    6.31    0.00    0.00    1.77    0.00    0.00    0.00   86.36
04:56:33     all    5.96    0.00    5.18    0.00    0.00    0.26    0.00    0.00    0.00   88.60
04:56:34     all    5.63    0.00    6.39    0.00    0.00    0.51    0.00    0.00    0.00   87.47
04:56:35     all    5.91    0.00    5.66    0.00    0.00    0.00    0.00    0.00    0.00   88.43
04:56:36     all    6.22    0.00    5.44    0.00    0.00    0.26    0.00    0.00    0.00   88.08
04:56:37     all    5.70    0.00    5.70    0.00    0.00    0.00    0.00    0.00    0.00   88.60
04:56:38     all    5.38    0.00    5.90    0.00    0.00    0.26    0.00    0.00    0.00   88.46
04:56:39     all    6.20    0.00    4.91    0.26    0.00    0.26    0.00    0.00    0.00   88.37
04:56:40     all    5.68    0.00    5.68    0.00    0.00    0.26    0.00    0.00    0.00   88.37
04:56:41     all    5.94    0.00    5.68    0.00    0.00    0.00    0.00    0.00    0.00   88.37
04:56:42     all    5.91    0.00    5.40    0.00    0.00    0.00    0.00    0.00    0.00   88.69
04:56:43     all    5.70    0.00    5.70    0.00    0.00    0.00    0.00    0.00    0.00   88.60
04:56:44     all    5.96    0.00    4.66    0.26    0.00    0.26    0.00    0.00    0.00   88.86
04:56:45     all    5.67    0.00    5.67    0.00    0.00    0.00    0.00    0.00    0.00   88.66
04:56:46     all    6.19    0.00    5.93    0.00    0.00    0.26    0.00    0.00    0.00   87.63
04:56:47     all    5.87    0.00    6.38    0.00    0.00    0.00    0.00    0.00    0.00   87.76
04:56:48     all    5.22    0.00    5.74    0.00    0.00    0.00    0.00    0.00    0.00   89.03
04:56:49     all    6.49    0.00    2.08    0.00    0.00    0.00    0.00    0.00    0.00   91.43
04:56:50     all    5.44    0.00    4.66    0.00    0.00    0.00    0.00    0.00    0.00   89.90
04:56:51     all    5.68    0.00    5.43    0.00    0.00    0.26    0.00    0.00    0.00   88.63
04:56:52     all    6.19    0.00    5.93    0.00    0.00    0.00    0.00    0.00    0.00   87.89
04:56:53     all    5.68    0.00    5.43    0.00    0.00    0.26    0.00    0.00    0.00   88.63
04:56:54     all    5.15    0.00    5.93    0.00    0.00    0.26    0.00    0.00    0.00   88.66
04:56:55     all    5.43    0.00    5.94    0.26    0.00    0.00    0.00    0.00    0.00   88.37
04:56:56     all    5.70    0.00    5.96    0.00    0.00    0.00    0.00    0.00    0.00   88.34
04:56:57     all    5.38    0.00    5.38    0.00    0.00    0.26    0.00    0.00    0.00   88.97
04:56:58     all    5.93    0.00    5.41    0.00    0.00    0.00    0.00    0.00    0.00   88.66
04:56:59     all    5.68    0.00    6.20    0.00    0.00    0.00    0.00    0.00    0.00   88.11
04:57:00     all    5.67    0.00    4.90    0.26    0.00    0.00    0.00    0.00    0.00   89.18
04:57:01     all    5.68    0.00    6.20    0.00    0.00    0.00    0.00    0.00    0.00   88.11
04:57:02     all    5.14    0.00    5.66    0.00    0.00    0.26    0.00    0.00    0.00   88.95
04:57:03     all    5.45    0.00    5.45    0.00    0.00    0.00    0.00    0.00    0.00   89.09
04:57:04     all    6.44    0.00    5.15    0.00    0.00    0.26    0.00    0.00    0.00   88.14
04:57:05     all    5.63    0.00    5.37    0.26    0.00    0.26    0.00    0.00    0.00   88.49
04:57:06     all    5.47    0.00    5.21    0.00    0.00    0.00    0.00    0.00    0.00   89.32
04:57:07     all    5.17    0.00    5.68    0.00    0.00    0.26    0.00    0.00    0.00   88.89
04:57:08     all    5.96    0.00    5.70    0.00    0.00    0.00    0.00    0.00    0.00   88.34
04:57:09     all    5.67    0.00    5.93    0.00    0.00    0.00    0.00    0.00    0.00   88.40
04:57:10     all    5.40    0.00    5.40    0.00    0.00    0.51    0.00    0.00    0.00   88.69
04:57:11     all    5.67    0.00    5.93    0.00    0.00    0.00    0.00    0.00    0.00   88.40
04:57:12     all    5.41    0.00    5.93    0.00    0.00    0.00    0.00    0.00    0.00   88.66
04:57:13     all    5.90    0.00    5.90    0.00    0.00    0.26    0.00    0.00    0.00   87.95
04:57:14     all    4.91    0.00    6.46    0.00    0.00    0.26    0.00    0.00    0.00   88.37
04:57:15     all    6.46    0.00    5.17    0.26    0.00    0.00    0.00    0.00    0.00   88.11
04:57:16     all    6.65    0.00    5.37    0.00    0.00    0.51    0.00    0.00    0.00   87.47
04:57:17     all    5.93    0.00    5.67    0.00    0.00    0.00    0.00    0.00    0.00   88.40
04:57:18     all    5.68    0.00    5.94    0.00    0.00    0.26    0.00    0.00    0.00   88.11
04:57:19     all    5.67    0.00    6.44    0.00    0.00    0.00    0.00    0.00    0.00   87.89
04:57:20     all    5.91    0.00    5.91    0.00    0.00    0.26    0.00    0.00    0.00   87.92
04:57:21     all    5.45    0.00    6.23    0.00    0.00    0.26    0.00    0.00    0.00   88.05
04:57:22     all    5.66    0.00    6.17    0.00    0.00    0.26    0.00    0.00    0.00   87.92
04:57:23     all    5.93    0.00    5.67    0.00    0.00    0.26    0.00    0.00    0.00   88.14
04:57:24     all    5.64    0.00    6.41    0.00    0.00    0.26    0.00    0.00    0.00   87.69
04:57:25     all    6.15    0.00    5.38    0.51    0.00    0.26    0.00    0.00    0.00   87.69
04:57:26     all    6.22    0.00    5.44    0.00    0.00    0.00    0.00    0.00    0.00   88.34
04:57:27     all    5.15    0.00    5.93    0.00    0.00    0.26    0.00    0.00    0.00   88.66
04:57:28     all    5.96    0.00    5.44    0.00    0.00    0.00    0.00    0.00    0.00   88.60
04:57:29     all    6.44    0.00    5.93    0.00    0.00    0.26    0.00    0.00    0.00   87.37
04:57:30     all    5.41    0.00    5.93    0.00    0.00    0.26    0.00    0.00    0.00   88.40
04:57:31     all    5.66    0.00    6.17    0.00    0.00    0.26    0.00    0.00    0.00   87.92
04:57:32     all    5.58    0.00    6.60    0.00    0.00    1.52    0.00    0.00    0.00   86.29
04:57:33     all    6.44    0.00    5.15    0.00    0.00    0.00    0.00    0.00    0.00   88.40
04:57:34     all    5.70    0.00    5.96    0.00    0.00    0.00    0.00    0.00    0.00   88.34
04:57:35     all    5.67    0.00    5.15    0.26    0.00    0.26    0.00    0.00    0.00   88.66
04:57:36     all    5.73    0.00    4.69    0.00    0.00    0.00    0.00    0.00    0.00   89.58
04:57:37     all    5.66    0.00    5.40    0.00    0.00    0.00    0.00    0.00    0.00   88.95
04:57:38     all    5.44    0.00    5.44    0.00    0.00    0.00    0.00    0.00    0.00   89.12
04:57:39     all    5.90    0.00    5.38    0.00    0.00    0.26    0.00    0.00    0.00   88.46
04:57:40     all    6.23    0.00    5.71    0.00    0.00    0.00    0.00    0.00    0.00   88.05
04:57:41     all    6.19    0.00    5.41    0.00    0.00    0.26    0.00    0.00    0.00   88.14
04:57:42     all    5.71    0.00    5.97    0.00    0.00    0.00    0.00    0.00    0.00   88.31
04:57:43     all    5.91    0.00    6.17    0.00    0.00    0.00    0.00    0.00    0.00   87.92
04:57:44     all    5.67    0.00    5.93    0.00    0.00    0.00    0.00    0.00    0.00   88.40
04:57:45     all    6.20    0.00    5.68    0.26    0.00    0.26    0.00    0.00    0.00   87.60
04:57:46     all    5.66    0.00    4.88    0.00    0.00    0.26    0.00    0.00    0.00   89.20
04:57:47     all    5.94    0.00    5.17    0.00    0.00    0.26    0.00    0.00    0.00   88.63
04:57:48     all    5.41    0.00    6.19    0.00    0.00    0.26    0.00    0.00    0.00   88.14
04:57:49     all    5.99    0.00    5.47    0.00    0.00    0.00    0.00    0.00    0.00   88.54
04:57:50     all    5.38    0.00    5.90    0.51    0.00    0.51    0.00    0.00    0.00   87.69
04:57:51     all    6.17    0.00    5.66    0.00    0.00    0.26    0.00    0.00    0.00   87.92
04:57:52     all    6.48    0.00    1.81    0.00    0.00    0.00    0.00    0.00    0.00   91.71
04:57:53     all    5.70    0.00    4.15    0.00    0.00    0.26    0.00    0.00    0.00   89.90
04:57:54     all    5.41    0.00    6.19    0.00    0.00    0.00    0.00    0.00    0.00   88.40
04:57:55     all    5.94    0.00    5.68    0.00    0.00    0.00    0.00    0.00    0.00   88.37
04:57:56     all    6.70    0.00    5.15    0.00    0.00    0.26    0.00    0.00    0.00   87.89
04:57:57     all    6.19    0.00    5.41    0.00    0.00    0.00    0.00    0.00    0.00   88.40
04:57:58     all    5.70    0.00    5.96    0.00    0.00    0.00    0.00    0.00    0.00   88.34
04:57:59     all    5.91    0.00    5.66    0.00    0.00    0.26    0.00    0.00    0.00   88.17
04:58:00     all    5.18    0.00    5.96    0.00    0.00    0.00    0.00    0.00    0.00   88.86
04:58:01     all    5.94    0.00    5.17    0.00    0.00    0.00    0.00    0.00    0.00   88.89
04:58:02     all    5.15    0.00    5.41    0.26    0.00    0.26    0.00    0.00    0.00   88.92
04:58:03     all    5.41    0.00    6.19    0.00    0.00    0.00    0.00    0.00    0.00   88.40
04:58:04     all    6.23    0.00    4.94    0.00    0.00    0.00    0.00    0.00    0.00   88.83
04:58:05     all    5.91    0.00    5.66    0.00    0.00    0.00    0.00    0.00    0.00   88.43
04:58:06     all    6.17    0.00    5.91    0.00    0.00    0.26    0.00    0.00    0.00   87.66
04:58:07     all    5.68    0.00    5.43    0.00    0.00    0.00    0.00    0.00    0.00   88.89
04:58:08     all    5.15    0.00    6.19    0.26    0.00    0.00    0.00    0.00    0.00   88.40
04:58:09     all    5.71    0.00    5.45    0.00    0.00    0.00    0.00    0.00    0.00   88.83
04:58:10     all    6.19    0.00    5.15    0.00    0.00    0.00    0.00    0.00    0.00   88.66
04:58:11     all    5.41    0.00    5.67    0.00    0.00    0.26    0.00    0.00    0.00   88.66
04:58:12     all    5.97    0.00    5.97    0.00    0.00    0.00    0.00    0.00    0.00   88.05
04:58:13     all    5.41    0.00    5.93    0.00    0.00    0.26    0.00    0.00    0.00   88.40
04:58:14     all    6.22    0.00    5.44    0.00    0.00    0.00    0.00    0.00    0.00   88.34
04:58:15     all    5.44    0.00    5.44    0.00    0.00    0.00    0.00    0.00    0.00   89.12
04:58:16     all    5.61    0.00    6.12    0.00    0.00    0.26    0.00    0.00    0.00   88.01
04:58:17     all    5.70    0.00    5.96    0.00    0.00    0.26    0.00    0.00    0.00   88.08
04:58:18     all    5.88    0.00    5.63    0.51    0.00    0.00    0.00    0.00    0.00   87.98
04:58:19     all    5.44    0.00    5.70    0.00    0.00    0.26    0.00    0.00    0.00   88.60
04:58:20     all    5.38    0.00    6.15    0.00    0.00    0.00    0.00    0.00    0.00   88.46
04:58:21     all    5.91    0.00    5.66    0.00    0.00    0.00    0.00    0.00    0.00   88.43
04:58:22     all    4.92    0.00    4.92    0.00    0.00    0.26    0.00    0.00    0.00   89.90
04:58:23     all    6.48    0.00    5.18    0.00    0.00    0.26    0.00    0.00    0.00   88.08
04:58:24     all    5.17    0.00    5.43    0.00    0.00    0.00    0.00    0.00    0.00   89.41
04:58:25     all    5.66    0.00    6.17    0.00    0.00    0.26    0.00    0.00    0.00   87.92
04:58:26     all    5.67    0.00    5.67    0.00    0.00    0.00    0.00    0.00    0.00   88.66
04:58:27     all    5.96    0.00    5.44    0.00    0.00    0.00    0.00    0.00    0.00   88.60
04:58:28     all    5.70    0.00    5.70    0.26    0.00    0.26    0.00    0.00    0.00   88.08
04:58:29     all    6.15    0.00    5.64    0.00    0.00    0.26    0.00    0.00    0.00   87.95
04:58:30     all    5.18    0.00    5.70    0.26    0.00    0.00    0.00    0.00    0.00   88.86
04:58:31     all    5.64    0.00    5.38    0.00    0.00    0.00    0.00    0.00    0.00   88.97
04:58:32     all    5.06    0.00    7.09    0.00    0.00    1.77    0.00    0.00    0.00   86.08
04:58:33     all    4.88    0.00    5.91    0.00    0.00    0.26    0.00    0.00    0.00   88.95
04:58:34     all    5.96    0.00    6.22    0.00    0.00    0.00    0.00    0.00    0.00   87.82
04:58:35     all    5.71    0.00    5.45    0.00    0.00    0.00    0.00    0.00    0.00   88.83
04:58:36     all    6.19    0.00    5.41    0.00    0.00    0.00    0.00    0.00    0.00   88.40
04:58:37     all    5.93    0.00    6.19    0.00    0.00    0.26    0.00    0.00    0.00   87.63
04:58:38     all    5.44    0.00    5.44    0.00    0.00    0.00    0.00    0.00    0.00   89.12
04:58:39     all    6.20    0.00    5.17    0.00    0.00    0.00    0.00    0.00    0.00   88.63
04:58:40     all    5.68    0.00    6.20    0.26    0.00    0.26    0.00    0.00    0.00   87.60
04:58:41     all    6.38    0.00    5.87    0.00    0.00    0.26    0.00    0.00    0.00   87.50
04:58:42     all    5.44    0.00    5.44    0.00    0.00    0.26    0.00    0.00    0.00   88.86
04:58:43     all    5.94    0.00    5.94    0.00    0.00    0.00    0.00    0.00    0.00   88.11
04:58:44     all    5.88    0.00    4.60    0.00    0.00    1.02    0.00    0.00    0.00   88.49
04:58:45     all    5.63    0.00    5.37    0.00    0.00    0.26    0.00    0.00    0.00   88.75
04:58:46     all    5.94    0.00    4.91    0.00    0.00    0.00    0.00    0.00    0.00   89.15
04:58:47     all    5.94    0.00    5.68    0.00    0.00    0.26    0.00    0.00    0.00   88.11
04:58:48     all    5.44    0.00    5.44    0.00    0.00    0.26    0.00    0.00    0.00   88.86
04:58:49     all    5.41    0.00    4.90    0.00    0.00    0.00    0.00    0.00    0.00   89.69
04:58:50     all    6.44    0.00    1.29    0.26    0.00    0.26    0.00    0.00    0.00   91.75
04:58:51     all    6.48    0.00    1.81    0.00    0.00    0.00    0.00    0.00    0.00   91.71
04:58:52     all    5.91    0.00    1.54    0.00    0.00    0.26    0.00    0.00    0.00   92.29
04:58:53     all    6.70    0.00    1.80    0.00    0.00    0.26    0.00    0.00    0.00   91.24
04:58:54     all    6.25    0.00    1.04    0.00    0.00    0.00    0.00    0.00    0.00   92.71
04:58:55     all    6.22    0.00    1.55    0.00    0.00    0.26    0.00    0.00    0.00   91.97
04:58:56     all    6.19    0.00    1.55    0.26    0.00    0.00    0.00    0.00    0.00   92.01
04:58:57     all    6.48    0.00    1.55    0.00    0.00    0.00    0.00    0.00    0.00   91.97
04:58:58     all    6.43    0.00    1.29    0.00    0.00    0.51    0.00    0.00    0.00   91.77
04:58:59     all    6.46    0.00    1.81    0.00    0.00    0.26    0.00    0.00    0.00   91.47
04:59:00     all    6.19    0.00    1.55    0.00    0.00    0.26    0.00    0.00    0.00   92.01
04:59:01     all    6.19    0.00    1.55    0.00    0.00    0.26    0.00    0.00    0.00   92.01
04:59:02     all    6.27    0.00    1.57    0.00    0.00    0.00    0.00    0.00    0.00   92.17
04:59:03     all    6.46    0.00    1.55    0.00    0.00    0.26    0.00    0.00    0.00   91.73
04:59:04     all    6.23    0.00    1.30    0.00    0.00    0.00    0.00    0.00    0.00   92.47
04:59:05     all    6.46    0.00    1.55    0.00    0.00    0.26    0.00    0.00    0.00   91.73
04:59:06     all    6.20    0.00    1.55    0.00    0.00    0.26    0.00    0.00    0.00   91.99
04:59:07     all    6.49    0.00    0.78    0.00    0.00    0.00    0.00    0.00    0.00   92.73
04:59:08     all    5.94    0.00    1.55    0.00    0.00    0.00    0.00    0.00    0.00   92.51
04:59:09     all    6.72    0.00    1.29    0.00    0.00    0.26    0.00    0.00    0.00   91.73
04:59:10     all    6.46    0.00    1.55    0.00    0.00    0.26    0.00    0.00    0.00   91.73
04:59:11     all    6.70    0.00    1.03    0.00    0.00    0.52    0.00    0.00    0.00   91.75
04:59:12     all    6.23    0.00    1.30    0.00    0.00    0.26    0.00    0.00    0.00   92.21
04:59:13     all    5.64    0.00    1.54    0.51    0.00    0.00    0.00    0.00    0.00   92.31
04:59:14     all    6.51    0.00    1.30    0.00    0.00    0.00    0.00    0.00    0.00   92.19
04:59:15     all    6.19    0.00    1.29    0.00    0.00    0.26    0.00    0.00    0.00   92.27
04:59:16     all    6.51    0.00    1.30    0.00    0.00    0.26    0.00    0.00    0.00   91.93
04:59:17     all    6.96    0.00    1.29    0.00    0.00    0.26    0.00    0.00    0.00   91.49
04:59:18     all    6.49    0.00    1.30    0.00    0.00    0.00    0.00    0.00    0.00   92.21
04:59:19     all    6.25    0.00    1.30    0.00    0.00    0.26    0.00    0.00    0.00   92.19
04:59:20     all    6.74    0.00    1.55    0.00    0.00    0.26    0.00    0.00    0.00   91.45
04:59:21     all    5.71    0.00    1.30    0.00    0.00    0.00    0.00    0.00    0.00   92.99
04:59:22     all    6.99    0.00    1.55    0.00    0.00    0.00    0.00    0.00    0.00   91.45
04:59:23     all    6.20    0.00    1.81    0.00    0.00    0.00    0.00    0.00    0.00   91.99
04:59:24     all    6.48    0.00    1.81    0.00    0.00    0.00    0.00    0.00    0.00   91.71
04:59:25     all    6.48    0.00    1.04    0.26    0.00    0.26    0.00    0.00    0.00   91.97
04:59:26     all    6.68    0.00    1.80    0.00    0.00    0.26    0.00    0.00    0.00   91.26
04:59:27     all    6.23    0.00    1.30    0.00    0.00    0.00    0.00    0.00    0.00   92.47
04:59:28     all    6.96    0.00    1.29    0.00    0.00    0.26    0.00    0.00    0.00   91.49
04:59:29     all    5.96    0.00    1.55    0.00    0.00    0.26    0.00    0.00    0.00   92.23
04:59:30     all    6.75    0.00    1.30    0.00    0.00    0.26    0.00    0.00    0.00   91.69
04:59:31     all    6.23    0.00    1.30    0.52    0.00    0.00    0.00    0.00    0.00   91.95
04:59:32     all    6.19    0.00    2.06    0.00    0.00    1.03    0.00    0.00    0.00   90.72
04:59:33     all    6.46    0.00    1.55    0.00    0.00    0.00    0.00    0.00    0.00   91.99
04:59:34     all    6.44    0.00    1.55    0.00    0.00    0.26    0.00    0.00    0.00   91.75
04:59:35     all    5.68    0.00    1.29    0.00    0.00    0.26    0.00    0.00    0.00   92.76
04:59:36     all    6.46    0.00    1.55    0.00    0.00    0.00    0.00    0.00    0.00   91.99
04:59:37     all    5.67    0.00    1.55    0.26    0.00    0.26    0.00    0.00    0.00   92.27
04:59:38     all    6.49    0.00    1.82    0.00    0.00    0.26    0.00    0.00    0.00   91.43
04:59:39     all    6.22    0.00    1.30    0.00    0.00    0.00    0.00    0.00    0.00   92.49
04:59:40     all    6.98    0.00    1.29    0.00    0.00    0.26    0.00    0.00    0.00   91.47
04:59:41     all    6.48    0.00    1.30    0.00    0.00    0.26    0.00    0.00    0.00   91.97
04:59:42     all    6.70    0.00    1.29    0.00    0.00    0.26    0.00    0.00    0.00   91.75
04:59:43     all    5.96    0.00    1.55    0.00    0.00    0.00    0.00    0.00    0.00   92.49
04:59:44     all    6.49    0.00    1.56    0.00    0.00    0.00    0.00    0.00    0.00   91.95
04:59:45     all    5.93    0.00    1.29    0.00    0.00    0.00    0.00    0.00    0.00   92.78
04:59:46     all    6.25    0.00    1.56    0.00    0.00    0.00    0.00    0.00    0.00   92.19
04:59:47     all    6.15    0.00    1.28    0.00    0.00    0.26    0.00    0.00    0.00   92.31
04:59:48     all    6.25    0.00    1.30    0.52    0.00    0.00    0.00    0.00    0.00   91.93
04:59:49     all    6.20    0.00    1.03    0.00    0.00    0.00    0.00    0.00    0.00   92.76
04:59:50     all    5.96    0.00    1.81    0.00    0.00    0.00    0.00    0.00    0.00   92.23
04:59:51     all    6.44    0.00    1.29    0.00    0.00    0.26    0.00    0.00    0.00   92.01
04:59:52     all    6.22    0.00    1.30    0.00    0.00    0.00    0.00    0.00    0.00   92.49
04:59:53     all    5.94    0.00    1.55    0.00    0.00    0.00    0.00    0.00    0.00   92.51
04:59:54     all    6.01    0.00    1.04    0.00    0.00    0.00    0.00    0.00    0.00   92.95
04:59:55     all    6.48    0.00    1.30    0.00    0.00    0.00    0.00    0.00    0.00   92.23
04:59:56     all    5.91    0.00    1.54    0.26    0.00    0.00    0.00    0.00    0.00   92.29
04:59:57     all    6.44    0.00    1.55    0.00    0.00    0.26    0.00    0.00    0.00   91.75
04:59:58     all    6.20    0.00    1.29    0.00    0.00    0.00    0.00    0.00    0.00   92.51
04:59:59     all    6.74    0.00    1.55    0.26    0.00    0.00    0.00    0.00    0.00   91.45
05:00:00     all    5.96    0.00    1.30    0.00    0.00    0.26    0.00    0.00    0.00   92.49
05:00:01     all    5.40    0.00    1.54    1.03    0.00    0.26    0.00    0.00    0.00   91.77
05:00:02     all    5.88    0.00    1.28    0.00    0.00    0.00    0.00    0.00    0.00   92.84
05:00:03     all    5.17    0.00    1.55    0.00    0.00    0.26    0.00    0.00    0.00   93.02
05:00:04     all    5.34    0.00    1.53    0.00    0.00    0.25    0.00    0.00    0.00   92.88
05:00:05     all    5.40    0.00    1.54    0.00    0.00    0.26    0.00    0.00    0.00   92.80
05:00:06     all    5.64    0.00    1.03    0.00    0.00    0.51    0.00    0.00    0.00   92.82
05:00:07     all    6.22    0.00    1.81    0.00    0.00    0.00    0.00    0.00    0.00   91.97
05:00:08     all    6.20    0.00    1.55    0.00    0.00    0.00    0.00    0.00    0.00   92.25
05:00:09     all    6.75    0.00    1.30    0.00    0.00    0.26    0.00    0.00    0.00   91.69
05:00:10     all    5.97    0.00    1.30    0.00    0.00    0.00    0.00    0.00    0.00   92.73
05:00:11     all    6.96    0.00    1.29    0.00    0.00    0.26    0.00    0.00    0.00   91.49
05:00:12     all    6.70    0.00    1.29    0.00    0.00    0.00    0.00    0.00    0.00   92.01
05:00:13     all    6.20    0.00    1.81    0.52    0.00    0.26    0.00    0.00    0.00   91.21
05:00:14     all    6.70    0.00    1.29    0.00    0.00    0.26    0.00    0.00    0.00   91.75
05:00:15     all    6.23    0.00    1.30    0.00    0.00    0.52    0.00    0.00    0.00   91.95
05:00:16     all    6.46    0.00    1.55    0.00    0.00    0.00    0.00    0.00    0.00   91.99
05:00:17     all    6.39    0.00    1.79    0.00    0.00    0.26    0.00    0.00    0.00   91.56
05:00:18     all    6.49    0.00    1.56    0.00    0.00    0.26    0.00    0.00    0.00   91.69
05:00:19     all    6.41    0.00    1.54    0.00    0.00    0.26    0.00    0.00    0.00   91.79
05:00:20     all    6.23    0.00    1.04    0.00    0.00    0.00    0.00    0.00    0.00   92.73
05:00:21     all    6.17    0.00    1.54    0.00    0.00    0.26    0.00    0.00    0.00   92.03
05:00:22     all    6.48    0.00    1.04    0.00    0.00    0.26    0.00    0.00    0.00   92.23
05:00:23     all    5.96    0.00    1.30    0.26    0.00    0.26    0.00    0.00    0.00   92.23
05:00:24     all    5.94    0.00    1.55    0.00    0.00    0.00    0.00    0.00    0.00   92.51
05:00:25     all    6.44    0.00    1.55    0.00    0.00    0.26    0.00    0.00    0.00   91.75
05:00:26     all    6.23    0.00    1.30    0.00    0.00    0.26    0.00    0.00    0.00   92.21
05:00:27     all    6.22    0.00    1.81    0.00    0.00    0.00    0.00    0.00    0.00   91.97
05:00:28     all    5.93    0.00    1.29    0.26    0.00    0.26    0.00    0.00    0.00   92.27
05:00:29     all    6.17    0.00    2.06    0.00    0.00    0.26    0.00    0.00    0.00   91.52
05:00:30     all    5.96    0.00    1.55    0.00    0.00    0.26    0.00    0.00    0.00   92.23
05:00:31     all    7.24    0.00    1.03    0.00    0.00    0.26    0.00    0.00    0.00   91.47
05:00:32     all    5.61    0.00    2.04    0.00    0.00    1.79    0.00    0.00    0.00   90.56
05:00:33     all    6.23    0.00    1.04    0.00    0.00    0.00    0.00    0.00    0.00   92.73
05:00:34     all    6.46    0.00    1.29    0.00    0.00    0.26    0.00    0.00    0.00   91.99
05:00:35     all    7.25    0.00    1.30    0.00    0.00    0.00    0.00    0.00    0.00   91.45
05:00:36     all    5.94    0.00    1.29    0.00    0.00    0.00    0.00    0.00    0.00   92.76
05:00:37     all    5.96    0.00    1.55    0.00    0.00    0.00    0.00    0.00    0.00   92.49
05:00:38     all    5.67    0.00    1.55    0.26    0.00    0.00    0.00    0.00    0.00   92.53
05:00:39     all    6.74    0.00    1.30    0.00    0.00    0.26    0.00    0.00    0.00   91.71
05:00:40     all    6.48    0.00    1.30    0.00    0.00    0.00    0.00    0.00    0.00   92.23
05:00:41     all    6.19    0.00    1.29    0.00    0.00    0.00    0.00    0.00    0.00   92.53
05:00:42     all    5.94    0.00    2.07    0.00    0.00    0.00    0.00    0.00    0.00   91.99
05:00:43     all    6.22    0.00    1.30    0.00    0.00    0.00    0.00    0.00    0.00   92.49
05:00:44     all    5.73    0.00    1.30    0.26    0.00    0.26    0.00    0.00    0.00   92.45
05:00:45     all    6.46    0.00    1.55    0.00    0.00    0.00    0.00    0.00    0.00   91.99
05:00:46     all    5.66    0.00    5.40    0.00    0.00    0.00    0.00    0.00    0.00   88.95
05:00:47     all    6.20    0.00    5.68    0.00    0.00    0.00    0.00    0.00    0.00   88.11
05:00:48     all    5.97    0.00    4.94    0.00    0.00    0.00    0.00    0.00    0.00   89.09
05:00:49     all    5.38    0.00    6.15    0.26    0.00    0.26    0.00    0.00    0.00   87.95
05:00:50     all    5.70    0.00    5.70    0.00    0.00    0.00    0.00    0.00    0.00   88.60
05:00:51     all    5.93    0.00    2.58    0.00    0.00    0.00    0.00    0.00    0.00   91.49
05:00:52     all    6.49    0.00    1.30    0.00    0.00    0.00    0.00    0.00    0.00   92.21
05:00:53     all    6.22    0.00    1.55    0.00    0.00    0.00    0.00    0.00    0.00   92.23
05:00:54     all    6.70    0.00    1.55    0.00    0.00    0.00    0.00    0.00    0.00   91.75
05:00:55     all    6.23    0.00    1.30    0.26    0.00    0.00    0.00    0.00    0.00   92.21
05:00:56     all    5.97    0.00    1.30    0.00    0.00    0.00    0.00    0.00    0.00   92.73
05:00:57     all    6.68    0.00    1.54    0.00    0.00    0.26    0.00    0.00    0.00   91.52
05:00:58     all    5.71    0.00    1.30    0.00    0.00    0.00    0.00    0.00    0.00   92.99
05:00:59     all    6.48    0.00    1.30    0.00    0.00    0.26    0.00    0.00    0.00   91.97
05:01:00     all    6.98    0.00    1.29    0.00    0.00    0.00    0.00    0.00    0.00   91.73
05:01:01     all    5.93    0.00    1.29    0.52    0.00    0.26    0.00    0.00    0.00   92.01
05:01:02     all    5.97    0.00    1.30    0.00    0.00    0.00    0.00    0.00    0.00   92.73
05:01:03     all    5.71    0.00    1.82    0.00    0.00    0.00    0.00    0.00    0.00   92.47
05:01:04     all    6.43    0.00    1.29    0.00    0.00    0.00    0.00    0.00    0.00   92.29
05:01:05     all    6.44    0.00    1.55    0.00    0.00    0.26    0.00    0.00    0.00   91.75
05:01:06     all    6.23    0.00    1.04    0.00    0.00    0.00    0.00    0.00    0.00   92.73
05:01:07     all    6.20    0.00    1.81    0.00    0.00    0.00    0.00    0.00    0.00   91.99
05:01:08     all    6.25    0.00    1.30    0.00    0.00    0.00    0.00    0.00    0.00   92.45
05:01:09     all    6.22    0.00    1.30    0.00    0.00    0.00    0.00    0.00    0.00   92.49
05:01:10     all    6.44    0.00    1.55    0.00    0.00    0.26    0.00    0.00    0.00   91.75
05:01:11     all    6.48    0.00    1.55    0.00    0.00    0.00    0.00    0.00    0.00   91.97
05:01:12     all    6.27    0.00    1.04    0.00    0.00    0.00    0.00    0.00    0.00   92.69
05:01:13     all    6.49    0.00    1.56    0.00    0.00    0.00    0.00    0.00    0.00   91.95
05:01:14     all    6.74    0.00    1.30    0.00    0.00    0.00    0.00    0.00    0.00   91.97
05:01:15     all    5.68    0.00    1.29    0.00    0.00    0.00    0.00    0.00    0.00   93.02
05:01:16     all    6.22    0.00    1.55    0.00    0.00    0.26    0.00    0.00    0.00   91.97
05:01:17     all    6.72    0.00    1.55    0.52    0.00    0.00    0.00    0.00    0.00   91.21
05:01:18     all    5.67    0.00    1.29    0.00    0.00    0.26    0.00    0.00    0.00   92.78
05:01:19     all    6.49    0.00    1.30    0.00    0.00    0.00    0.00    0.00    0.00   92.21
05:01:20     all    6.01    0.00    1.04    0.00    0.00    0.26    0.00    0.00    0.00   92.69
05:01:21     all    6.41    0.00    1.54    0.00    0.00    0.00    0.00    0.00    0.00   92.05
05:01:22     all    6.19    0.00    1.55    0.00    0.00    0.52    0.00    0.00    0.00   91.75
05:01:23     all    6.49    0.00    1.56    0.00    0.00    0.00    0.00    0.00    0.00   91.95
05:01:24     all    6.25    0.00    1.30    0.00    0.00    0.00    0.00    0.00    0.00   92.45
05:01:25     all    6.44    0.00    1.55    0.00    0.00    0.00    0.00    0.00    0.00   92.01
05:01:26     all    6.23    0.00    1.30    0.00    0.00    0.26    0.00    0.00    0.00   92.21
05:01:27     all    6.23    0.00    1.56    0.00    0.00    0.00    0.00    0.00    0.00   92.21
05:01:28     all    6.74    0.00    1.81    0.00    0.00    0.00    0.00    0.00    0.00   91.45
05:01:29     all    6.46    0.00    1.81    0.26    0.00    0.26    0.00    0.00    0.00   91.21
05:01:30     all    6.25    0.00    1.30    0.00    0.00    0.00    0.00    0.00    0.00   92.45
05:01:31     all    6.49    0.00    1.30    0.00    0.00    0.26    0.00    0.00    0.00   91.95
05:01:32     all    6.72    0.00    2.33    0.00    0.00    0.26    0.00    0.00    0.00   90.70
05:01:33     all    6.96    0.00    1.55    0.00    0.00    0.26    0.00    0.00    0.00   91.24
05:01:34     all    6.74    0.00    1.55    0.00    0.00    0.00    0.00    0.00    0.00   91.71
05:01:35     all    6.74    0.00    1.30    0.26    0.00    0.00    0.00    0.00    0.00   91.71
05:01:36     all    6.22    0.00    1.55    0.00    0.00    0.00    0.00    0.00    0.00   92.23
05:01:37     all    6.49    0.00    1.56    0.00    0.00    0.00    0.00    0.00    0.00   91.95
05:01:38     all    6.43    0.00    1.29    0.00    0.00    0.26    0.00    0.00    0.00   92.03
05:01:39     all    6.44    0.00    4.38    0.00    0.00    0.00    0.00    0.00    0.00   89.18
05:01:40     all    5.93    0.00    5.93    0.00    0.00    0.00    0.00    0.00    0.00   88.14
05:01:41     all    6.43    0.00    5.40    0.51    0.00    0.26    0.00    0.00    0.00   87.40
05:01:42     all    6.20    0.00    5.43    0.00    0.00    0.00    0.00    0.00    0.00   88.37
05:01:43     all    5.15    0.00    5.41    0.00    0.00    0.26    0.00    0.00    0.00   89.18
05:01:44     all    5.90    0.00    6.15    0.00    0.00    0.00    0.00    0.00    0.00   87.95
05:01:45     all    5.74    0.00    5.22    0.00    0.00    0.00    0.00    0.00    0.00   89.03
05:01:46     all    6.19    0.00    5.93    0.00    0.00    0.00    0.00    0.00    0.00   87.89
05:01:47     all    6.39    0.00    5.63    0.00    0.00    0.51    0.00    0.00    0.00   87.47
05:01:48     all    5.45    0.00    5.97    0.00    0.00    0.00    0.00    0.00    0.00   88.57
05:01:49     all    5.90    0.00    6.15    0.00    0.00    0.00    0.00    0.00    0.00   87.95
05:01:50     all    5.15    0.00    6.44    0.00    0.00    0.26    0.00    0.00    0.00   88.14
05:01:51     all    5.44    0.00    5.96    0.00    0.00    0.00    0.00    0.00    0.00   88.60
05:01:52     all    5.67    0.00    5.15    0.26    0.00    0.00    0.00    0.00    0.00   88.92
05:01:53     all    5.44    0.00    5.70    0.00    0.00    0.00    0.00    0.00    0.00   88.86
05:01:54     all    5.41    0.00    4.90    0.00    0.00    0.00    0.00    0.00    0.00   89.69
05:01:55     all    5.90    0.00    5.90    0.00    0.00    0.26    0.00    0.00    0.00   87.95
05:01:56     all    5.43    0.00    4.91    0.00    0.00    0.00    0.00    0.00    0.00   89.66
05:01:57     all    5.67    0.00    5.15    0.00    0.00    0.00    0.00    0.00    0.00   89.18
05:01:58     all    5.44    0.00    6.48    0.00    0.00    0.00    0.00    0.00    0.00   88.08
05:01:59     all    5.47    0.00    5.73    0.00    0.00    0.00    0.00    0.00    0.00   88.80
05:02:00     all    5.93    0.00    5.41    0.00    0.00    0.26    0.00    0.00    0.00   88.40
05:02:01     all    5.43    0.00    5.94    0.26    0.00    0.00    0.00    0.00    0.00   88.37
05:02:02     all    6.41    0.00    5.90    0.00    0.00    0.00    0.00    0.00    0.00   87.69
05:02:03     all    5.18    0.00    5.44    0.26    0.00    0.00    0.00    0.00    0.00   89.12
05:02:04     all    4.91    0.00    5.68    0.00    0.00    0.26    0.00    0.00    0.00   89.15
05:02:05     all    5.40    0.00    5.40    0.00    0.00    0.00    0.00    0.00    0.00   89.20
05:02:06     all    5.41    0.00    6.19    0.00    0.00    0.00    0.00    0.00    0.00   88.40
05:02:07     all    6.41    0.00    5.90    0.00    0.00    0.26    0.00    0.00    0.00   87.44
05:02:08     all    5.68    0.00    5.68    0.00    0.00    0.00    0.00    0.00    0.00   88.63
05:02:09     all    5.66    0.00    5.66    0.26    0.00    0.26    0.00    0.00    0.00   88.17
05:02:10     all    6.19    0.00    5.67    0.00    0.00    0.00    0.00    0.00    0.00   88.14
05:02:11     all    5.44    0.00    6.22    0.00    0.00    0.00    0.00    0.00    0.00   88.34
05:02:12     all    5.93    0.00    5.67    0.00    0.00    0.00    0.00    0.00    0.00   88.40
05:02:13     all    5.70    0.00    5.70    0.00    0.00    0.26    0.00    0.00    0.00   88.34
05:02:14     all    6.19    0.00    5.67    0.00    0.00    0.00    0.00    0.00    0.00   88.14
05:02:15     all    5.14    0.00    5.91    0.26    0.00    0.26    0.00    0.00    0.00   88.43
05:02:16     all    5.43    0.00    6.20    0.00    0.00    0.00    0.00    0.00    0.00   88.37
05:02:17     all    6.44    0.00    5.93    0.00    0.00    0.00    0.00    0.00    0.00   87.63
05:02:18     all    6.44    0.00    5.41    0.00    0.00    0.26    0.00    0.00    0.00   87.89
05:02:19     all    5.67    0.00    6.19    0.00    0.00    0.00    0.00    0.00    0.00   88.14
05:02:20     all    5.96    0.00    5.44    0.00    0.00    0.00    0.00    0.00    0.00   88.60
05:02:21     all    6.23    0.00    5.71    0.00    0.00    0.00    0.00    0.00    0.00   88.05
05:02:22     all    5.41    0.00    5.93    0.00    0.00    0.00    0.00    0.00    0.00   88.66
05:02:23     all    5.44    0.00    5.96    0.00    0.00    0.00    0.00    0.00    0.00   88.60
05:02:24     all    5.71    0.00    5.71    0.00    0.00    0.26    0.00    0.00    0.00   88.31
05:02:25     all    5.93    0.00    6.19    0.00    0.00    0.00    0.00    0.00    0.00   87.89
05:02:26     all    6.17    0.00    5.66    0.00    0.00    0.00    0.00    0.00    0.00   88.17
05:02:27     all    5.94    0.00    5.94    0.00    0.00    0.26    0.00    0.00    0.00   87.86
05:02:28     all    5.44    0.00    6.22    0.00    0.00    0.00    0.00    0.00    0.00   88.34
05:02:29     all    5.93    0.00    5.67    0.00    0.00    0.00    0.00    0.00    0.00   88.40
05:02:30     all    5.19    0.00    5.97    0.00    0.00    0.00    0.00    0.00    0.00   88.83
05:02:31     all    5.66    0.00    6.43    0.26    0.00    0.26    0.00    0.00    0.00   87.40
05:02:32     all    5.32    0.00    5.82    0.00    0.00    1.77    0.00    0.00    0.00   87.09
05:02:33     all    5.88    0.00    6.14    0.00    0.00    0.00    0.00    0.00    0.00   87.98
05:02:34     all    4.36    0.00    5.38    0.00    0.00    0.00    0.00    0.00    0.00   90.26
05:02:35     all    5.13    0.00    5.90    0.00    0.00    0.00    0.00    0.00    0.00   88.97
05:02:36     all    5.41    0.00    5.15    0.00    0.00    0.26    0.00    0.00    0.00   89.18
05:02:37     all    5.17    0.00    5.43    0.00    0.00    0.00    0.00    0.00    0.00   89.41
05:02:38     all    5.96    0.00    5.70    0.00    0.00    0.00    0.00    0.00    0.00   88.34
05:02:39     all    5.70    0.00    5.44    0.00    0.00    0.00    0.00    0.00    0.00   88.86
05:02:40     all    4.90    0.00    6.44    0.00    0.00    0.00    0.00    0.00    0.00   88.66
05:02:41     all    4.86    0.00    4.60    0.00    0.00    0.26    0.00    0.00    0.00   90.28
05:02:42     all    5.14    0.00    4.11    0.00    0.00    0.00    0.00    0.00    0.00   90.75
05:02:43     all    4.59    0.00    5.36    0.00    0.00    0.26    0.00    0.00    0.00   89.80
05:02:44     all    5.40    0.00    5.91    0.00    0.00    0.00    0.00    0.00    0.00   88.69
05:02:45     all    5.94    0.00    5.68    0.00    0.00    0.26    0.00    0.00    0.00   88.11
05:02:46     all    6.67    0.00    5.13    0.00    0.00    0.00    0.00    0.00    0.00   88.21
05:02:47     all    5.41    0.00    5.93    0.52    0.00    0.26    0.00    0.00    0.00   87.89
05:02:48     all    6.15    0.00    5.64    0.00    0.00    0.26    0.00    0.00    0.00   87.95
05:02:49     all    5.15    0.00    6.19    0.00    0.00    0.00    0.00    0.00    0.00   88.66
05:02:50     all    5.94    0.00    5.43    0.00    0.00    0.26    0.00    0.00    0.00   88.37
05:02:51     all    5.41    0.00    6.19    0.00    0.00    0.00    0.00    0.00    0.00   88.40
05:02:52     all    4.90    0.00    6.44    0.26    0.00    0.00    0.00    0.00    0.00   88.40
05:02:53     all    5.94    0.00    1.29    0.00    0.00    0.26    0.00    0.00    0.00   92.51
05:02:54     all    6.23    0.00    0.78    0.00    0.00    0.26    0.00    0.00    0.00   92.73
05:02:55     all    5.94    0.00    1.81    0.00    0.00    0.00    0.00    0.00    0.00   92.25
05:02:56     all    6.23    0.00    1.56    0.00    0.00    0.00    0.00    0.00    0.00   92.21
05:02:57     all    6.43    0.00    1.29    0.00    0.00    0.26    0.00    0.00    0.00   92.03
05:02:58     all    6.23    0.00    1.04    0.00    0.00    0.26    0.00    0.00    0.00   92.47
05:02:59     all    6.43    0.00    2.06    0.26    0.00    0.00    0.00    0.00    0.00   91.26
05:03:00     all    6.70    0.00    1.80    0.00    0.00    0.26    0.00    0.00    0.00   91.24
05:03:01     all    6.22    0.00    1.81    0.00    0.00    0.26    0.00    0.00    0.00   91.71
05:03:02     all    6.96    0.00    1.55    0.00    0.00    0.26    0.00    0.00    0.00   91.24
05:03:03     all    5.94    0.00    1.81    0.00    0.00    0.26    0.00    0.00    0.00   91.99
05:03:04     all    6.51    0.00    1.56    0.00    0.00    0.26    0.00    0.00    0.00   91.67
05:03:05     all    6.46    0.00    1.81    0.00    0.00    0.26    0.00    0.00    0.00   91.47
05:03:06     all    6.96    0.00    1.03    0.00    0.00    0.52    0.00    0.00    0.00   91.49
05:03:07     all    6.72    0.00    1.55    0.00    0.00    0.26    0.00    0.00    0.00   91.47
05:03:08     all    6.74    0.00    1.30    0.00    0.00    0.26    0.00    0.00    0.00   91.71
05:03:09     all    6.46    0.00    1.55    0.52    0.00    0.26    0.00    0.00    0.00   91.21
05:03:10     all    6.46    0.00    1.29    0.00    0.00    0.26    0.00    0.00    0.00   91.99
05:03:11     all    6.48    0.00    1.55    0.00    0.00    0.00    0.00    0.00    0.00   91.97
05:03:12     all    6.72    0.00    1.81    0.00    0.00    0.26    0.00    0.00    0.00   91.21
05:03:13     all    6.48    0.00    1.55    0.00    0.00    0.26    0.00    0.00    0.00   91.71
05:03:14     all    6.75    0.00    1.30    0.00    0.00    0.26    0.00    0.00    0.00   91.69
05:03:15     all    6.23    0.00    1.30    0.00    0.00    0.26    0.00    0.00    0.00   92.21
05:03:16     all    6.44    0.00    1.55    0.00    0.00    0.26    0.00    0.00    0.00   91.75
05:03:17     all    6.44    0.00    1.55    0.00    0.00    0.52    0.00    0.00    0.00   91.49
05:03:18     all    6.74    0.00    1.55    0.00    0.00    0.00    0.00    0.00    0.00   91.71
05:03:19     all    6.46    0.00    1.55    0.52    0.00    0.00    0.00    0.00    0.00   91.47
05:03:20     all    6.20    0.00    1.55    0.00    0.00    0.26    0.00    0.00    0.00   91.99
05:03:21     all    6.70    0.00    1.29    0.00    0.00    0.52    0.00    0.00    0.00   91.49
05:03:22     all    5.94    0.00    1.29    0.00    0.00    0.00    0.00    0.00    0.00   92.76
05:03:23     all    7.01    0.00    1.04    0.00    0.00    0.00    0.00    0.00    0.00   91.95
05:03:24     all    6.70    0.00    1.80    0.00    0.00    0.26    0.00    0.00    0.00   91.24
05:03:25     all    6.72    0.00    1.55    0.00    0.00    0.00    0.00    0.00    0.00   91.73
05:03:26     all    6.19    0.00    2.06    0.00    0.00    0.26    0.00    0.00    0.00   91.49
05:03:27     all    6.25    0.00    1.30    0.00    0.00    0.00    0.00    0.00    0.00   92.45
05:03:28     all    6.74    0.00    1.30    0.00    0.00    0.26    0.00    0.00    0.00   91.71
05:03:29     all    6.46    0.00    1.55    0.00    0.00    0.00    0.00    0.00    0.00   91.99
05:03:30     all    6.23    0.00    1.56    0.00    0.00    0.26    0.00    0.00    0.00   91.95
05:03:31     all    6.43    0.00    1.54    0.00    0.00    0.26    0.00    0.00    0.00   91.77
05:03:32     all    6.43    0.00    2.06    0.00    0.00    0.77    0.00    0.00    0.00   90.75
05:03:33     all    6.22    0.00    1.55    0.00    0.00    0.00    0.00    0.00    0.00   92.23
05:03:34     all    6.22    0.00    1.55    0.00    0.00    0.26    0.00    0.00    0.00   91.97
05:03:35     all    6.43    0.00    1.54    0.26    0.00    0.00    0.00    0.00    0.00   91.77
05:03:36     all    5.73    0.00    1.30    0.00    0.00    0.00    0.00    0.00    0.00   92.97
05:03:37     all    6.19    0.00    1.29    0.00    0.00    0.52    0.00    0.00    0.00   92.01
05:03:38     all    5.94    0.00    1.29    0.00    0.00    0.26    0.00    0.00    0.00   92.51
05:03:39     all    6.20    0.00    1.81    0.00    0.00    0.00    0.00    0.00    0.00   91.99
05:03:40     all    6.41    0.00    1.54    0.00    0.00    0.51    0.00    0.00    0.00   91.54
05:03:41     all    6.72    0.00    1.29    0.00    0.00    0.26    0.00    0.00    0.00   91.73
05:03:42     all    6.23    0.00    1.30    0.00    0.00    0.26    0.00    0.00    0.00   92.21
05:03:43     all    6.20    0.00    1.29    0.00    0.00    0.00    0.00    0.00    0.00   92.51
05:03:44     all    5.68    0.00    1.55    0.00    0.00    0.26    0.00    0.00    0.00   92.51
05:03:45     all    6.23    0.00    1.30    0.00    0.00    0.00    0.00    0.00    0.00   92.47
05:03:46     all    6.41    0.00    1.28    0.00    0.00    0.51    0.00    0.00    0.00   91.79
05:03:47     all    5.97    0.00    1.56    0.26    0.00    0.26    0.00    0.00    0.00   91.95
05:03:48     all    6.20    0.00    1.29    0.00    0.00    0.26    0.00    0.00    0.00   92.25
05:03:49     all    6.19    0.00    1.29    0.00    0.00    0.00    0.00    0.00    0.00   92.53
05:03:50     all    6.46    0.00    1.81    0.00    0.00    0.26    0.00    0.00    0.00   91.47
05:03:51     all    6.23    0.00    1.56    0.00    0.00    0.00    0.00    0.00    0.00   92.21
05:03:52     all    6.20    0.00    1.55    0.00    0.00    0.00    0.00    0.00    0.00   92.25
05:03:53     all    6.23    0.00    1.30    0.26    0.00    0.26    0.00    0.00    0.00   91.95
05:03:54     all    6.96    0.00    1.55    0.00    0.00    0.26    0.00    0.00    0.00   91.24
05:03:55     all    5.97    0.00    1.04    0.00    0.00    0.00    0.00    0.00    0.00   92.99
05:03:56     all    6.70    0.00    1.55    0.00    0.00    0.00    0.00    0.00    0.00   91.75
05:03:57     all    6.20    0.00    1.55    0.00    0.00    0.00    0.00    0.00    0.00   92.25
05:03:58     all    6.25    0.00    1.82    0.00    0.00    0.00    0.00    0.00    0.00   91.93
05:03:59     all    6.39    0.00    1.79    0.26    0.00    0.26    0.00    0.00    0.00   91.30
05:04:00     all    6.49    0.00    1.30    0.00    0.00    0.26    0.00    0.00    0.00   91.95
05:04:01     all    6.46    0.00    1.29    0.00    0.00    0.26    0.00    0.00    0.00   91.99
05:04:02     all    6.74    0.00    1.30    0.00    0.00    0.26    0.00    0.00    0.00   91.71
05:04:03     all    5.93    0.00    1.80    0.00    0.00    0.26    0.00    0.00    0.00   92.01
05:04:04     all    6.22    0.00    1.55    0.78    0.00    0.26    0.00    0.00    0.00   91.19
05:04:05     all    6.44    0.00    1.80    0.00    0.00    0.00    0.00    0.00    0.00   91.75
05:04:06     all    5.96    0.00    1.81    0.00    0.00    0.26    0.00    0.00    0.00   91.97
05:04:07     all    6.44    0.00    1.29    0.00    0.00    0.26    0.00    0.00    0.00   92.01
05:04:08     all    6.51    0.00    1.04    0.00    0.00    0.00    0.00    0.00    0.00   92.45
05:04:09     all    6.20    0.00    1.29    0.00    0.00    0.00    0.00    0.00    0.00   92.51
05:04:10     all    6.44    0.00    1.80    0.00    0.00    0.26    0.00    0.00    0.00   91.49
05:04:11     all    6.49    0.00    1.30    0.00    0.00    0.00    0.00    0.00    0.00   92.21
05:04:12     all    6.48    0.00    1.55    0.00    0.00    0.52    0.00    0.00    0.00   91.45
05:04:13     all    6.46    0.00    1.55    0.00    0.00    0.00    0.00    0.00    0.00   91.99
05:04:14     all    6.44    0.00    1.55    0.00    0.00    0.26    0.00    0.00    0.00   91.75
05:04:15     all    6.53    0.00    1.31    0.00    0.00    0.26    0.00    0.00    0.00   91.91
05:04:16     all    6.43    0.00    1.29    0.00    0.00    0.00    0.00    0.00    0.00   92.29
05:04:17     all    6.72    0.00    1.55    0.00    0.00    0.52    0.00    0.00    0.00   91.21
05:04:18     all    7.20    0.00    1.54    0.00    0.00    0.00    0.00    0.00    0.00   91.26
05:04:19     all    6.72    0.00    1.29    0.00    0.00    0.26    0.00    0.00    0.00   91.73
Average:     all    5.92    0.00    3.59    0.04    0.00    0.16    0.00    0.00    0.00   90.29
