Linux 6.8.0-1064-azure (csb-bench-host-azure) 	08/15/26 	_x86_64_	(4 CPU)

18:39:40     CPU    %usr   %nice    %sys %iowait    %irq   %soft  %steal  %guest  %gnice   %idle
18:39:41     all    7.05    0.00    3.02    0.00    0.00    0.00    0.00    0.00    0.00   89.92
18:39:42     all    0.75    0.00    0.00    0.00    0.00    0.25    0.00    0.00    0.00   99.00
18:39:43     all    1.51    0.00    0.50    0.00    0.00    0.00    0.00    0.00    0.00   97.98
18:39:44     all    1.25    0.00    0.75    0.00    0.00    0.25    0.00    0.00    0.00   97.75
18:39:45     all    0.75    0.00    0.25    0.00    0.00    0.25    0.00    0.00    0.00   98.75
18:39:46     all    1.76    0.00    0.50    0.00    0.00    0.00    0.00    0.00    0.00   97.74
18:39:47     all    1.26    0.00    0.51    0.00    0.00    0.00    0.00    0.00    0.00   98.23
18:39:48     all    1.01    0.00    0.50    0.25    0.00    0.25    0.00    0.00    0.00   97.98
18:39:49     all    0.50    0.00    0.25    0.00    0.00    0.25    0.00    0.00    0.00   99.00
18:39:50     all    1.76    0.00    0.76    0.00    0.00    0.00    0.00    0.00    0.00   97.48
18:39:51     all    1.01    0.00    0.50    0.00    0.00    0.25    0.00    0.00    0.00   98.24
18:39:52     all    1.25    0.00    0.50    0.00    0.00    0.25    0.00    0.00    0.00   98.00
18:39:53     all    1.01    0.00    0.25    0.00    0.00    0.00    0.00    0.00    0.00   98.73
18:39:54     all    1.50    0.00    0.75    0.00    0.00    0.25    0.00    0.00    0.00   97.51
18:39:55     all    1.01    0.00    0.75    0.00    0.00    0.25    0.00    0.00    0.00   97.99
18:39:56     all    1.01    0.00    0.25    0.00    0.00    0.25    0.00    0.00    0.00   98.49
18:39:57     all    1.75    0.00    0.50    0.00    0.00    0.25    0.00    0.00    0.00   97.49
18:39:58     all    1.51    0.00    0.50    0.00    0.00    0.25    0.00    0.00    0.00   97.74
18:39:59     all    1.26    0.00    0.50    0.00    0.00    0.00    0.00    0.00    0.00   98.24
18:40:00     all    1.51    0.00    0.25    0.25    0.00    0.50    0.00    0.00    0.00   97.49
18:40:01     all    1.50    0.00    0.75    0.50    0.00    0.00    0.00    0.00    0.00   97.24
18:40:02     all   53.10    0.00    1.99    0.50    0.00    0.99    0.00    0.00    0.00   43.42
18:40:03     all   90.48    0.00    5.76    0.00    0.00    3.26    0.00    0.00    0.00    0.50
18:40:04     all   58.25    0.00   16.00    0.00    0.00   15.25    0.00    0.00    0.00   10.50
18:40:05     all   21.41    0.00   29.47    0.00    0.00   27.20    0.00    0.00    0.00   21.91
18:40:06     all   22.34    0.00   30.46    0.00    0.00   19.80    0.00    0.00    0.00   27.41
18:40:07     all   22.78    0.00   20.76    0.00    0.00    5.82    0.00    0.00    0.00   50.63
18:40:08     all   91.75    0.00    3.25    0.00    0.00    5.00    0.00    0.00    0.00    0.00
18:40:09     all   80.15    0.00    7.04    0.00    0.00    8.79    0.00    0.00    0.00    4.02
18:40:10     all   21.54    0.00   27.18    0.00    0.00   23.59    0.00    0.00    0.00   27.69
18:40:11     all   22.45    0.00   28.57    0.00    0.00   23.21    0.00    0.00    0.00   25.77
18:40:12     all   21.01    0.00   24.56    0.00    0.00    6.33    0.00    0.00    0.00   48.10
18:40:13     all   92.06    0.00    2.23    0.00    0.00    3.97    0.00    0.00    0.00    1.74
18:40:14     all   79.35    0.00    6.97    0.00    0.00    9.20    0.00    0.00    0.00    4.48
18:40:15     all   21.68    0.00   28.32    0.00    0.00   24.74    0.00    0.00    0.00   25.26
18:40:16     all   22.11    0.00   28.39    0.00    0.00   22.36    0.00    0.00    0.00   27.14
18:40:17     all   22.14    0.00   23.92    0.00    0.00    8.65    0.00    0.00    0.00   45.29
18:40:18     all   84.00    0.00    3.50    0.00    0.00    4.00    0.00    0.00    0.00    8.50
18:40:19     all   85.79    0.00    5.49    0.00    0.00    6.73    0.00    0.00    0.00    2.00
18:40:20     all   21.83    0.00   26.90    0.00    0.00   26.65    0.00    0.00    0.00   24.62
18:40:21     all   21.36    0.00   29.15    0.00    0.00   20.10    0.00    0.00    0.00   29.40
18:40:22     all   21.72    0.00   25.51    0.00    0.00   10.10    0.00    0.00    0.00   42.68
18:40:23     all    7.79    0.00    3.27    0.00    0.00    1.01    0.00    0.00    0.00   87.94
18:40:24     all   94.24    0.00    2.01    0.00    0.00    3.76    0.00    0.00    0.00    0.00
18:40:25     all   74.12    0.00    8.54    0.00    0.00   11.06    0.00    0.00    0.00    6.28
18:40:26     all   20.76    0.00   28.35    0.00    0.00   25.32    0.00    0.00    0.00   25.57
18:40:27     all   21.79    0.00   27.69    0.00    0.00   22.82    0.00    0.00    0.00   27.69
18:40:28     all   22.06    0.00   24.81    0.00    0.00    5.26    0.00    0.00    0.00   47.87
18:40:29     all   89.53    0.00    2.24    0.00    0.00    5.49    0.00    0.00    0.00    2.74
18:40:30     all   81.20    0.00    7.27    0.00    0.00    7.52    0.00    0.00    0.00    4.01
18:40:31     all   21.57    0.00   28.43    0.25    0.00   25.89    0.00    0.00    0.00   23.86
18:40:32     all   22.39    0.00   28.11    0.00    0.00   21.39    0.00    0.00    0.00   28.11
18:40:33     all   21.74    0.00   25.06    0.00    0.00    6.65    0.00    0.00    0.00   46.55
18:40:34     all   86.57    0.00    2.24    0.00    0.00    3.73    0.00    0.00    0.00    7.46
18:40:35     all   83.38    0.00    4.79    0.00    0.00    7.56    0.00    0.00    0.00    4.28
18:40:36     all   22.53    0.00   27.09    0.00    0.00   26.58    0.00    0.00    0.00   23.80
18:40:37     all   22.53    0.00   28.35    0.00    0.00   22.53    0.00    0.00    0.00   26.58
18:40:38     all   20.66    0.00   26.53    0.00    0.00    7.65    0.00    0.00    0.00   45.15
18:40:39     all   78.41    0.00    4.96    0.00    0.00    4.22    0.00    0.00    0.00   12.41
18:40:40     all   90.00    0.00    3.50    0.00    0.00    6.25    0.00    0.00    0.00    0.25
18:40:41     all   24.18    0.00   26.70    0.00    0.00   24.43    0.00    0.00    0.00   24.69
18:40:42     all   21.99    0.00   28.64    0.00    0.00   22.25    0.00    0.00    0.00   27.11
18:40:43     all   21.52    0.00   25.06    0.25    0.00   11.14    0.00    0.00    0.00   42.03
18:40:44     all   71.75    0.00    6.25    0.00    0.00    4.50    0.00    0.00    0.00   17.50
18:40:45     all   91.04    0.00    4.23    0.00    0.00    4.73    0.00    0.00    0.00    0.00
18:40:46     all   30.63    0.00   22.78    0.00    0.00   23.29    0.00    0.00    0.00   23.29
18:40:47     all   21.05    0.00   28.57    0.00    0.00   22.81    0.00    0.00    0.00   27.57
18:40:48     all   21.74    0.00   27.62    0.00    0.00   13.04    0.00    0.00    0.00   37.60
18:40:49     all   64.66    0.00    7.77    0.00    0.00    4.76    0.00    0.00    0.00   22.81
18:40:50     all   92.75    0.00    3.25    0.00    0.00    4.00    0.00    0.00    0.00    0.00
18:40:51     all   33.00    0.00   21.91    0.00    0.00   23.93    0.00    0.00    0.00   21.16
18:40:52     all   20.91    0.00   29.22    0.00    0.00   22.17    0.00    0.00    0.00   27.71
18:40:53     all   21.74    0.00   26.34    0.00    0.00   16.37    0.00    0.00    0.00   35.55
18:40:54     all   59.95    0.00   10.20    0.25    0.00    4.73    0.00    0.00    0.00   24.88
18:40:55     all   93.23    0.00    2.51    0.00    0.00    4.26    0.00    0.00    0.00    0.00
18:40:56     all   41.31    0.00   20.91    0.00    0.00   18.14    0.00    0.00    0.00   19.65
18:40:57     all   21.32    0.00   26.65    0.00    0.00   24.87    0.00    0.00    0.00   27.16
18:40:58     all   20.10    0.00   29.40    0.00    0.00   17.09    0.00    0.00    0.00   33.42
18:40:59     all   55.47    0.00    9.70    0.25    0.00    4.48    0.00    0.00    0.00   30.10
18:41:00     all   93.27    0.00    2.99    0.00    0.00    3.74    0.00    0.00    0.00    0.00
18:41:01     all   47.09    0.00   18.73    0.00    0.00   18.99    0.00    0.00    0.00   15.19
18:41:02     all   21.21    0.00   28.03    0.00    0.00   22.22    0.00    0.00    0.00   28.54
18:41:03     all   21.30    0.00   28.32    0.00    0.00   17.79    0.00    0.00    0.00   32.58
18:41:04     all   40.66    0.00   16.16    0.00    0.00    4.29    0.00    0.00    0.00   38.89
18:41:05     all   90.84    0.00    3.22    0.00    0.00    5.94    0.00    0.00    0.00    0.00
18:41:06     all   57.29    0.00   15.33    0.00    0.00   14.82    0.00    0.00    0.00   12.56
18:41:07     all   20.56    0.00   27.92    0.00    0.00   23.35    0.00    0.00    0.00   28.17
18:41:08     all   22.03    0.00   28.35    0.00    0.00   18.48    0.00    0.00    0.00   31.14
18:41:09     all   41.75    0.00   16.75    0.00    0.00    4.75    0.00    0.00    0.00   36.75
18:41:10     all   92.25    0.00    4.00    0.00    0.00    3.75    0.00    0.00    0.00    0.00
18:41:11     all   59.80    0.00   13.57    0.00    0.00   14.82    0.00    0.00    0.00   11.81
18:41:12     all   20.30    0.00   27.66    0.00    0.00   24.87    0.00    0.00    0.00   27.16
18:41:13     all   21.17    0.00   31.12    0.00    0.00   20.15    0.00    0.00    0.00   27.55
18:41:14     all   32.91    0.00   17.47    0.00    0.00    4.56    0.00    0.00    0.00   45.06
18:41:15     all   91.79    0.00    2.74    0.00    0.00    4.98    0.00    0.00    0.00    0.50
18:41:16     all   67.68    0.00   11.11    0.00    0.00   11.87    0.00    0.00    0.00    9.34
18:41:17     all   20.72    0.00   26.85    0.00    0.00   23.02    0.00    0.00    0.00   29.41
18:41:18     all   21.89    0.00   28.11    0.00    0.00   20.90    0.00    0.00    0.00   29.10
18:41:19     all   29.00    0.00   20.75    0.00    0.00    7.00    0.00    0.00    0.00   43.25
18:41:20     all   93.53    0.00    2.74    0.00    0.00    3.73    0.00    0.00    0.00    0.00
18:41:21     all   69.75    0.00    9.75    0.00    0.00   11.25    0.00    0.00    0.00    9.25
18:41:22     all   20.51    0.00   27.59    0.00    0.00   24.56    0.00    0.00    0.00   27.34
18:41:23     all   21.41    0.00   28.21    0.00    0.00   21.91    0.00    0.00    0.00   28.46
18:41:24     all   27.04    0.00   19.39    0.00    0.00    6.12    0.00    0.00    0.00   47.45
18:41:25     all   92.71    0.00    3.02    0.00    0.00    4.27    0.00    0.00    0.00    0.00
18:41:26     all   70.75    0.00   10.00    0.00    0.00   11.50    0.00    0.00    0.00    7.75
18:41:27     all   21.77    0.00   27.34    0.25    0.00   22.53    0.00    0.00    0.00   28.10
18:41:28     all   21.41    0.00   26.95    0.00    0.00   24.43    0.00    0.00    0.00   27.20
18:41:29     all   22.65    0.00   21.88    0.00    0.00    4.58    0.00    0.00    0.00   50.89
18:41:30     all   94.25    0.00    2.50    0.00    0.00    3.25    0.00    0.00    0.00    0.00
18:41:31     all   75.00    0.00    9.85    0.00    0.00    9.09    0.00    0.00    0.00    6.06
18:41:32     all   21.48    0.00   27.62    0.00    0.00   24.04    0.00    0.00    0.00   26.85
18:41:33     all   22.52    0.00   27.97    0.00    0.00   23.76    0.00    0.00    0.00   25.74
18:41:34     all   20.56    0.00   25.63    0.00    0.00    5.84    0.00    0.00    0.00   47.97
18:41:35     all   83.71    0.00    2.76    0.00    0.00    5.76    0.00    0.00    0.00    7.77
18:41:36     all   84.44    0.00    6.91    0.00    0.00    5.68    0.00    0.00    0.00    2.96
18:41:37     all   22.51    0.00   26.09    0.00    0.00   24.81    0.00    0.00    0.00   26.60
18:41:38     all   20.51    0.00   28.61    0.00    0.00   25.32    0.00    0.00    0.00   25.57
18:41:39     all   20.91    0.00   25.69    0.00    0.00    8.06    0.00    0.00    0.00   45.34
18:41:40     all   81.39    0.00    4.47    0.00    0.00    5.21    0.00    0.00    0.00    8.93
18:41:41     all   87.25    0.00    6.00    0.00    0.00    6.25    0.00    0.00    0.00    0.50
18:41:42     all   23.35    0.00   27.16    0.00    0.00   22.34    0.00    0.00    0.00   27.16
18:41:43     all   21.45    0.00   27.68    0.00    0.00   23.94    0.00    0.00    0.00   26.93
18:41:44     all   21.68    0.00   25.26    0.00    0.00    9.18    0.00    0.00    0.00   43.88
18:41:45     all   78.75    0.00    5.50    0.00    0.00    4.75    0.00    0.00    0.00   11.00
18:41:46     all   88.00    0.00    4.25    0.00    0.00    7.75    0.00    0.00    0.00    0.00
18:41:47     all   27.75    0.00   25.75    0.00    0.00   21.50    0.00    0.00    0.00   25.00
18:41:48     all   22.45    0.00   27.55    0.00    0.00   20.15    0.00    0.00    0.00   29.85
18:41:49     all   20.85    0.00   27.64    0.00    0.00    9.05    0.00    0.00    0.00   42.46
18:41:50     all   78.50    0.00    4.25    0.00    0.00    5.25    0.00    0.00    0.00   12.00
18:41:51     all   87.44    0.00    4.27    0.00    0.00    7.04    0.00    0.00    0.00    1.26
18:41:52     all   22.17    0.00   27.71    0.00    0.00   24.69    0.00    0.00    0.00   25.44
18:41:53     all   20.87    0.00   27.74    0.00    0.00   22.39    0.00    0.00    0.00   29.01
18:41:54     all   21.01    0.00   25.32    0.00    0.00    9.62    0.00    0.00    0.00   44.05
18:41:55     all    3.76    0.00    2.51    0.00    0.00    0.50    0.00    0.00    0.00   93.23
18:41:56     all   10.47    0.00    2.00    0.00    0.00    2.00    0.00    0.00    0.00   85.54
18:41:57     all   92.79    0.00    2.99    0.00    0.00    3.98    0.00    0.00    0.00    0.25
18:41:58     all   71.03    0.00    9.07    0.00    0.00   11.59    0.00    0.00    0.00    8.31
18:41:59     all   21.97    0.00   26.01    0.00    0.00   23.74    0.00    0.00    0.00   28.28
18:42:00     all   21.21    0.00   29.04    0.00    0.00   23.23    0.00    0.00    0.00   26.52
18:42:01     all   21.01    0.00   24.81    0.25    0.00    5.82    0.00    0.00    0.00   48.10
18:42:02     all   91.56    0.00    2.23    0.00    0.00    3.97    0.00    0.00    0.00    2.23
18:42:03     all   81.16    0.00    6.78    0.00    0.00    8.79    0.00    0.00    0.00    3.27
18:42:04     all   20.81    0.00   28.93    0.00    0.00   25.13    0.00    0.00    0.00   25.13
18:42:05     all   22.17    0.00   28.97    0.00    0.00   21.41    0.00    0.00    0.00   27.46
18:42:06     all   22.22    0.00   26.77    0.00    0.00    6.57    0.00    0.00    0.00   44.44
18:42:07     all   80.94    0.00    3.47    0.00    0.00    4.95    0.00    0.00    0.00   10.64
18:42:08     all   88.41    0.00    5.04    0.00    0.00    6.55    0.00    0.00    0.00    0.00
18:42:09     all   24.12    0.00   26.13    0.00    0.00   24.12    0.00    0.00    0.00   25.63
18:42:10     all   21.41    0.00   29.97    0.00    0.00   21.16    0.00    0.00    0.00   27.46
18:42:11     all   21.32    0.00   26.14    0.00    0.00   11.68    0.00    0.00    0.00   40.86
18:42:12     all   73.37    0.00    6.03    0.00    0.00    5.28    0.00    0.00    0.00   15.33
18:42:13     all   88.81    0.00    5.47    0.00    0.00    5.22    0.00    0.00    0.00    0.50
18:42:14     all   25.70    0.00   24.94    0.00    0.00   23.16    0.00    0.00    0.00   26.21
18:42:15     all   21.97    0.00   28.79    0.00    0.00   22.98    0.00    0.00    0.00   26.26
18:42:16     all   21.32    0.00   26.14    0.25    0.00   10.66    0.00    0.00    0.00   41.62
18:42:17     all   71.11    0.00    6.53    0.00    0.00    4.52    0.00    0.00    0.00   17.84
18:42:18     all   90.30    0.00    3.98    0.00    0.00    5.72    0.00    0.00    0.00    0.00
18:42:19     all   33.93    0.00   22.19    0.00    0.00   20.15    0.00    0.00    0.00   23.72
18:42:20     all   21.72    0.00   28.54    0.00    0.00   23.48    0.00    0.00    0.00   26.26
18:42:21     all   19.49    0.00   28.61    0.00    0.00   12.66    0.00    0.00    0.00   39.24
18:42:22     all   59.80    0.00    9.55    0.25    0.00    6.28    0.00    0.00    0.00   24.12
18:42:23     all   93.00    0.00    3.50    0.00    0.00    3.50    0.00    0.00    0.00    0.00
18:42:24     all   36.02    0.00   21.41    0.00    0.00   19.90    0.00    0.00    0.00   22.67
18:42:25     all   20.76    0.00   28.35    0.00    0.00   24.56    0.00    0.00    0.00   26.33
18:42:26     all   21.91    0.00   26.95    0.00    0.00   14.36    0.00    0.00    0.00   36.78
18:42:27     all    7.81    0.00    7.56    0.00    0.00    0.76    0.00    0.00    0.00   83.88
18:42:28     all    1.25    0.00    0.00    0.00    0.00    0.00    0.00    0.00    0.00   98.75
18:42:29     all   79.30    0.00    2.99    0.00    0.00    4.74    0.00    0.00    0.00   12.97
18:42:30     all   88.50    0.00    4.50    0.00    0.00    6.25    0.00    0.00    0.00    0.75
18:42:31     all   21.32    0.00   27.92    0.00    0.00   23.35    0.00    0.00    0.00   27.41
18:42:32     all   21.52    0.00   29.11    0.00    0.00   24.56    0.00    0.00    0.00   24.81
18:42:33     all   20.61    0.00   26.72    0.00    0.00    8.91    0.00    0.00    0.00   43.77
18:42:34     all   75.31    0.00    5.49    0.00    0.00    6.48    0.00    0.00    0.00   12.72
18:42:35     all   91.27    0.00    3.99    0.00    0.00    4.24    0.00    0.00    0.00    0.50
18:42:36     all   25.57    0.00   24.56    0.00    0.00   24.05    0.00    0.00    0.00   25.82
18:42:37     all   21.32    0.00   26.90    0.00    0.00   24.87    0.00    0.00    0.00   26.90
18:42:38     all   20.61    0.00   26.21    0.25    0.00   11.45    0.00    0.00    0.00   41.48
18:42:39     all   71.68    0.00    6.52    0.00    0.00    4.26    0.00    0.00    0.00   17.54
18:42:40     all   90.37    0.00    3.46    0.00    0.00    5.68    0.00    0.00    0.00    0.49
18:42:41     all   30.81    0.00   23.48    0.00    0.00   22.98    0.00    0.00    0.00   22.73
18:42:42     all   21.17    0.00   27.55    0.00    0.00   22.45    0.00    0.00    0.00   28.83
18:42:43     all   20.36    0.00   28.24    0.00    0.00   12.98    0.00    0.00    0.00   38.42
18:42:44     all   66.00    0.00    7.69    0.00    0.00    5.71    0.00    0.00    0.00   20.60
18:42:45     all   93.20    0.00    2.77    0.00    0.00    4.03    0.00    0.00    0.00    0.00
18:42:46     all   34.09    0.00   21.21    0.00    0.00   21.97    0.00    0.00    0.00   22.73
18:42:47     all   22.06    0.00   27.57    0.00    0.00   23.81    0.00    0.00    0.00   26.57
18:42:48     all   21.30    0.00   28.57    0.00    0.00   14.79    0.00    0.00    0.00   35.34
18:42:49     all   59.95    0.00    9.82    0.00    0.00    4.53    0.00    0.00    0.00   25.69
18:42:50     all   91.50    0.00    3.75    0.00    0.00    4.75    0.00    0.00    0.00    0.00
18:42:51     all   40.91    0.00   18.94    0.00    0.00   21.21    0.00    0.00    0.00   18.94
18:42:52     all   21.68    0.00   26.79    0.00    0.00   22.19    0.00    0.00    0.00   29.34
18:42:53     all   20.71    0.00   26.77    0.00    0.00   17.68    0.00    0.00    0.00   34.85
18:42:54     all   51.13    0.00   13.60    0.00    0.00    3.53    0.00    0.00    0.00   31.74
18:42:55     all   93.27    0.00    3.24    0.00    0.00    3.24    0.00    0.00    0.00    0.25
18:42:56     all   48.00    0.00   18.00    0.00    0.00   18.00    0.00    0.00    0.00   16.00
18:42:57     all   20.60    0.00   26.55    0.00    0.00   24.07    0.00    0.00    0.00   28.78
18:42:58     all   21.41    0.00   27.96    0.00    0.00   20.65    0.00    0.00    0.00   29.97
18:42:59     all   37.34    0.00   17.54    0.00    0.00    5.51    0.00    0.00    0.00   39.60
18:43:00     all   92.73    0.00    3.26    0.00    0.00    4.01    0.00    0.00    0.00    0.00
18:43:01     all   63.13    0.00   11.87    0.00    0.00   13.89    0.00    0.00    0.00   11.11
18:43:02     all   21.21    0.00   28.79    0.00    0.00   23.99    0.00    0.00    0.00   26.01
18:43:03     all   21.41    0.00   28.21    0.00    0.00   22.17    0.00    0.00    0.00   28.21
18:43:04     all   28.28    0.00   20.20    0.00    0.00    5.56    0.00    0.00    0.00   45.96
18:43:05     all   92.25    0.00    3.25    0.00    0.00    4.50    0.00    0.00    0.00    0.00
18:43:06     all   72.75    0.00    9.75    0.00    0.00    9.75    0.00    0.00    0.00    7.75
18:43:07     all   22.03    0.00   27.09    0.00    0.00   23.80    0.00    0.00    0.00   27.09
18:43:08     all   22.17    0.00   28.21    0.00    0.00   22.92    0.00    0.00    0.00   26.70
18:43:09     all   22.03    0.00   21.77    0.00    0.00    6.08    0.00    0.00    0.00   50.13
18:43:10     all   93.48    0.00    2.51    0.00    0.00    4.01    0.00    0.00    0.00    0.00
18:43:11     all   79.00    0.00    7.25    0.00    0.00    8.00    0.00    0.00    0.00    5.75
18:43:12     all   21.67    0.00   26.85    0.00    0.00   25.12    0.00    0.00    0.00   26.35
18:43:13     all   21.27    0.00   26.84    0.00    0.00   23.04    0.00    0.00    0.00   28.86
18:43:14     all   21.57    0.00   24.11    0.00    0.00    7.36    0.00    0.00    0.00   46.95
18:43:15     all   85.75    0.00    3.00    0.00    0.00    5.00    0.00    0.00    0.00    6.25
18:43:16     all   85.18    0.00    5.78    0.00    0.00    6.78    0.00    0.00    0.00    2.26
18:43:17     all   22.65    0.00   26.97    0.00    0.00   22.65    0.00    0.00    0.00   27.74
18:43:18     all   20.76    0.00   28.10    0.00    0.00   23.29    0.00    0.00    0.00   27.85
18:43:19     all   21.12    0.00   24.43    0.25    0.00    7.63    0.00    0.00    0.00   46.56
18:43:20     all   82.84    0.00    4.23    0.00    0.00    6.22    0.00    0.00    0.00    6.72
18:43:21     all   84.92    0.00    5.03    0.00    0.00    7.54    0.00    0.00    0.00    2.51
18:43:22     all   23.16    0.00   26.21    0.00    0.00   22.90    0.00    0.00    0.00   27.74
18:43:23     all   20.81    0.00   28.17    0.00    0.00   21.57    0.00    0.00    0.00   29.44
18:43:24     all   20.87    0.00   25.45    0.25    0.00    9.16    0.00    0.00    0.00   44.27
18:43:25     all   81.75    0.00    4.00    0.00    0.00    4.50    0.00    0.00    0.00    9.75
18:43:26     all   87.31    0.00    5.22    0.00    0.00    6.47    0.00    0.00    0.00    1.00
18:43:27     all   21.83    0.00   25.38    0.00    0.00   26.14    0.00    0.00    0.00   26.65
18:43:28     all   22.06    0.00   27.32    0.00    0.00   23.31    0.00    0.00    0.00   27.32
18:43:29     all   21.01    0.00   26.84    0.00    0.00    9.62    0.00    0.00    0.00   42.53
18:43:30     all   75.44    0.00    5.51    0.25    0.00    4.01    0.00    0.00    0.00   14.79
18:43:31     all   89.28    0.00    4.24    0.00    0.00    6.23    0.00    0.00    0.00    0.25
18:43:32     all   27.02    0.00   24.49    0.00    0.00   26.26    0.00    0.00    0.00   22.22
18:43:33     all   21.27    0.00   30.13    0.00    0.00   20.25    0.00    0.00    0.00   28.35
18:43:34     all   21.63    0.00   26.46    0.00    0.00   11.96    0.00    0.00    0.00   39.95
18:43:35     all   65.34    0.00    7.98    0.00    0.00    5.24    0.00    0.00    0.00   21.45
18:43:36     all   93.48    0.00    2.76    0.00    0.00    3.76    0.00    0.00    0.00    0.00
18:43:37     all   33.25    0.00   21.66    0.00    0.00   22.92    0.00    0.00    0.00   22.17
18:43:38     all   21.23    0.00   27.88    0.00    0.00   24.04    0.00    0.00    0.00   26.85
18:43:39     all   21.12    0.00   29.26    0.00    0.00   12.72    0.00    0.00    0.00   36.90
18:43:40     all   59.31    0.00    9.18    0.00    0.00    4.96    0.00    0.00    0.00   26.55
18:43:41     all   93.53    0.00    2.74    0.00    0.00    3.73    0.00    0.00    0.00    0.00
18:43:42     all   36.96    0.00   21.77    0.00    0.00   20.51    0.00    0.00    0.00   20.76
18:43:43     all   21.79    0.00   27.44    0.00    0.00   23.08    0.00    0.00    0.00   27.69
18:43:44     all   20.71    0.00   27.53    0.00    0.00   16.16    0.00    0.00    0.00   35.61
18:43:45     all   53.63    0.00   11.03    0.00    0.00    5.01    0.00    0.00    0.00   30.33
18:43:46     all   93.98    0.00    2.51    0.00    0.00    3.51    0.00    0.00    0.00    0.00
18:43:47     all   41.73    0.00   19.59    0.00    0.00   19.59    0.00    0.00    0.00   19.08
18:43:48     all   22.22    0.00   27.78    0.00    0.00   21.97    0.00    0.00    0.00   28.03
18:43:49     all   21.88    0.00   27.74    0.00    0.00   13.99    0.00    0.00    0.00   36.39
18:43:51     all   51.87    0.00   11.72    0.00    0.00    5.49    0.00    0.00    0.00   30.92
18:43:52     all   91.77    0.00    3.74    0.00    0.00    4.49    0.00    0.00    0.00    0.00
18:43:53     all   49.11    0.00   17.81    0.00    0.00   16.54    0.00    0.00    0.00   16.54
18:43:54     all   21.45    0.00   28.93    0.00    0.00   22.19    0.00    0.00    0.00   27.43
18:43:55     all   20.57    0.00   26.74    0.00    0.00   18.25    0.00    0.00    0.00   34.45
18:43:56     all   48.50    0.00   14.00    0.00    0.00    5.75    0.00    0.00    0.00   31.75
18:43:57     all   93.22    0.00    3.02    0.00    0.00    3.77    0.00    0.00    0.00    0.00
18:43:58     all   51.39    0.00   16.37    0.00    0.00   15.37    0.00    0.00    0.00   16.88
18:43:59     all   21.72    0.00   27.53    0.00    0.00   24.75    0.00    0.00    0.00   26.01
18:44:00     all   21.12    0.00   28.24    0.00    0.00   17.05    0.00    0.00    0.00   33.59
18:44:01     all   48.61    0.00   13.42    0.00    0.00    4.56    0.00    0.00    0.00   33.42
18:44:02     all   93.05    0.00    3.23    0.00    0.00    3.72    0.00    0.00    0.00    0.00
18:44:03     all   51.26    0.00   17.34    0.00    0.00   17.09    0.00    0.00    0.00   14.32
18:44:04     all   20.80    0.00   29.07    0.00    0.00   24.56    0.00    0.00    0.00   25.56
18:44:05     all   20.76    0.00   27.85    0.00    0.00   18.48    0.00    0.00    0.00   32.91
18:44:06     all   35.62    0.00   20.36    0.00    0.00    4.58    0.00    0.00    0.00   39.44
18:44:07     all   94.26    0.00    2.24    0.00    0.00    3.49    0.00    0.00    0.00    0.00
18:44:08     all   62.19    0.00   12.69    0.00    0.00   14.18    0.00    0.00    0.00   10.95
18:44:09     all   21.16    0.00   28.97    0.00    0.00   23.93    0.00    0.00    0.00   25.94
18:44:10     all   20.41    0.00   27.30    0.00    0.00   20.15    0.00    0.00    0.00   32.14
18:44:11     all   28.75    0.00   20.87    0.00    0.00    6.87    0.00    0.00    0.00   43.51
18:44:12     all   93.52    0.00    2.49    0.00    0.00    3.99    0.00    0.00    0.00    0.00
18:44:13     all   68.66    0.00   10.95    0.00    0.00   11.94    0.00    0.00    0.00    8.46
18:44:14     all   22.14    0.00   27.99    0.00    0.00   22.65    0.00    0.00    0.00   27.23
18:44:15     all   20.20    0.00   29.55    0.00    0.00   20.20    0.00    0.00    0.00   30.05
18:44:16     all   22.03    0.00   22.03    0.25    0.00    6.84    0.00    0.00    0.00   48.86
18:44:17     all   93.78    0.00    2.49    0.00    0.00    3.73    0.00    0.00    0.00    0.00
18:44:18     all   74.24    0.00    8.59    0.00    0.00   10.86    0.00    0.00    0.00    6.31
18:44:19     all   21.70    0.00   27.43    0.00    0.00   23.69    0.00    0.00    0.00   27.18
18:44:20     all   21.64    0.00   29.10    0.00    0.00   22.64    0.00    0.00    0.00   26.62
18:44:21     all   21.03    0.00   24.62    0.26    0.00    5.64    0.00    0.00    0.00   48.46
18:44:22     all   87.16    0.00    3.21    0.00    0.00    3.95    0.00    0.00    0.00    5.68
18:44:23     all   87.15    0.00    4.28    0.00    0.00    6.55    0.00    0.00    0.00    2.02
18:44:24     all   21.61    0.00   25.88    0.00    0.00   25.13    0.00    0.00    0.00   27.39
18:44:25     all   22.22    0.00   28.28    0.00    0.00   21.21    0.00    0.00    0.00   28.28
18:44:26     all   20.92    0.00   25.77    0.00    0.00    9.18    0.00    0.00    0.00   44.13
18:44:27     all   78.77    0.00    4.69    0.00    0.00    5.68    0.00    0.00    0.00   10.86
18:44:28     all   89.70    0.00    4.27    0.00    0.00    5.03    0.00    0.00    0.00    1.01
18:44:29     all   21.61    0.00   25.38    0.00    0.00   25.38    0.00    0.00    0.00   27.64
18:44:30     all   21.91    0.00   27.46    0.00    0.00   24.94    0.00    0.00    0.00   25.69
18:44:31     all   19.54    0.00   27.16    0.00    0.00   10.66    0.00    0.00    0.00   42.64
18:44:32     all   68.75    0.00    8.00    0.00    0.00    5.75    0.00    0.00    0.00   17.50
18:44:33     all   89.72    0.00    4.26    0.00    0.00    5.26    0.00    0.00    0.00    0.75
18:44:34     all   34.01    0.00   22.84    0.00    0.00   21.57    0.00    0.00    0.00   21.57
18:44:35     all   20.80    0.00   27.82    0.00    0.00   22.81    0.00    0.00    0.00   28.57
18:44:36     all   20.88    0.00   24.74    0.26    0.00   13.92    0.00    0.00    0.00   40.21
18:44:37     all   63.03    0.00    8.93    0.00    0.00    5.21    0.00    0.00    0.00   22.83
18:44:38     all   91.75    0.00    4.25    0.00    0.00    4.00    0.00    0.00    0.00    0.00
18:44:39     all   35.19    0.00   20.76    0.00    0.00   22.53    0.00    0.00    0.00   21.52
18:44:40     all   21.27    0.00   28.86    0.00    0.00   22.78    0.00    0.00    0.00   27.09
18:44:41     all   20.35    0.00   28.14    0.00    0.00   13.57    0.00    0.00    0.00   37.94
18:44:42     all   56.53    0.00   11.81    0.00    0.00    4.77    0.00    0.00    0.00   26.88
18:44:43     all   92.29    0.00    2.99    0.00    0.00    4.73    0.00    0.00    0.00    0.00
18:44:44     all   42.57    0.00   19.65    0.00    0.00   19.14    0.00    0.00    0.00   18.64
18:44:45     all   21.07    0.00   27.66    0.00    0.00   24.11    0.00    0.00    0.00   27.16
18:44:46     all   20.85    0.00   25.88    0.00    0.00   16.83    0.00    0.00    0.00   36.43
18:44:47     all   48.88    0.00   12.47    0.00    0.00    5.49    0.00    0.00    0.00   33.17
18:44:48     all   94.54    0.00    2.48    0.00    0.00    2.98    0.00    0.00    0.00    0.00
18:44:49     all   49.23    0.00   16.33    0.00    0.00   18.37    0.00    0.00    0.00   16.07
18:44:50     all   21.91    0.00   27.96    0.00    0.00   22.92    0.00    0.00    0.00   27.20
18:44:51     all   20.60    0.00   28.64    0.00    0.00   18.84    0.00    0.00    0.00   31.91
18:44:52     all   40.00    0.00   17.22    0.25    0.00    5.06    0.00    0.00    0.00   37.47
18:44:53     all   93.58    0.00    3.21    0.00    0.00    3.21    0.00    0.00    0.00    0.00
18:44:54     all   59.45    0.00   13.35    0.00    0.00   14.86    0.00    0.00    0.00   12.34
18:44:55     all   21.52    0.00   28.86    0.00    0.00   22.78    0.00    0.00    0.00   26.84
18:44:56     all   21.72    0.00   27.53    0.00    0.00   18.43    0.00    0.00    0.00   32.32
18:44:57     all   32.66    0.00   18.84    0.00    0.00    5.53    0.00    0.00    0.00   42.96
18:44:58     all   55.33    0.00   12.94    0.00    0.00   14.97    0.00    0.00    0.00   16.75
18:44:59     all   21.80    0.00   27.82    0.00    0.00   14.04    0.00    0.00    0.00   36.34
18:45:00     all    0.25    0.00    1.50    0.00    0.00    0.00    0.00    0.00    0.00   98.25
18:45:01     all    0.25    0.00    0.00    0.00    0.00    0.00    0.00    0.00    0.00   99.75
18:45:02     all   17.89    0.00    0.49    0.25    0.00    0.25    0.00    0.00    0.00   81.13
18:45:03     all   89.97    0.00    2.01    0.00    0.00    2.76    0.00    0.00    0.00    5.26
18:45:04     all   20.35    0.00   28.04    0.00    0.00   28.04    0.00    0.00    0.00   23.57
18:45:05     all   18.93    0.00   26.85    0.00    0.00   10.23    0.00    0.00    0.00   43.99
18:45:06     all   88.09    0.00    2.73    0.00    0.00    6.45    0.00    0.00    0.00    2.73
18:45:07     all   82.50    0.00    7.75    0.00    0.00    6.50    0.00    0.00    0.00    3.25
18:45:08     all   21.12    0.00   27.23    0.25    0.00   24.17    0.00    0.00    0.00   27.23
18:45:09     all   20.88    0.00   28.61    0.00    0.00   24.74    0.00    0.00    0.00   25.77
18:45:10     all   20.75    0.00   26.25    0.00    0.00    7.00    0.00    0.00    0.00   46.00
18:45:11     all   81.50    0.00    3.25    0.00    0.00    4.75    0.00    0.00    0.00   10.50
18:45:12     all   86.68    0.00    4.52    0.00    0.00    6.78    0.00    0.00    0.00    2.01
18:45:13     all   20.71    0.00   27.02    0.00    0.00   26.52    0.00    0.00    0.00   25.76
18:45:14     all   21.66    0.00   27.46    0.00    0.00   20.65    0.00    0.00    0.00   30.23
18:45:15     all   20.15    0.00   26.45    0.00    0.00    9.57    0.00    0.00    0.00   43.83
18:45:16     all   75.88    0.00    5.53    0.00    0.00    4.02    0.00    0.00    0.00   14.57
18:45:17     all   89.78    0.00    4.24    0.00    0.00    5.74    0.00    0.00    0.00    0.25
18:45:18     all   27.30    0.00   25.00    0.00    0.00   22.45    0.00    0.00    0.00   25.26
18:45:19     all   21.27    0.00   28.61    0.00    0.00   23.54    0.00    0.00    0.00   26.58
18:45:20     all   19.54    0.00   27.25    0.00    0.00   10.80    0.00    0.00    0.00   42.42
18:45:21     all   62.22    0.00    8.64    0.00    0.00    5.93    0.00    0.00    0.00   23.21
18:45:22     all   91.29    0.00    4.23    0.00    0.00    3.98    0.00    0.00    0.00    0.50
18:45:23     all   38.83    0.00   21.32    0.00    0.00   20.30    0.00    0.00    0.00   19.54
18:45:24     all   20.66    0.00   27.30    0.00    0.00   24.49    0.00    0.00    0.00   27.55
18:45:25     all   20.10    0.00   27.99    0.00    0.00   14.76    0.00    0.00    0.00   37.15
18:45:26     all   54.61    0.00   11.22    0.00    0.00    5.74    0.00    0.00    0.00   28.43
18:45:27     all   91.23    0.00    4.01    0.00    0.00    4.76    0.00    0.00    0.00    0.00
18:45:28     all   44.19    0.00   18.69    0.00    0.00   18.43    0.00    0.00    0.00   18.69
18:45:29     all   21.98    0.00   27.90    0.00    0.00   22.72    0.00    0.00    0.00   27.41
18:45:30     all   20.66    0.00   28.83    0.00    0.00   14.54    0.00    0.00    0.00   35.97
18:45:31     all   53.00    0.00   12.00    0.50    0.00    4.00    0.00    0.00    0.00   30.50
18:45:32     all   89.58    0.00    5.21    0.00    0.00    5.21    0.00    0.00    0.00    0.00
18:45:33     all   49.50    0.00   17.25    0.00    0.00   18.25    0.00    0.00    0.00   15.00
18:45:34     all   21.55    0.00   27.07    0.00    0.00   24.31    0.00    0.00    0.00   27.07
18:45:35     all   20.72    0.00   26.85    0.00    0.00   16.62    0.00    0.00    0.00   35.81
18:45:36     all   39.19    0.00   15.52    0.00    0.00    4.83    0.00    0.00    0.00   40.46
18:45:37     all   92.54    0.00    3.73    0.00    0.00    3.48    0.00    0.00    0.00    0.25
18:45:38     all   62.69    0.00   11.68    0.00    0.00   14.21    0.00    0.00    0.00   11.42
18:45:39     all   20.76    0.00   26.58    0.00    0.00   23.80    0.00    0.00    0.00   28.86
18:45:40     all   20.76    0.00   29.11    0.00    0.00   19.49    0.00    0.00    0.00   30.63
18:45:41     all   26.45    0.00   19.65    0.00    0.00    7.30    0.00    0.00    0.00   46.60
18:45:42     all   94.01    0.00    2.99    0.00    0.00    2.99    0.00    0.00    0.00    0.00
18:45:43     all   72.00    0.00    9.00    0.00    0.00   12.25    0.00    0.00    0.00    6.75
18:45:44     all   21.75    0.00   27.50    0.00    0.00   22.25    0.00    0.00    0.00   28.50
18:45:45     all   21.72    0.00   29.04    0.00    0.00   21.21    0.00    0.00    0.00   28.03
18:45:46     all   23.04    0.00   21.27    0.00    0.00    5.57    0.00    0.00    0.00   50.13
18:45:47     all   92.52    0.00    2.49    0.00    0.00    4.99    0.00    0.00    0.00    0.00
18:45:48     all   75.38    0.00    8.04    0.00    0.00   10.30    0.00    0.00    0.00    6.28
18:45:49     all   21.68    0.00   26.28    0.00    0.00   22.96    0.00    0.00    0.00   29.08
18:45:50     all   21.21    0.00   28.79    0.00    0.00   21.46    0.00    0.00    0.00   28.54
18:45:51     all   20.05    0.00   25.13    0.00    0.00    6.35    0.00    0.00    0.00   48.48
18:45:52     all   87.94    0.00    2.76    0.00    0.00    5.28    0.00    0.00    0.00    4.02
18:45:53     all   81.89    0.00    6.95    0.00    0.00    7.94    0.00    0.00    0.00    3.23
18:45:54     all   20.61    0.00   27.99    0.00    0.00   23.41    0.00    0.00    0.00   27.99
18:45:55     all   20.85    0.00   28.14    0.00    0.00   25.38    0.00    0.00    0.00   25.63
18:45:56     all   19.59    0.00   26.72    0.00    0.00    6.36    0.00    0.00    0.00   47.33
18:45:57     all   82.22    0.00    2.96    0.00    0.00    4.69    0.00    0.00    0.00   10.12
18:45:58     all   88.22    0.00    5.51    0.00    0.00    5.76    0.00    0.00    0.00    0.50
18:45:59     all   21.88    0.00   26.46    0.00    0.00   23.66    0.00    0.00    0.00   27.99
18:46:00     all   21.16    0.00   26.95    0.00    0.00   25.19    0.00    0.00    0.00   26.70
18:46:01     all   20.15    0.00   26.79    0.00    0.00   11.22    0.00    0.00    0.00   41.84
18:46:02     all   69.08    0.00    7.98    0.00    0.00    5.24    0.00    0.00    0.00   17.71
18:46:03     all   90.20    0.00    4.02    0.00    0.00    5.78    0.00    0.00    0.00    0.00
18:46:04     all   35.18    0.00   22.86    0.00    0.00   19.60    0.00    0.00    0.00   22.36
18:46:05     all   21.41    0.00   28.46    0.00    0.00   22.42    0.00    0.00    0.00   27.71
18:46:06     all   19.44    0.00   27.78    0.00    0.00   13.13    0.00    0.00    0.00   39.65
18:46:07     all   59.20    0.00    9.95    0.00    0.00    5.22    0.00    0.00    0.00   25.62
18:46:08     all   95.97    0.00    1.76    0.00    0.00    2.27    0.00    0.00    0.00    0.00
18:46:09     all   38.25    0.00   20.50    0.00    0.00   20.00    0.00    0.00    0.00   21.25
18:46:10     all   22.22    0.00   27.53    0.00    0.00   23.74    0.00    0.00    0.00   26.52
18:46:11     all   21.07    0.00   27.41    0.00    0.00   17.51    0.00    0.00    0.00   34.01
18:46:12     all   45.14    0.00   15.71    0.25    0.00    4.49    0.00    0.00    0.00   34.41
18:46:13     all   92.02    0.00    3.24    0.00    0.00    4.74    0.00    0.00    0.00    0.00
18:46:14     all   55.39    0.00   16.04    0.00    0.00   15.54    0.00    0.00    0.00   13.03
18:46:15     all   21.99    0.00   27.37    0.00    0.00   21.99    0.00    0.00    0.00   28.64
18:46:16     all   21.07    0.00   27.41    0.00    0.00   19.29    0.00    0.00    0.00   32.23
18:46:17     all   36.43    0.00   17.34    0.00    0.00    6.53    0.00    0.00    0.00   39.70
18:46:18     all   92.73    0.00    3.51    0.00    0.00    3.76    0.00    0.00    0.00    0.00
18:46:19     all   60.81    0.00   12.47    0.00    0.00   15.01    0.00    0.00    0.00   11.70
18:46:20     all   20.96    0.00   27.53    0.00    0.00   21.97    0.00    0.00    0.00   29.55
18:46:21     all   21.03    0.00   27.18    0.00    0.00   21.79    0.00    0.00    0.00   30.00
18:46:22     all   31.82    0.00   19.19    0.00    0.00    5.30    0.00    0.00    0.00   43.69
18:46:23     all   93.78    0.00    2.74    0.00    0.00    3.23    0.00    0.00    0.00    0.25
18:46:24     all   68.17    0.00   10.03    0.00    0.00   12.28    0.00    0.00    0.00    9.52
18:46:25     all   20.20    0.00   28.79    0.00    0.00   25.25    0.00    0.00    0.00   25.76
18:46:26     all   21.27    0.00   28.35    0.00    0.00   21.01    0.00    0.00    0.00   29.37
18:46:27     all   23.54    0.00   22.28    0.00    0.00    5.57    0.00    0.00    0.00   48.61
18:46:28     all   94.25    0.00    2.50    0.00    0.00    3.25    0.00    0.00    0.00    0.00
18:46:29     all   72.21    0.00    9.68    0.00    0.00   11.17    0.00    0.00    0.00    6.95
18:46:30     all   21.94    0.00   26.53    0.00    0.00   25.26    0.00    0.00    0.00   26.28
18:46:31     all   22.03    0.00   29.11    0.00    0.00   22.03    0.00    0.00    0.00   26.84
18:46:32     all   20.56    0.00   25.63    0.00    0.00    5.84    0.00    0.00    0.00   47.97
18:46:33     all   85.32    0.00    3.73    0.00    0.00    4.73    0.00    0.00    0.00    6.22
18:46:34     all   85.21    0.00    5.76    0.00    0.00    7.52    0.00    0.00    0.00    1.50
18:46:35     all   21.83    0.00   26.90    0.00    0.00   22.84    0.00    0.00    0.00   28.43
18:46:36     all   21.36    0.00   29.15    0.00    0.00   22.86    0.00    0.00    0.00   26.63
18:46:37     all   20.77    0.00   24.62    0.00    0.00    8.21    0.00    0.00    0.00   46.41
18:46:38     all   77.11    0.00    5.97    0.00    0.00    4.73    0.00    0.00    0.00   12.19
18:46:39     all   90.23    0.00    4.26    0.00    0.00    5.26    0.00    0.00    0.00    0.25
18:46:40     all   23.60    0.00   25.13    0.00    0.00   23.35    0.00    0.00    0.00   27.92
18:46:41     all   21.86    0.00   27.89    0.00    0.00   22.86    0.00    0.00    0.00   27.39
18:46:42     all   20.66    0.00   26.02    0.00    0.00   10.97    0.00    0.00    0.00   42.35
18:46:43     all   75.18    0.00    5.90    0.00    0.00    4.67    0.00    0.00    0.00   14.25
18:46:44     all   91.46    0.00    3.27    0.00    0.00    5.28    0.00    0.00    0.00    0.00
18:46:45     all   29.29    0.00   24.49    0.00    0.00   21.97    0.00    0.00    0.00   24.24
18:46:46     all   20.36    0.00   29.01    0.00    0.00   21.88    0.00    0.00    0.00   28.75
18:46:47     all   22.44    0.00   28.43    0.00    0.00   11.97    0.00    0.00    0.00   37.16
18:46:48     all   65.50    0.00    7.75    0.00    0.00    5.00    0.00    0.00    0.00   21.75
18:46:49     all   92.48    0.00    3.01    0.00    0.00    4.51    0.00    0.00    0.00    0.00
18:46:50     all   36.50    0.00   20.50    0.00    0.00   20.75    0.00    0.00    0.00   22.25
18:46:51     all   21.25    0.00   28.00    0.00    0.00   24.00    0.00    0.00    0.00   26.75
18:46:52     all   22.03    0.00   26.84    0.00    0.00   12.41    0.00    0.00    0.00   38.73
18:46:53     all   59.10    0.00    9.48    0.00    0.00    5.99    0.00    0.00    0.00   25.44
18:46:54     all   93.52    0.00    3.24    0.00    0.00    3.24    0.00    0.00    0.00    0.00
18:46:55     all   40.91    0.00   18.43    0.00    0.00   20.71    0.00    0.00    0.00   19.95
18:46:56     all   21.12    0.00   28.24    0.00    0.00   24.17    0.00    0.00    0.00   26.46
18:46:57     all   21.12    0.00   28.50    0.00    0.00   15.52    0.00    0.00    0.00   34.86
18:46:58     all   55.75    0.00   10.50    0.00    0.00    5.00    0.00    0.00    0.00   28.75
18:46:59     all   92.98    0.00    3.01    0.00    0.00    4.01    0.00    0.00    0.00    0.00
18:47:00     all   45.61    0.00   18.55    0.00    0.00   19.05    0.00    0.00    0.00   16.79
18:47:01     all   20.92    0.00   28.83    0.00    0.00   21.68    0.00    0.00    0.00   28.57
18:47:02     all   21.46    0.00   28.79    0.00    0.00   15.66    0.00    0.00    0.00   34.09
18:47:03     all   48.13    0.00   12.72    0.00    0.00    5.49    0.00    0.00    0.00   33.67
18:47:04     all   93.00    0.00    2.75    0.00    0.00    4.00    0.00    0.00    0.00    0.25
18:47:05     all   50.63    0.00   16.71    0.00    0.00   17.97    0.00    0.00    0.00   14.68
18:47:06     all   23.13    0.00   28.36    0.00    0.00   22.14    0.00    0.00    0.00   26.37
18:47:07     all   20.96    0.00   29.29    0.25    0.00   18.94    0.00    0.00    0.00   30.56
18:47:08     all   38.13    0.00   17.17    0.00    0.00    5.56    0.00    0.00    0.00   39.14
18:47:09     all   93.22    0.00    3.02    0.00    0.00    3.77    0.00    0.00    0.00    0.00
18:47:10     all   60.90    0.00   13.28    0.00    0.00   15.29    0.00    0.00    0.00   10.53
18:47:11     all   21.88    0.00   27.74    0.00    0.00   23.41    0.00    0.00    0.00   26.97
18:47:12     all   21.59    0.00   29.56    0.00    0.00   18.25    0.00    0.00    0.00   30.59
18:47:13     all   27.53    0.00   20.45    0.00    0.00    6.31    0.00    0.00    0.00   45.71
18:47:14     all   93.55    0.00    2.48    0.00    0.00    3.97    0.00    0.00    0.00    0.00
18:47:15     all   72.11    0.00    8.79    0.00    0.00   11.06    0.00    0.00    0.00    8.04
18:47:16     all   21.00    0.00   28.00    0.00    0.00   24.00    0.00    0.00    0.00   27.00
18:47:17     all   21.63    0.00   29.26    0.00    0.00   21.88    0.00    0.00    0.00   27.23
18:47:18     all   20.40    0.00   25.69    0.25    0.00    5.79    0.00    0.00    0.00   47.86
18:47:19     all   90.30    0.00    2.99    0.00    0.00    5.72    0.00    0.00    0.00    1.00
18:47:20     all   79.20    0.00    7.52    0.00    0.00    8.27    0.00    0.00    0.00    5.01
18:47:21     all   21.80    0.00   28.07    0.00    0.00   24.06    0.00    0.00    0.00   26.07
18:47:22     all   20.72    0.00   28.90    0.00    0.00   21.74    0.00    0.00    0.00   28.64
18:47:23     all   20.92    0.00   25.00    0.00    0.00    8.16    0.00    0.00    0.00   45.92
18:47:24     all   80.70    0.00    5.51    0.00    0.00    4.26    0.00    0.00    0.00    9.52
18:47:25     all   89.28    0.00    4.74    0.00    0.00    5.99    0.00    0.00    0.00    0.00
18:47:26     all   23.85    0.00   24.87    0.00    0.00   24.87    0.00    0.00    0.00   26.41
18:47:27     all   21.72    0.00   28.28    0.00    0.00   20.71    0.00    0.00    0.00   29.29
18:47:28     all   21.32    0.00   25.63    0.00    0.00   10.41    0.00    0.00    0.00   42.64
18:47:29     all   73.13    0.00    6.22    0.00    0.00    3.98    0.00    0.00    0.00   16.67
18:47:30     all   90.18    0.00    4.53    0.00    0.00    5.04    0.00    0.00    0.00    0.25
18:47:31     all   28.89    0.00   24.12    0.00    0.00   21.86    0.00    0.00    0.00   25.13
18:47:32     all   21.50    0.00   29.50    0.00    0.00   23.25    0.00    0.00    0.00   25.75
18:47:33     all   21.41    0.00   27.46    0.00    0.00   13.60    0.00    0.00    0.00   37.53
18:47:34     all   63.38    0.00    7.07    0.00    0.00    4.80    0.00    0.00    0.00   24.75
18:47:35     all   92.00    0.00    3.50    0.00    0.00    4.50    0.00    0.00    0.00    0.00
18:47:36     all   40.20    0.00   19.10    0.00    0.00   18.84    0.00    0.00    0.00   21.86
18:47:37     all   20.84    0.00   28.78    0.00    0.00   23.33    0.00    0.00    0.00   27.05
18:47:38     all   21.77    0.00   26.84    0.00    0.00   15.44    0.00    0.00    0.00   35.95
18:47:39     all   54.50    0.00   10.50    0.00    0.00    5.25    0.00    0.00    0.00   29.75
18:47:40     all   91.71    0.00    3.52    0.00    0.00    4.27    0.00    0.00    0.00    0.50
18:47:41     all   21.92    0.00   25.62    0.00    0.00   24.38    0.00    0.00    0.00   28.08
18:47:42     all   21.08    0.00   29.31    0.00    0.00   20.82    0.00    0.00    0.00   28.79
18:47:43     all   14.61    0.00   17.13    0.00    0.00    2.52    0.00    0.00    0.00   65.74
18:47:44     all   34.59    0.00    3.26    0.00    0.00    5.51    0.00    0.00    0.00   56.64
18:47:45     all   55.98    0.00   12.98    0.00    0.00    9.41    0.00    0.00    0.00   21.63
18:47:46     all   93.00    0.00    3.25    0.00    0.00    3.75    0.00    0.00    0.00    0.00
18:47:47     all   40.25    0.00   19.75    0.00    0.00   19.75    0.00    0.00    0.00   20.25
18:47:48     all   20.97    0.00   27.62    0.00    0.00   23.79    0.00    0.00    0.00   27.62
18:47:49     all   21.85    0.00   28.02    0.00    0.00   12.60    0.00    0.00    0.00   37.53
18:47:50     all   57.53    0.00   10.86    0.00    0.00    5.19    0.00    0.00    0.00   26.42
18:47:51     all   93.20    0.00    3.02    0.00    0.00    3.78    0.00    0.00    0.00    0.00
18:47:52     all   41.77    0.00   19.49    0.00    0.00   20.51    0.00    0.00    0.00   18.23
18:47:53     all   21.21    0.00   29.55    0.00    0.00   21.97    0.00    0.00    0.00   27.27
18:47:54     all   20.87    0.00   28.50    0.00    0.00   15.78    0.00    0.00    0.00   34.86
18:47:55     all   53.28    0.00   12.63    0.00    0.00    4.55    0.00    0.00    0.00   29.55
18:47:56     all   90.86    0.00    3.70    0.00    0.00    4.44    0.00    0.00    0.00    0.99
18:47:57     all   49.11    0.00   15.95    0.00    0.00   18.23    0.00    0.00    0.00   16.71
18:47:58     all   22.64    0.00   27.61    0.25    0.00   23.13    0.00    0.00    0.00   26.37
18:47:59     all   21.13    0.00   28.09    0.00    0.00   16.49    0.00    0.00    0.00   34.28
18:48:00     all   45.36    0.00   14.79    0.00    0.00    5.26    0.00    0.00    0.00   34.59
18:48:01     all   92.56    0.00    2.73    0.00    0.00    4.47    0.00    0.00    0.00    0.25
18:48:02     all   58.94    0.00   13.60    0.00    0.00   15.87    0.00    0.00    0.00   11.59
18:48:03     all   21.83    0.00   26.90    0.00    0.00   22.34    0.00    0.00    0.00   28.93
18:48:04     all   21.97    0.00   28.28    0.00    0.00   19.44    0.00    0.00    0.00   30.30
18:48:05     all   34.43    0.00   17.47    0.00    0.00    6.58    0.00    0.00    0.00   41.52
18:48:06     all   93.30    0.00    3.23    0.00    0.00    3.47    0.00    0.00    0.00    0.00
18:48:07     all   61.81    0.00   12.31    0.00    0.00   15.58    0.00    0.00    0.00   10.30
18:48:08     all   21.32    0.00   28.17    0.00    0.00   22.59    0.00    0.00    0.00   27.92
18:48:09     all   21.07    0.00   28.43    0.25    0.00   18.53    0.00    0.00    0.00   31.73
18:48:10     all   15.33    0.00   18.59    0.00    0.00    3.52    0.00    0.00    0.00   62.56
18:48:11     all    1.51    0.00    0.25    0.00    0.00    0.00    0.00    0.00    0.00   98.24
18:48:12     all   79.25    0.00    3.00    0.00    0.00    6.00    0.00    0.00    0.00   11.75
18:48:13     all   90.18    0.00    4.28    0.00    0.00    5.29    0.00    0.00    0.00    0.25
18:48:14     all   21.55    0.00   26.32    0.00    0.00   23.81    0.00    0.00    0.00   28.32
18:48:15     all   21.46    0.00   27.02    0.25    0.00   23.99    0.00    0.00    0.00   27.27
18:48:16     all   21.12    0.00   26.46    0.00    0.00   10.18    0.00    0.00    0.00   42.24
18:48:17     all   74.07    0.00    6.42    0.00    0.00    4.20    0.00    0.00    0.00   15.31
18:48:18     all   90.40    0.00    3.79    0.00    0.00    5.81    0.00    0.00    0.00    0.00
18:48:19     all   30.83    0.00   22.81    0.00    0.00   23.31    0.00    0.00    0.00   23.06
18:48:20     all   22.25    0.00   28.75    0.00    0.00   20.75    0.00    0.00    0.00   28.25
18:48:21     all   20.30    0.00   28.17    0.00    0.00   13.20    0.00    0.00    0.00   38.32
18:48:22     all   38.23    0.00   15.19    0.00    0.00    9.37    0.00    0.00    0.00   37.22
18:48:23     all   13.85    0.00   17.38    0.00    0.00    8.06    0.00    0.00    0.00   60.71
18:48:24     all    0.00    0.00    0.00    0.00    0.00    0.00    0.00    0.00    0.00  100.00
18:48:25     all    0.00    0.00    0.25    0.00    0.00    0.00    0.00    0.00    0.00   99.75
18:48:26     all    0.00    0.00    0.00    0.50    0.00    0.00    0.00    0.00    0.00   99.50
18:48:27     all   55.53    0.00    0.00    0.00    0.00    0.00    0.00    0.00    0.00   44.47
18:48:28     all   94.50    0.00    1.25    0.00    0.00    1.25    0.00    0.00    0.00    3.00
18:48:29     all   20.65    0.00   27.71    0.00    0.00   27.46    0.00    0.00    0.00   24.18
18:48:30     all   20.95    0.00   29.93    0.00    0.00   23.94    0.00    0.00    0.00   25.19
18:48:31     all   31.89    0.00   20.66    0.00    0.00    3.57    0.00    0.00    0.00   43.88
18:48:32     all   91.54    0.00    3.98    0.00    0.00    4.23    0.00    0.00    0.00    0.25
18:48:33     all   65.50    0.00   12.00    0.00    0.00   13.75    0.00    0.00    0.00    8.75
18:48:34     all   21.57    0.00   29.19    0.00    0.00   23.10    0.00    0.00    0.00   26.14
18:48:35     all   23.17    0.00   27.46    0.00    0.00   18.64    0.00    0.00    0.00   30.73
18:48:36     all   27.59    0.00   20.00    0.00    0.00    5.82    0.00    0.00    0.00   46.58
18:48:37     all   92.27    0.00    2.74    0.00    0.00    4.99    0.00    0.00    0.00    0.00
18:48:38     all   72.73    0.00    8.84    0.00    0.00   10.35    0.00    0.00    0.00    8.08
18:48:39     all   21.94    0.00   27.55    0.00    0.00   22.70    0.00    0.00    0.00   27.81
18:48:40     all   21.30    0.00   29.32    0.00    0.00   21.55    0.00    0.00    0.00   27.82
18:48:41     all   24.44    0.00   20.95    0.00    0.00    6.48    0.00    0.00    0.00   48.13
18:48:42     all   93.80    0.00    2.23    0.00    0.00    3.97    0.00    0.00    0.00    0.00
18:48:43     all   73.48    0.00    9.09    0.00    0.00   10.10    0.00    0.00    0.00    7.32
18:48:44     all   20.97    0.00   26.85    0.00    0.00   24.55    0.00    0.00    0.00   27.62
18:48:45     all   20.51    0.00   27.59    0.00    0.00   24.30    0.00    0.00    0.00   27.59
18:48:46     all   21.72    0.00   23.74    0.00    0.00    4.55    0.00    0.00    0.00   50.00
18:48:47     all   92.54    0.00    2.24    0.00    0.00    4.98    0.00    0.00    0.00    0.25
18:48:48     all   78.64    0.00    7.79    0.00    0.00    9.05    0.00    0.00    0.00    4.52
18:48:49     all   21.07    0.00   27.16    0.00    0.00   25.13    0.00    0.00    0.00   26.65
18:48:50     all   21.72    0.00   28.28    0.00    0.00   22.22    0.00    0.00    0.00   27.78
18:48:51     all   21.12    0.00   25.70    0.00    0.00    8.65    0.00    0.00    0.00   44.53
18:48:52     all   84.92    0.00    3.02    0.00    0.00    5.28    0.00    0.00    0.00    6.78
18:48:53     all   88.03    0.00    4.49    0.00    0.00    6.23    0.00    0.00    0.00    1.25
18:48:54     all   21.21    0.00   26.26    0.00    0.00   25.25    0.00    0.00    0.00   27.27
18:48:55     all   20.36    0.00   28.50    0.00    0.00   22.14    0.00    0.00    0.00   29.01
18:48:56     all   20.77    0.00   25.64    0.00    0.00    8.72    0.00    0.00    0.00   44.87
18:48:57     all   79.95    0.00    4.46    0.00    0.00    4.70    0.00    0.00    0.00   10.89
18:48:58     all   90.45    0.00    3.77    0.00    0.00    5.78    0.00    0.00    0.00    0.00
18:48:59     all   22.42    0.00   25.94    0.00    0.00   22.42    0.00    0.00    0.00   29.22
18:49:00     all   20.30    0.00   29.82    0.00    0.00   25.06    0.00    0.00    0.00   24.81
18:49:01     all   19.24    0.00   27.59    0.25    0.00    9.11    0.00    0.00    0.00   43.80
18:49:02     all   74.69    0.00    5.96    0.00    0.00    4.71    0.00    0.00    0.00   14.64
18:49:03     all   92.70    0.00    2.77    0.00    0.00    4.53    0.00    0.00    0.00    0.00
18:49:04     all   26.43    0.00   24.69    0.00    0.00   22.94    0.00    0.00    0.00   25.94
18:49:05     all   21.17    0.00   28.32    0.00    0.00   21.68    0.00    0.00    0.00   28.83
18:49:06     all   20.76    0.00   28.10    0.00    0.00   12.66    0.00    0.00    0.00   38.48
18:49:07     all   69.08    0.00    8.23    0.25    0.00    4.24    0.00    0.00    0.00   18.20
18:49:08     all   92.79    0.00    2.74    0.00    0.00    4.48    0.00    0.00    0.00    0.00
18:49:09     all   34.86    0.00   20.87    0.00    0.00   20.87    0.00    0.00    0.00   23.41
18:49:10     all   20.80    0.00   29.57    0.00    0.00   24.56    0.00    0.00    0.00   25.06
18:49:11     all   21.46    0.00   26.52    0.00    0.00   15.40    0.00    0.00    0.00   36.62
18:49:12     all   56.44    0.00   10.89    0.00    0.00    5.45    0.00    0.00    0.00   27.23
18:49:13     all   92.73    0.00    3.01    0.00    0.00    4.26    0.00    0.00    0.00    0.00
18:49:14     all   42.64    0.00   18.27    0.00    0.00   19.54    0.00    0.00    0.00   19.54
18:49:15     all   21.52    0.00   28.61    0.00    0.00   23.04    0.00    0.00    0.00   26.84
18:49:16     all   22.17    0.00   28.72    0.00    0.00   13.60    0.00    0.00    0.00   35.52
18:49:17     all   55.75    0.00   12.00    0.00    0.00    5.50    0.00    0.00    0.00   26.75
18:49:18     all   93.97    0.00    2.76    0.00    0.00    3.27    0.00    0.00    0.00    0.00
18:49:19     all   40.85    0.00   20.05    0.00    0.00   21.55    0.00    0.00    0.00   17.54
18:49:20     all   21.00    0.00   29.00    0.00    0.00   23.50    0.00    0.00    0.00   26.50
18:49:21     all   21.07    0.00   28.68    0.00    0.00   14.97    0.00    0.00    0.00   35.28
18:49:22     all   52.72    0.00   13.12    0.00    0.00    3.96    0.00    0.00    0.00   30.20
18:49:23     all   92.95    0.00    3.27    0.00    0.00    3.27    0.00    0.00    0.00    0.50
18:49:24     all   47.22    0.00   17.68    0.00    0.00   19.70    0.00    0.00    0.00   15.40
18:49:25     all   22.06    0.00   28.07    0.00    0.00   22.81    0.00    0.00    0.00   27.07
18:49:26     all   20.81    0.00   29.19    0.00    0.00   18.02    0.00    0.00    0.00   31.98
18:49:27     all   48.37    0.00   13.53    0.00    0.00    5.01    0.00    0.00    0.00   33.08
18:49:28     all   92.56    0.00    3.47    0.00    0.00    3.97    0.00    0.00    0.00    0.00
18:49:29     all   50.90    0.00   15.94    0.00    0.00   19.02    0.00    0.00    0.00   14.14
18:49:30     all   21.75    0.00   27.75    0.00    0.00   22.50    0.00    0.00    0.00   28.00
18:49:31     all   21.52    0.00   29.11    0.00    0.00   18.99    0.00    0.00    0.00   30.38
18:49:32     all   41.77    0.00   14.94    0.00    0.00    5.06    0.00    0.00    0.00   38.23
18:49:33     all   92.84    0.00    3.46    0.00    0.00    3.70    0.00    0.00    0.00    0.00
18:49:34     all   55.19    0.00   16.20    0.00    0.00   15.44    0.00    0.00    0.00   13.16
18:49:35     all   19.90    0.00   29.59    0.00    0.00   23.98    0.00    0.00    0.00   26.53
18:49:36     all   21.00    0.00   28.00    0.00    0.00   20.00    0.00    0.00    0.00   31.00
18:49:37     all   36.43    0.00   18.84    0.00    0.00    4.77    0.00    0.00    0.00   39.95
18:49:38     all   93.48    0.00    2.76    0.00    0.00    3.76    0.00    0.00    0.00    0.00
18:49:39     all   67.16    0.00    9.70    0.00    0.00   12.94    0.00    0.00    0.00   10.20
18:49:40     all   21.85    0.00   26.74    0.00    0.00   23.14    0.00    0.00    0.00   28.28
18:49:41     all   21.75    0.00   27.75    0.00    0.00   25.25    0.00    0.00    0.00   25.25
18:49:42     all   22.25    0.00   21.00    0.00    0.00    5.25    0.00    0.00    0.00   51.50
18:49:43     all   92.25    0.00    2.75    0.00    0.00    5.00    0.00    0.00    0.00    0.00
18:49:44     all   74.50    0.00    9.25    0.00    0.00   10.00    0.00    0.00    0.00    6.25
18:49:45     all   20.50    0.00   27.75    0.00    0.00   24.75    0.00    0.00    0.00   27.00
18:49:46     all   20.91    0.00   28.97    0.00    0.00   23.68    0.00    0.00    0.00   26.45
18:49:47     all   24.37    0.00   21.07    0.25    0.00    5.84    0.00    0.00    0.00   48.48
18:49:48     all   93.50    0.00    2.50    0.00    0.00    4.00    0.00    0.00    0.00    0.00
18:49:49     all   73.05    0.00    8.82    0.00    0.00   11.34    0.00    0.00    0.00    6.80
18:49:50     all   20.15    0.00   28.97    0.00    0.00   23.43    0.00    0.00    0.00   27.46
18:49:51     all   22.84    0.00   28.17    0.00    0.00   23.10    0.00    0.00    0.00   25.89
18:49:52     all   21.32    0.00   24.37    0.00    0.00    4.31    0.00    0.00    0.00   50.00
18:49:53     all   91.52    0.00    2.24    0.00    0.00    5.24    0.00    0.00    0.00    1.00
18:49:54     all   79.25    0.00    7.50    0.00    0.00    8.75    0.00    0.00    0.00    4.50
18:49:55     all   20.90    0.00   27.61    0.00    0.00   25.12    0.00    0.00    0.00   26.37
18:49:56     all   22.90    0.00   28.75    0.00    0.00   21.63    0.00    0.00    0.00   26.72
18:49:57     all   20.10    0.00   26.46    0.00    0.00    6.62    0.00    0.00    0.00   46.82
18:49:58     all   82.79    0.00    3.49    0.00    0.00    4.99    0.00    0.00    0.00    8.73
18:49:59     all   87.69    0.00    5.28    0.00    0.00    6.03    0.00    0.00    0.00    1.01
18:50:00     all   21.66    0.00   27.46    0.00    0.00   25.69    0.00    0.00    0.00   25.19
18:50:01     all   21.74    0.00   27.88    0.00    0.00   20.97    0.00    0.00    0.00   29.41
18:50:02     all   19.95    0.00   27.62    0.00    0.00    9.97    0.00    0.00    0.00   42.46
18:50:03     all   73.02    0.00    5.94    0.00    0.00    4.70    0.00    0.00    0.00   16.34
18:50:04     all   90.00    0.00    4.00    0.00    0.00    5.75    0.00    0.00    0.00    0.25
18:50:05     all   33.59    0.00   22.73    0.00    0.00   22.22    0.00    0.00    0.00   21.46
18:50:06     all   21.77    0.00   28.86    0.00    0.00   20.51    0.00    0.00    0.00   28.86
18:50:07     all   20.10    0.00   29.77    0.00    0.00   12.72    0.00    0.00    0.00   37.40
18:50:08     all   63.28    0.00    7.69    0.00    0.00    4.71    0.00    0.00    0.00   24.32
18:50:09     all   91.46    0.00    3.52    0.00    0.00    5.03    0.00    0.00    0.00    0.00
18:50:10     all   38.60    0.00   20.30    0.00    0.00   20.05    0.00    0.00    0.00   21.05
18:50:11     all   22.42    0.00   27.96    0.00    0.00   23.43    0.00    0.00    0.00   26.20
18:50:12     all   20.51    0.00   28.46    0.00    0.00   13.59    0.00    0.00    0.00   37.44
18:50:13     all   56.61    0.00   10.47    0.00    0.00    5.24    0.00    0.00    0.00   27.68
18:50:14     all   93.25    0.00    2.75    0.00    0.00    4.00    0.00    0.00    0.00    0.00
18:50:15     all   44.30    0.00   19.24    0.00    0.00   18.23    0.00    0.00    0.00   18.23
18:50:16     all   21.66    0.00   27.71    0.00    0.00   23.68    0.00    0.00    0.00   26.95
18:50:17     all   20.61    0.00   29.01    0.00    0.00   18.83    0.00    0.00    0.00   31.55
18:50:18     all   43.18    0.00   14.89    0.00    0.00    5.71    0.00    0.00    0.00   36.23
18:50:19     all   93.52    0.00    2.74    0.00    0.00    3.74    0.00    0.00    0.00    0.00
18:50:20     all   57.58    0.00   13.38    0.00    0.00   15.40    0.00    0.00    0.00   13.64
18:50:21     all   22.73    0.00   27.02    0.00    0.00   22.47    0.00    0.00    0.00   27.78
18:50:22     all   20.60    0.00   28.64    0.00    0.00   21.86    0.00    0.00    0.00   28.89
18:50:23     all   33.58    0.00   17.54    0.25    0.00    5.51    0.00    0.00    0.00   43.11
18:50:24     all   92.29    0.00    3.23    0.00    0.00    4.23    0.00    0.00    0.00    0.25
18:50:25     all   65.24    0.00   12.59    0.00    0.00   11.08    0.00    0.00    0.00   11.08
18:50:26     all   20.96    0.00   27.78    0.00    0.00   25.25    0.00    0.00    0.00   26.01
18:50:27     all   20.84    0.00   29.28    0.00    0.00   21.34    0.00    0.00    0.00   28.54
18:50:28     all   27.27    0.00   19.44    0.00    0.00    6.06    0.00    0.00    0.00   47.22
18:50:29     all   94.01    0.00    2.24    0.00    0.00    3.74    0.00    0.00    0.00    0.00
18:50:30     all   72.54    0.00    9.07    0.00    0.00   11.59    0.00    0.00    0.00    6.80
18:50:31     all   21.05    0.00   29.32    0.00    0.00   22.56    0.00    0.00    0.00   27.07
18:50:32     all   20.91    0.00   28.72    0.00    0.00   22.17    0.00    0.00    0.00   28.21
18:50:33     all   21.07    0.00   23.60    0.00    0.00    6.09    0.00    0.00    0.00   49.24
18:50:34     all   89.50    0.00    2.75    0.00    0.00    5.25    0.00    0.00    0.00    2.50
18:50:35     all   81.66    0.00    6.78    0.00    0.00    8.29    0.00    0.00    0.00    3.27
18:50:36     all   22.34    0.00   25.63    0.00    0.00   24.87    0.00    0.00    0.00   27.16
18:50:37     all   22.92    0.00   30.73    0.00    0.00   20.91    0.00    0.00    0.00   25.44
18:50:38     all   20.66    0.00   26.02    0.00    0.00    5.87    0.00    0.00    0.00   47.45
18:50:39     all   81.30    0.00    3.99    0.00    0.00    4.74    0.00    0.00    0.00    9.98
18:50:40     all   88.03    0.00    5.24    0.00    0.00    6.23    0.00    0.00    0.00    0.50
18:50:41     all   21.94    0.00   26.28    0.00    0.00   22.96    0.00    0.00    0.00   28.83
18:50:42     all   21.57    0.00   27.16    0.00    0.00   25.63    0.00    0.00    0.00   25.63
18:50:43     all   19.80    0.00   29.07    0.25    0.00    8.77    0.00    0.00    0.00   42.11
18:50:44     all   75.00    0.00    4.70    0.00    0.00    4.46    0.00    0.00    0.00   15.84
18:50:45     all   92.75    0.00    3.00    0.00    0.00    4.25    0.00    0.00    0.00    0.00
18:50:46     all   31.06    0.00   22.22    0.00    0.00   22.73    0.00    0.00    0.00   23.99
18:50:47     all   20.05    0.00   30.33    0.00    0.00   24.56    0.00    0.00    0.00   25.06
18:50:48     all   19.95    0.00   26.34    0.00    0.00   14.58    0.00    0.00    0.00   39.13
18:50:49     all   60.50    0.00   10.25    0.00    0.00    4.50    0.00    0.00    0.00   24.75
18:50:50     all   92.54    0.00    2.99    0.00    0.00    4.48    0.00    0.00    0.00    0.00
18:50:51     all   36.22    0.00   20.66    0.00    0.00   20.41    0.00    0.00    0.00   22.70
18:50:52     all   20.80    0.00   25.31    0.00    0.00   27.32    0.00    0.00    0.00   26.57
18:50:53     all   20.15    0.00   28.46    0.00    0.00   16.12    0.00    0.00    0.00   35.26
18:50:54     all   50.50    0.00   13.25    0.00    0.00    4.75    0.00    0.00    0.00   31.50
18:50:55     all   93.72    0.00    3.02    0.00    0.00    3.27    0.00    0.00    0.00    0.00
18:50:56     all   48.00    0.00   17.00    0.00    0.00   18.75    0.00    0.00    0.00   16.25
18:50:57     all   21.03    0.00   28.21    0.00    0.00   22.82    0.00    0.00    0.00   27.95
18:50:58     all   21.66    0.00   28.72    0.00    0.00   16.37    0.00    0.00    0.00   33.25
18:50:59     all   40.95    0.00   14.82    0.00    0.00    4.77    0.00    0.00    0.00   39.45
18:51:00     all   93.23    0.00    2.51    0.00    0.00    4.26    0.00    0.00    0.00    0.00
18:51:01     all   58.17    0.00   14.11    0.00    0.00   14.85    0.00    0.00    0.00   12.87
18:51:02     all   21.96    0.00   28.17    0.00    0.00   21.71    0.00    0.00    0.00   28.17
18:51:03     all   22.47    0.00   28.03    0.00    0.00   19.70    0.00    0.00    0.00   29.80
18:51:04     all   31.74    0.00   18.39    0.25    0.00    5.29    0.00    0.00    0.00   44.33
18:51:05     all   93.00    0.00    2.75    0.00    0.00    4.00    0.00    0.00    0.00    0.25
18:51:06     all   68.09    0.00   10.30    0.00    0.00   12.56    0.00    0.00    0.00    9.05
18:51:07     all   21.07    0.00   26.90    0.00    0.00   22.84    0.00    0.00    0.00   29.19
18:51:08     all   22.42    0.00   28.72    0.00    0.00   22.92    0.00    0.00    0.00   25.94
18:51:09     all   25.13    0.00   20.05    0.00    0.00    6.09    0.00    0.00    0.00   48.73
18:51:10     all   92.73    0.00    2.76    0.00    0.00    4.51    0.00    0.00    0.00    0.00
18:51:11     all   74.94    0.00    8.52    0.00    0.00   10.03    0.00    0.00    0.00    6.52
18:51:12     all   21.21    0.00   27.02    0.00    0.00   22.73    0.00    0.00    0.00   29.04
18:51:13     all   21.36    0.00   29.65    0.00    0.00   23.12    0.00    0.00    0.00   25.88
18:51:14     all   20.97    0.00   23.02    0.00    0.00    5.12    0.00    0.00    0.00   50.90
18:51:15     all   88.75    0.00    2.50    0.25    0.00    5.25    0.00    0.00    0.00    3.25
18:51:16     all   85.04    0.00    5.49    0.00    0.00    7.48    0.00    0.00    0.00    2.00
18:51:17     all   21.12    0.00   26.72    0.00    0.00   23.16    0.00    0.00    0.00   29.01
18:51:18     all   21.11    0.00   28.64    0.00    0.00   24.62    0.00    0.00    0.00   25.63
18:51:19     all   18.93    0.00   27.11    0.00    0.00    8.70    0.00    0.00    0.00   45.27
18:51:20     all   76.62    0.00    6.22    0.00    0.00    3.98    0.00    0.00    0.00   13.18
18:51:21     all   91.46    0.00    4.02    0.00    0.00    4.52    0.00    0.00    0.00    0.00
18:51:22     all   23.72    0.00   24.23    0.00    0.00   25.26    0.00    0.00    0.00   26.79
18:51:23     all   21.77    0.00   27.09    0.00    0.00   23.54    0.00    0.00    0.00   27.59
18:51:24     all   21.07    0.00   28.17    0.00    0.00   11.93    0.00    0.00    0.00   38.83
18:51:25     all   67.75    0.00    7.00    0.00    0.00    4.25    0.00    0.00    0.00   21.00
18:51:26     all   92.25    0.00    3.00    0.00    0.00    4.75    0.00    0.00    0.00    0.00
18:51:27     all   36.34    0.00   19.30    0.00    0.00   22.81    0.00    0.00    0.00   21.55
18:51:28     all   21.57    0.00   27.41    0.00    0.00   22.08    0.00    0.00    0.00   28.93
18:51:29     all   21.63    0.00   26.72    0.00    0.00   15.52    0.00    0.00    0.00   36.13
18:51:30     all   53.87    0.00   11.47    0.00    0.00    4.99    0.00    0.00    0.00   29.68
18:51:31     all   91.98    0.00    3.76    0.00    0.00    4.26    0.00    0.00    0.00    0.00
18:51:32     all   44.81    0.00   19.24    0.00    0.00   18.23    0.00    0.00    0.00   17.72
18:51:33     all   22.44    0.00   27.43    0.00    0.00   23.44    0.00    0.00    0.00   26.68
18:51:34     all   21.39    0.00   28.11    0.00    0.00   16.17    0.00    0.00    0.00   34.33
18:51:35     all   51.26    0.00   12.63    0.00    0.00    4.55    0.00    0.00    0.00   31.57
18:51:36     all   92.77    0.00    3.49    0.00    0.00    3.74    0.00    0.00    0.00    0.00
18:51:37     all   47.21    0.00   17.77    0.00    0.00   18.27    0.00    0.00    0.00   16.75
18:51:38     all   22.92    0.00   25.94    0.25    0.00   23.17    0.00    0.00    0.00   27.71
18:51:39     all   21.77    0.00   27.34    0.00    0.00   17.47    0.00    0.00    0.00   33.42
18:51:40     all   43.58    0.00   15.11    0.00    0.00    4.53    0.00    0.00    0.00   36.78
18:51:41     all   22.73    0.00   23.23    0.00    0.00   17.42    0.00    0.00    0.00   36.62
18:51:42     all    3.25    0.00    4.75    0.00    0.00    0.75    0.00    0.00    0.00   91.25
18:51:43     all    0.00    0.00    0.00    0.25    0.00    0.00    0.00    0.00    0.00   99.75
18:51:44     all    0.25    0.00    0.00    0.00    0.00    0.00    0.00    0.00    0.00   99.75
18:51:45     all   29.83    0.00    0.24    0.00    0.00    0.24    0.00    0.00    0.00   69.68
18:51:46     all   99.26    0.00    0.74    0.00    0.00    0.00    0.00    0.00    0.00    0.00
18:51:47     all   35.79    0.00   19.80    0.00    0.00   22.34    0.00    0.00    0.00   22.08
18:51:48     all   21.61    0.00   28.89    0.00    0.00   26.38    0.00    0.00    0.00   23.12
18:51:49     all   27.20    0.00   21.41    0.00    0.00    4.03    0.00    0.00    0.00   47.36
18:51:50     all   94.01    0.00    2.49    0.00    0.00    3.49    0.00    0.00    0.00    0.00
18:51:51     all   67.75    0.00   11.00    0.00    0.00   13.00    0.00    0.00    0.00    8.25
18:51:52     all   21.66    0.00   27.96    0.00    0.00   24.69    0.00    0.00    0.00   25.69
18:51:53     all   21.99    0.00   27.88    0.00    0.00   20.72    0.00    0.00    0.00   29.41
18:51:54     all   18.09    0.00   21.36    0.00    0.00    4.02    0.00    0.00    0.00   56.53
18:51:55     all   62.22    0.00    2.27    0.00    0.00    3.53    0.00    0.00    0.00   31.99
18:51:56     all   90.30    0.00    4.23    0.00    0.00    5.22    0.00    0.00    0.00    0.25
18:51:57     all   32.75    0.00   22.75    0.00    0.00   23.25    0.00    0.00    0.00   21.25
18:51:58     all   20.20    0.00   29.18    0.00    0.00   23.19    0.00    0.00    0.00   27.43
18:51:59     all   21.25    0.00   26.50    0.00    0.00   15.00    0.00    0.00    0.00   37.25
18:52:00     all   57.47    0.00    9.87    0.00    0.00    5.06    0.00    0.00    0.00   27.59
18:52:01     all   93.75    0.00    2.50    0.00    0.00    3.75    0.00    0.00    0.00    0.00
18:52:02     all   41.40    0.00   19.45    0.00    0.00   18.95    0.00    0.00    0.00   20.20
18:52:03     all   22.17    0.00   27.71    0.00    0.00   23.68    0.00    0.00    0.00   26.45
18:52:04     all   21.57    0.00   27.92    0.00    0.00   15.74    0.00    0.00    0.00   34.77
18:52:05     all   52.51    0.00   11.81    0.00    0.00    5.28    0.00    0.00    0.00   30.40
18:52:06     all   93.75    0.00    2.75    0.00    0.00    3.50    0.00    0.00    0.00    0.00
18:52:07     all   49.12    0.00   16.88    0.00    0.00   17.38    0.00    0.00    0.00   16.62
18:52:08     all   20.76    0.00   28.61    0.00    0.00   23.54    0.00    0.00    0.00   27.09
18:52:09     all   22.51    0.00   27.11    0.00    0.00   17.39    0.00    0.00    0.00   32.99
18:52:10     all   48.76    0.00   14.18    0.00    0.00    4.23    0.00    0.00    0.00   32.84
18:52:11     all   91.46    0.00    3.52    0.00    0.00    5.03    0.00    0.00    0.00    0.00
18:52:12     all   52.39    0.00   15.37    0.00    0.00   17.38    0.00    0.00    0.00   14.86
18:52:13     all   21.59    0.00   29.28    0.00    0.00   21.84    0.00    0.00    0.00   27.30
18:52:14     all   22.90    0.00   25.95    0.00    0.00   18.83    0.00    0.00    0.00   32.32
18:52:15     all   42.93    0.00   16.16    0.00    0.00    4.29    0.00    0.00    0.00   36.62
18:52:16     all   94.54    0.00    1.99    0.00    0.00    3.47    0.00    0.00    0.00    0.00
18:52:17     all   54.55    0.00   13.89    0.00    0.00   17.17    0.00    0.00    0.00   14.39
18:52:18     all   21.00    0.00   28.50    0.00    0.00   23.25    0.00    0.00    0.00   27.25
18:52:19     all   22.19    0.00   27.04    0.00    0.00   21.43    0.00    0.00    0.00   29.34
18:52:20     all   35.82    0.00   17.91    0.00    0.00    4.98    0.00    0.00    0.00   41.29
18:52:21     all   93.72    0.00    2.51    0.00    0.00    3.77    0.00    0.00    0.00    0.00
18:52:22     all   62.56    0.00   12.81    0.00    0.00   14.82    0.00    0.00    0.00    9.80
18:52:23     all   21.00    0.00   29.00    0.25    0.00   22.50    0.00    0.00    0.00   27.25
18:52:24     all   22.22    0.00   28.03    0.00    0.00   20.96    0.00    0.00    0.00   28.79
18:52:25     all   32.66    0.00   18.59    0.00    0.00    5.28    0.00    0.00    0.00   43.47
18:52:26     all   94.47    0.00    2.76    0.00    0.00    2.76    0.00    0.00    0.00    0.00
18:52:27     all   65.66    0.00   10.61    0.00    0.00   14.90    0.00    0.00    0.00    8.84
18:52:28     all   21.78    0.00   28.22    0.00    0.00   25.25    0.00    0.00    0.00   24.75
18:52:29     all   21.52    0.00   29.37    0.00    0.00   20.00    0.00    0.00    0.00   29.11
18:52:30     all   23.29    0.00   23.29    0.00    0.00    6.33    0.00    0.00    0.00   47.09
18:52:31     all   91.44    0.00    3.67    0.00    0.00    4.65    0.00    0.00    0.00    0.24
18:52:32     all   68.02    0.00   10.15    0.00    0.00   12.18    0.00    0.00    0.00    9.64
18:52:33     all   19.70    0.00   29.29    0.00    0.00   24.49    0.00    0.00    0.00   26.52
18:52:34     all   21.91    0.00   27.20    0.00    0.00   21.41    0.00    0.00    0.00   29.47
18:52:35     all   23.56    0.00   15.79    0.00    0.00    2.01    0.00    0.00    0.00   58.65
18:52:36     all   68.42    0.00    6.52    0.00    0.00    7.52    0.00    0.00    0.00   17.54
18:52:37     all   91.50    0.00    3.25    0.00    0.00    5.00    0.00    0.00    0.00    0.25
18:52:38     all   34.09    0.00   22.22    0.00    0.00   21.97    0.00    0.00    0.00   21.72
18:52:39     all   20.51    0.00   29.37    0.00    0.00   23.54    0.00    0.00    0.00   26.58
18:52:40     all   21.46    0.00   26.77    0.00    0.00   13.13    0.00    0.00    0.00   38.64
18:52:41     all   64.00    0.00    7.75    0.00    0.00    5.25    0.00    0.00    0.00   23.00
18:52:42     all   92.73    0.00    2.76    0.00    0.00    4.51    0.00    0.00    0.00    0.00
18:52:43     all   34.60    0.00   21.72    0.00    0.00   21.21    0.00    0.00    0.00   22.47
18:52:44     all   21.21    0.00   29.29    0.25    0.00   25.00    0.00    0.00    0.00   24.24
18:52:45     all   20.00    0.00   27.69    0.00    0.00   13.08    0.00    0.00    0.00   39.23
18:52:46     all   59.16    0.00    8.91    0.00    0.00    6.19    0.00    0.00    0.00   25.74
18:52:47     all   93.00    0.00    3.75    0.00    0.00    3.25    0.00    0.00    0.00    0.00
18:52:48     all   34.01    0.00   21.91    0.00    0.00   21.41    0.00    0.00    0.00   22.67
18:52:49     all   21.89    0.00   29.35    0.00    0.00   25.87    0.00    0.00    0.00   22.89
18:52:50     all   21.57    0.00   27.41    0.00    0.00   12.18    0.00    0.00    0.00   38.83
18:52:51     all   62.91    0.00   10.28    0.00    0.00    4.51    0.00    0.00    0.00   22.31
18:52:52     all   91.77    0.00    3.49    0.00    0.00    4.74    0.00    0.00    0.00    0.00
18:52:53     all   37.63    0.00   19.44    0.00    0.00   20.96    0.00    0.00    0.00   21.97
18:52:54     all   20.70    0.00   28.93    0.00    0.00   24.19    0.00    0.00    0.00   26.18
18:52:55     all   22.53    0.00   27.09    0.00    0.00   14.68    0.00    0.00    0.00   35.70
18:52:56     all   54.59    0.00   11.66    0.00    0.00    5.21    0.00    0.00    0.00   28.54
18:52:57     all   94.47    0.00    2.01    0.00    0.00    3.52    0.00    0.00    0.00    0.00
18:52:58     all   42.71    0.00   18.84    0.00    0.00   20.60    0.00    0.00    0.00   17.84
18:52:59     all   19.59    0.00   28.50    0.00    0.00   23.92    0.00    0.00    0.00   27.99
18:53:00     all   21.68    0.00   27.81    0.00    0.00   17.35    0.00    0.00    0.00   33.16
18:53:01     all   49.13    0.00   13.47    0.00    0.00    5.24    0.00    0.00    0.00   32.17
18:53:02     all   93.25    0.00    3.25    0.00    0.00    3.50    0.00    0.00    0.00    0.00
18:53:03     all   52.02    0.00   15.66    0.00    0.00   18.18    0.00    0.00    0.00   14.14
18:53:04     all   20.71    0.00   27.78    0.00    0.00   21.21    0.00    0.00    0.00   30.30
18:53:05     all   21.48    0.00   27.62    0.00    0.00   20.20    0.00    0.00    0.00   30.69
18:53:06     all   40.10    0.00   15.84    0.25    0.00    5.45    0.00    0.00    0.00   38.37
18:53:07     all   92.50    0.00    3.50    0.00    0.00    4.00    0.00    0.00    0.00    0.00
18:53:08     all   56.46    0.00   14.68    0.00    0.00   15.95    0.00    0.00    0.00   12.91
18:53:09     all   21.30    0.00   28.32    0.00    0.00   22.06    0.00    0.00    0.00   28.32
18:53:10     all   20.87    0.00   28.24    0.00    0.00   18.07    0.00    0.00    0.00   32.82
18:53:11     all   36.48    0.00   16.63    0.00    0.00    6.45    0.00    0.00    0.00   40.45
18:53:12     all   93.98    0.00    2.26    0.00    0.00    3.76    0.00    0.00    0.00    0.00
18:53:13     all   64.48    0.00   12.09    0.00    0.00   13.10    0.00    0.00    0.00   10.33
18:53:14     all   20.25    0.00   28.00    0.00    0.00   24.00    0.00    0.00    0.00   27.75
18:53:15     all   21.23    0.00   26.34    0.00    0.00   23.53    0.00    0.00    0.00   28.90
18:53:16     all   29.72    0.00   19.90    0.00    0.00    6.05    0.00    0.00    0.00   44.33
18:53:17     all   93.52    0.00    2.74    0.00    0.00    3.74    0.00    0.00    0.00    0.00
18:53:18     all   69.00    0.00   10.50    0.00    0.00   11.50    0.00    0.00    0.00    9.00
18:53:19     all   21.32    0.00   26.65    0.00    0.00   23.10    0.00    0.00    0.00   28.93
18:53:20     all   21.05    0.00   27.32    0.00    0.00   24.31    0.00    0.00    0.00   27.32
18:53:21     all   25.38    0.00   20.30    0.00    0.00    6.09    0.00    0.00    0.00   48.22
18:53:22     all   93.78    0.00    1.99    0.00    0.00    3.98    0.00    0.00    0.00    0.25
18:53:23     all   76.83    0.00    8.31    0.00    0.00    8.82    0.00    0.00    0.00    6.05
18:53:24     all   21.05    0.00   27.57    0.00    0.00   24.06    0.00    0.00    0.00   27.32
18:53:25     all   21.32    0.00   28.68    0.00    0.00   22.84    0.00    0.00    0.00   27.16
18:53:26     all   21.63    0.00   24.43    0.00    0.00    5.34    0.00    0.00    0.00   48.60
18:53:27     all   86.63    0.00    2.97    0.00    0.00    5.20    0.00    0.00    0.00    5.20
18:53:28     all   81.55    0.00    6.73    0.00    0.00    7.98    0.00    0.00    0.00    3.74
18:53:29     all   20.56    0.00   27.41    0.00    0.00   24.87    0.00    0.00    0.00   27.16
18:53:30     all   22.75    0.00   27.50    0.00    0.00   23.25    0.00    0.00    0.00   26.50
18:53:31     all   20.87    0.00   27.23    0.00    0.00    6.36    0.00    0.00    0.00   45.55
18:53:32     all   81.64    0.00    4.22    0.00    0.00    5.21    0.00    0.00    0.00    8.93
18:53:33     all   87.78    0.00    5.74    0.00    0.00    5.49    0.00    0.00    0.00    1.00
18:53:34     all   22.73    0.00   25.76    0.00    0.00   25.00    0.00    0.00    0.00   26.52
18:53:35     all   21.75    0.00   28.50    0.25    0.00   23.25    0.00    0.00    0.00   26.25
18:53:36     all   21.27    0.00   25.32    0.00    0.00    8.86    0.00    0.00    0.00   44.56
18:53:37     all   74.75    0.00    5.50    0.00    0.00    5.50    0.00    0.00    0.00   14.25
18:53:38     all   92.23    0.00    3.51    0.00    0.00    4.26    0.00    0.00    0.00    0.00
18:53:39     all   28.72    0.00   23.59    0.00    0.00   21.28    0.00    0.00    0.00   26.41
18:53:40     all   22.28    0.00   28.10    0.00    0.00   23.80    0.00    0.00    0.00   25.82
18:53:41     all   20.41    0.00   25.51    0.00    0.00   12.76    0.00    0.00    0.00   41.33
18:53:42     all   67.66    0.00    8.96    0.00    0.00    3.73    0.00    0.00    0.00   19.65
18:53:43     all   90.80    0.00    3.73    0.00    0.00    5.22    0.00    0.00    0.00    0.25
18:53:44     all   32.66    0.00   23.87    0.00    0.00   21.11    0.00    0.00    0.00   22.36
18:53:45     all   20.50    0.00   30.00    0.50    0.00   23.75    0.00    0.00    0.00   25.25
18:53:46     all   20.81    0.00   27.66    0.00    0.00   13.20    0.00    0.00    0.00   38.32
18:53:47     all   61.40    0.00    9.52    0.00    0.00    4.26    0.00    0.00    0.00   24.81
18:53:48     all   91.73    0.00    2.76    0.00    0.00    5.26    0.00    0.00    0.00    0.25
18:53:49     all   41.41    0.00   19.70    0.00    0.00   19.95    0.00    0.00    0.00   18.94
18:53:50     all   21.97    0.00   27.78    0.00    0.00   22.73    0.00    0.00    0.00   27.53
18:53:51     all   20.10    0.00   29.15    0.00    0.00   13.82    0.00    0.00    0.00   36.93
18:53:52     all   57.89    0.00   11.03    0.00    0.00    4.51    0.00    0.00    0.00   26.57
18:53:53     all   93.23    0.00    3.01    0.00    0.00    3.76    0.00    0.00    0.00    0.00
18:53:54     all   43.25    0.00   19.25    0.00    0.00   19.75    0.00    0.00    0.00   17.75
18:53:55     all   22.39    0.00   27.48    0.00    0.00   21.12    0.00    0.00    0.00   29.01
18:53:56     all   20.41    0.00   26.53    0.00    0.00   18.62    0.00    0.00    0.00   34.44
18:53:57     all   42.32    0.00   15.87    0.00    0.00    6.05    0.00    0.00    0.00   35.77
18:53:58     all   93.02    0.00    2.74    0.00    0.00    4.24    0.00    0.00    0.00    0.00
18:53:59     all   57.47    0.00   14.18    0.00    0.00   15.70    0.00    0.00    0.00   12.66
18:54:00     all   20.75    0.00   27.25    0.00    0.00   23.50    0.00    0.00    0.00   28.50
18:54:01     all   21.30    0.00   27.07    0.00    0.00   20.30    0.00    0.00    0.00   31.33
18:54:02     all   35.64    0.00   18.32    0.00    0.00    5.45    0.00    0.00    0.00   40.59
18:54:03     all   92.75    0.00    2.50    0.00    0.00    4.50    0.00    0.00    0.00    0.25
18:54:04     all   65.00    0.00   12.25    0.00    0.00   13.25    0.00    0.00    0.00    9.50
18:54:05     all   22.37    0.00   26.74    0.00    0.00   23.39    0.00    0.00    0.00   27.51
18:54:06     all   21.77    0.00   25.82    0.00    0.00   19.24    0.00    0.00    0.00   33.16
18:54:07     all   32.83    0.00   18.94    0.00    0.00    6.31    0.00    0.00    0.00   41.92
18:54:08     all   93.27    0.00    2.99    0.00    0.00    3.49    0.00    0.00    0.00    0.25
18:54:09     all   68.10    0.00   10.38    0.00    0.00   13.16    0.00    0.00    0.00    8.35
18:54:10     all   21.91    0.00   27.46    0.00    0.00   22.42    0.00    0.00    0.00   28.21
18:54:11     all   21.95    0.00   27.93    0.00    0.00   20.20    0.00    0.00    0.00   29.93
18:54:12     all   25.51    0.00   20.20    0.25    0.00    6.82    0.00    0.00    0.00   47.22
18:54:13     all   93.28    0.00    2.74    0.00    0.00    3.98    0.00    0.00    0.00    0.00
18:54:14     all   76.00    0.00    7.50    0.00    0.00   10.00    0.00    0.00    0.00    6.50
18:54:15     all   21.43    0.00   26.79    0.00    0.00   23.21    0.00    0.00    0.00   28.57
18:54:16     all   21.32    0.00   26.40    0.00    0.00   23.60    0.00    0.00    0.00   28.68
18:54:17     all   21.83    0.00   21.57    0.00    0.00    7.36    0.00    0.00    0.00   49.24
18:54:18     all   89.85    0.00    2.23    0.00    0.00    5.94    0.00    0.00    0.00    1.98
18:54:19     all   81.00    0.00    5.75    0.00    0.00    8.50    0.00    0.00    0.00    4.75
18:54:20     all   21.16    0.00   27.20    0.00    0.00   23.68    0.00    0.00    0.00   27.96
18:54:21     all   20.72    0.00   27.88    0.00    0.00   20.72    0.00    0.00    0.00   30.69
18:54:22     all   21.94    0.00   24.23    0.00    0.00    9.18    0.00    0.00    0.00   44.64
18:54:23     all   83.58    0.00    2.49    0.00    0.00    4.73    0.00    0.00    0.00    9.20
18:54:24     all   85.96    0.00    5.26    0.00    0.00    6.52    0.00    0.00    0.00    2.26
18:54:25     all   21.14    0.00   26.62    0.00    0.00   25.12    0.00    0.00    0.00   27.11
18:54:26     all   20.85    0.00   28.14    0.00    0.00   22.36    0.00    0.00    0.00   28.64
18:54:27     all   19.80    0.00   24.87    0.00    0.00    9.90    0.00    0.00    0.00   45.43
18:54:28     all   80.45    0.00    5.26    0.00    0.00    4.26    0.00    0.00    0.00   10.03
18:54:29     all   87.56    0.00    4.48    0.00    0.00    7.46    0.00    0.00    0.00    0.50
18:54:30     all   23.99    0.00   24.75    0.00    0.00   23.74    0.00    0.00    0.00   27.53
18:54:31     all   21.28    0.00   27.69    0.00    0.00   20.26    0.00    0.00    0.00   30.77
18:54:32     all   21.27    0.00   25.57    0.00    0.00    9.37    0.00    0.00    0.00   43.80
18:54:33     all   80.45    0.00    4.26    0.25    0.00    4.51    0.00    0.00    0.00   10.53
18:54:34     all   89.50    0.00    4.25    0.00    0.00    6.25    0.00    0.00    0.00    0.00
18:54:35     all   23.50    0.00   24.50    0.00    0.00   23.00    0.00    0.00    0.00   29.00
18:54:36     all   20.81    0.00   27.66    0.00    0.00   24.62    0.00    0.00    0.00   26.90
18:54:37     all   20.96    0.00   26.52    0.00    0.00    8.84    0.00    0.00    0.00   43.69
18:54:38     all   75.76    0.00    6.57    0.00    0.00    5.05    0.00    0.00    0.00   12.63
18:54:39     all   89.53    0.00    4.49    0.00    0.00    5.74    0.00    0.00    0.00    0.25
18:54:40     all   26.70    0.00   24.69    0.00    0.00   23.43    0.00    0.00    0.00   25.19
18:54:41     all   20.90    0.00   27.61    0.00    0.00   23.63    0.00    0.00    0.00   27.86
Average:     all   44.72    0.00   17.14    0.01    0.00   12.79    0.00    0.00    0.00   25.33
