Linux 6.8.0-1064-azure (csb-bench-host-azure) 	08/15/26 	_x86_64_	(4 CPU)

20:14:29     CPU    %usr   %nice    %sys %iowait    %irq   %soft  %steal  %guest  %gnice   %idle
20:14:30     all    9.32    0.00    3.78    0.00    0.00    0.00    0.00    0.00    0.00   86.90
20:14:31     all    3.80    0.00    2.78    0.00    0.00    0.51    0.00    0.00    0.00   92.91
20:14:32     all   53.02    0.00    9.30    0.00    0.00    5.78    0.00    0.00    0.00   31.91
20:14:33     all   35.95    0.00   24.05    0.00    0.00   16.20    0.00    0.00    0.00   23.80
20:14:34     all   36.09    0.00   24.56    0.00    0.00   16.04    0.00    0.00    0.00   23.31
20:14:35     all   35.95    0.00   18.99    0.25    0.00   16.71    0.00    0.00    0.00   28.10
20:14:36     all   37.02    0.00   20.57    0.00    0.00   14.91    0.00    0.00    0.00   27.51
20:14:37     all   36.29    0.00   20.81    0.00    0.00   15.74    0.00    0.00    0.00   27.16
20:14:38     all   35.62    0.00   19.34    0.00    0.00   15.78    0.00    0.00    0.00   29.26
20:14:39     all   36.50    0.00   21.75    0.00    0.00   16.00    0.00    0.00    0.00   25.75
20:14:40     all   36.41    0.00   18.97    0.00    0.00   15.90    0.00    0.00    0.00   28.72
20:14:41     all   36.86    0.00   20.10    0.00    0.00   16.49    0.00    0.00    0.00   26.55
20:14:42     all   36.11    0.00   20.20    0.00    0.00   16.16    0.00    0.00    0.00   27.53
20:14:43     all   36.20    0.00   21.77    0.00    0.00   15.19    0.00    0.00    0.00   26.84
20:14:44     all   36.25    0.00   21.59    0.00    0.00   14.91    0.00    0.00    0.00   27.25
20:14:45     all   35.81    0.00   20.46    0.00    0.00   15.60    0.00    0.00    0.00   28.13
20:14:46     all   34.02    0.00   21.74    0.00    0.00   14.07    0.00    0.00    0.00   30.18
20:14:47     all   29.52    0.00   11.45    0.00    0.00    9.41    0.00    0.00    0.00   49.62
20:14:48     all   36.43    0.00   21.61    0.00    0.00   15.33    0.00    0.00    0.00   26.63
20:14:49     all   36.99    0.00   20.41    0.00    0.00   15.56    0.00    0.00    0.00   27.04
20:14:50     all   36.71    0.00   21.01    0.00    0.00   16.71    0.00    0.00    0.00   25.57
20:14:51     all   35.88    0.00   20.87    0.00    0.00   16.28    0.00    0.00    0.00   26.97
20:14:52     all   36.83    0.00   20.72    0.00    0.00   14.83    0.00    0.00    0.00   27.62
20:14:53     all   36.80    0.00   20.56    0.00    0.00   15.23    0.00    0.00    0.00   27.41
20:14:54     all   36.96    0.00   20.25    0.00    0.00   15.19    0.00    0.00    0.00   27.59
20:14:55     all   35.95    0.00   21.52    0.00    0.00   15.44    0.00    0.00    0.00   27.09
20:14:56     all   36.80    0.00   20.30    0.00    0.00   15.74    0.00    0.00    0.00   27.16
20:14:57     all   36.22    0.00   21.43    0.00    0.00   14.80    0.00    0.00    0.00   27.55
20:14:58     all   36.71    0.00   20.76    0.25    0.00   14.94    0.00    0.00    0.00   27.34
20:14:59     all   37.47    0.00   19.24    0.00    0.00   15.95    0.00    0.00    0.00   27.34
20:15:00     all   36.95    0.00   19.38    0.00    0.00   13.44    0.00    0.00    0.00   30.23
20:15:01     all   38.29    0.00   17.13    0.50    0.00   15.87    0.00    0.00    0.00   28.21
20:15:02     all   36.27    0.00   19.90    0.00    0.00   15.62    0.00    0.00    0.00   28.21
20:15:03     all   40.76    0.00   18.48    0.00    0.00   15.19    0.00    0.00    0.00   25.57
20:15:04     all   38.42    0.00   19.08    0.00    0.00   16.54    0.00    0.00    0.00   25.95
20:15:05     all   39.90    0.00   18.67    0.00    0.00   15.35    0.00    0.00    0.00   26.09
20:15:06     all   37.28    0.00   20.40    0.00    0.00   16.12    0.00    0.00    0.00   26.20
20:15:07     all   36.80    0.00   21.07    0.00    0.00   14.97    0.00    0.00    0.00   27.16
20:15:08     all   36.68    0.00   21.36    0.00    0.00   13.82    0.00    0.00    0.00   28.14
20:15:09     all   37.15    0.00   19.34    0.00    0.00   15.52    0.00    0.00    0.00   27.99
20:15:10     all   32.05    0.00   21.28    0.00    0.00   16.92    0.00    0.00    0.00   29.74
20:15:11     all    9.20    0.00    8.46    0.00    0.00    3.98    0.00    0.00    0.00   78.36
20:15:12     all    0.00    0.00    0.00    0.25    0.00    0.00    0.00    0.00    0.00   99.75
20:15:13     all    0.00    0.00    0.00    0.00    0.00    0.00    0.00    0.00    0.00  100.00
20:15:14     all    0.00    0.00    0.00    0.00    0.00    0.00    0.00    0.00    0.00  100.00
20:15:15     all   15.48    0.00    2.28    0.00    0.00    4.06    0.00    0.00    0.00   78.17
20:15:16     all   22.34    0.00   13.20    0.00    0.00   10.15    0.00    0.00    0.00   54.31
20:15:17     all   36.22    0.00   16.07    0.00    0.00   14.54    0.00    0.00    0.00   33.16
20:15:18     all   37.03    0.00   17.88    0.25    0.00   15.37    0.00    0.00    0.00   29.47
20:15:19     all   38.21    0.00   16.15    0.00    0.00   15.90    0.00    0.00    0.00   29.74
20:15:20     all   43.00    0.00   16.28    0.00    0.00   15.78    0.00    0.00    0.00   24.94
20:15:21     all   42.96    0.00   16.58    0.00    0.00   15.58    0.00    0.00    0.00   24.87
20:15:22     all   39.39    0.00   17.68    0.00    0.00   14.90    0.00    0.00    0.00   28.03
20:15:23     all   37.34    0.00   17.14    0.00    0.00   15.86    0.00    0.00    0.00   29.67
20:15:24     all   36.04    0.00   18.78    0.00    0.00   17.26    0.00    0.00    0.00   27.92
20:15:25     all   37.76    0.00   18.37    0.00    0.00   16.07    0.00    0.00    0.00   27.81
20:15:26     all   36.78    0.00   17.88    0.00    0.00   16.88    0.00    0.00    0.00   28.46
20:15:27     all   36.73    0.00   18.37    0.00    0.00   15.82    0.00    0.00    0.00   29.08
20:15:28     all   37.34    0.00   18.41    0.00    0.00   15.09    0.00    0.00    0.00   29.16
20:15:29     all   39.03    0.00   17.09    0.00    0.00   15.82    0.00    0.00    0.00   28.06
20:15:30     all   36.60    0.00   18.04    0.00    0.00   15.72    0.00    0.00    0.00   29.64
20:15:31     all   37.97    0.00   20.00    0.00    0.00   15.19    0.00    0.00    0.00   26.84
20:15:32     all   38.44    0.00   17.09    0.00    0.00   15.83    0.00    0.00    0.00   28.64
20:15:33     all   38.13    0.00   16.92    0.00    0.00   14.39    0.00    0.00    0.00   30.56
20:15:34     all   39.85    0.00   16.75    0.00    0.00   17.01    0.00    0.00    0.00   26.40
20:15:35     all   39.49    0.00   15.44    0.00    0.00   16.46    0.00    0.00    0.00   28.61
20:15:36     all   41.46    0.00   17.09    0.00    0.00   16.08    0.00    0.00    0.00   25.38
20:15:37     all   39.39    0.00   17.42    0.00    0.00   16.41    0.00    0.00    0.00   26.77
20:15:38     all   37.60    0.00   17.14    0.00    0.00   15.86    0.00    0.00    0.00   29.41
20:15:39     all   37.19    0.00   17.34    0.00    0.00   17.09    0.00    0.00    0.00   28.39
20:15:40     all   37.44    0.00   17.44    0.00    0.00   16.41    0.00    0.00    0.00   28.72
20:15:41     all   36.87    0.00   17.17    0.00    0.00   17.42    0.00    0.00    0.00   28.54
20:15:42     all   37.73    0.00   16.80    0.00    0.00   15.50    0.00    0.00    0.00   29.97
20:15:43     all   36.55    0.00   18.02    0.00    0.00   15.74    0.00    0.00    0.00   29.70
20:15:44     all   37.91    0.00   16.03    0.00    0.00   16.54    0.00    0.00    0.00   29.52
20:15:45     all   37.31    0.00   18.27    0.00    0.00   14.21    0.00    0.00    0.00   30.20
20:15:46     all   37.72    0.00   18.23    0.00    0.00   14.68    0.00    0.00    0.00   29.37
20:15:47     all   37.59    0.00   15.79    0.00    0.00   17.54    0.00    0.00    0.00   29.07
20:15:48     all   41.62    0.00   16.24    0.00    0.00   15.48    0.00    0.00    0.00   26.65
20:15:49     all   41.84    0.00   15.82    0.00    0.00   16.07    0.00    0.00    0.00   26.28
20:15:50     all   41.79    0.00   16.92    0.00    0.00   14.62    0.00    0.00    0.00   26.67
20:15:51     all   36.06    0.00   18.41    0.00    0.00   16.88    0.00    0.00    0.00   28.64
20:15:52     all   37.02    0.00   16.45    0.00    0.00   16.71    0.00    0.00    0.00   29.82
20:15:53     all   36.93    0.00   18.34    0.00    0.00   16.08    0.00    0.00    0.00   28.64
20:15:54     all   37.47    0.00   18.23    0.00    0.00   15.95    0.00    0.00    0.00   28.35
20:15:55     all   35.14    0.00   17.83    0.00    0.00   15.76    0.00    0.00    0.00   31.27
20:15:56     all   28.54    0.00    9.34    0.00    0.00    9.34    0.00    0.00    0.00   52.78
20:15:57     all   18.84    0.00   12.06    0.00    0.00   10.05    0.00    0.00    0.00   59.05
20:15:58     all   42.56    0.00   14.87    0.00    0.00   15.13    0.00    0.00    0.00   27.44
20:15:59     all   40.55    0.00   17.88    0.00    0.00   15.62    0.00    0.00    0.00   25.94
20:16:00     all   40.41    0.00   17.90    0.00    0.00   15.09    0.00    0.00    0.00   26.60
20:16:01     all   36.93    0.00   17.34    0.00    0.00   16.58    0.00    0.00    0.00   29.15
20:16:02     all   37.50    0.00   17.60    0.00    0.00   15.82    0.00    0.00    0.00   29.08
20:16:03     all   36.99    0.00   18.37    0.00    0.00   17.35    0.00    0.00    0.00   27.30
20:16:04     all   37.59    0.00   17.04    0.00    0.00   16.29    0.00    0.00    0.00   29.07
20:16:05     all   36.60    0.00   18.04    0.00    0.00   15.46    0.00    0.00    0.00   29.90
20:16:06     all   37.44    0.00   17.59    0.00    0.00   15.83    0.00    0.00    0.00   29.15
20:16:07     all   38.72    0.00   17.44    0.00    0.00   15.13    0.00    0.00    0.00   28.72
20:16:08     all   36.52    0.00   19.14    0.00    0.00   16.37    0.00    0.00    0.00   27.96
20:16:09     all   36.99    0.00   18.11    0.26    0.00   14.80    0.00    0.00    0.00   29.85
20:16:10     all   36.36    0.00   16.16    0.00    0.00   17.42    0.00    0.00    0.00   30.05
20:16:11     all   43.43    0.00   16.92    0.00    0.00   14.90    0.00    0.00    0.00   24.75
20:16:12     all   39.69    0.00   18.32    0.00    0.00   16.54    0.00    0.00    0.00   25.45
20:16:13     all   40.61    0.00   17.26    0.00    0.00   14.72    0.00    0.00    0.00   27.41
20:16:14     all   37.22    0.00   16.46    0.00    0.00   17.22    0.00    0.00    0.00   29.11
20:16:15     all   37.50    0.00   16.84    0.00    0.00   16.33    0.00    0.00    0.00   29.34
20:16:16     all   38.83    0.00   17.77    0.00    0.00   14.47    0.00    0.00    0.00   28.93
20:16:17     all   38.01    0.00   16.84    0.00    0.00   16.58    0.00    0.00    0.00   28.57
20:16:18     all   25.45    0.00   17.99    0.00    0.00   15.42    0.00    0.00    0.00   41.13
20:16:19     all    0.00    0.00    0.00    0.00    0.00    0.00    0.00    0.00    0.00  100.00
20:16:20     all    0.00    0.00    0.00    0.50    0.00    0.00    0.00    0.00    0.00   99.50
20:16:21     all    0.00    0.00    0.25    0.00    0.00    0.00    0.00    0.00    0.00   99.75
20:16:22     all    0.25    0.00    0.00    0.00    0.00    0.00    0.00    0.00    0.00   99.75
20:16:23     all   31.57    0.00    5.05    0.00    0.00    6.82    0.00    0.00    0.00   56.57
20:16:24     all   40.70    0.00   17.34    0.00    0.00   15.83    0.00    0.00    0.00   26.13
20:16:25     all   38.27    0.00   16.84    0.00    0.00   16.07    0.00    0.00    0.00   28.83
20:16:26     all   37.89    0.00   17.01    0.00    0.00   15.46    0.00    0.00    0.00   29.64
20:16:27     all   36.73    0.00   17.09    0.00    0.00   16.33    0.00    0.00    0.00   29.85
20:16:28     all   37.40    0.00   19.34    0.00    0.00   16.03    0.00    0.00    0.00   27.23
20:16:29     all   37.08    0.00   17.14    0.00    0.00   16.37    0.00    0.00    0.00   29.41
20:16:30     all   38.68    0.00   17.05    0.00    0.00   15.01    0.00    0.00    0.00   29.26
20:16:31     all   36.13    0.00   20.61    0.00    0.00   15.52    0.00    0.00    0.00   27.74
20:16:32     all   36.20    0.00   19.49    0.00    0.00   16.46    0.00    0.00    0.00   27.85
20:16:33     all   36.80    0.00   19.54    0.00    0.00   14.21    0.00    0.00    0.00   29.44
20:16:34     all   39.10    0.00   17.54    0.00    0.00   16.79    0.00    0.00    0.00   26.57
20:16:35     all   41.33    0.00   17.35    0.00    0.00   15.31    0.00    0.00    0.00   26.02
20:16:36     all   16.41    0.00   13.13    0.00    0.00    9.34    0.00    0.00    0.00   61.11
20:16:37     all    0.00    0.00    0.00    0.00    0.00    0.00    0.00    0.00    0.00  100.00
20:16:38     all    0.00    0.00    0.00    0.00    0.00    0.00    0.00    0.00    0.00  100.00
20:16:39     all    0.25    0.00    0.00    0.00    0.00    0.00    0.00    0.00    0.00   99.75
20:16:40     all    4.24    0.00    0.50    0.25    0.00    0.00    0.00    0.00    0.00   95.01
20:16:41     all   36.06    0.00   16.11    0.00    0.00   15.35    0.00    0.00    0.00   32.48
20:16:42     all   38.11    0.00   18.67    0.00    0.00   14.83    0.00    0.00    0.00   28.39
20:16:43     all   36.64    0.00   15.78    0.00    0.00   16.54    0.00    0.00    0.00   31.04
20:16:44     all   41.21    0.00   16.83    0.00    0.00   16.08    0.00    0.00    0.00   25.88
20:16:45     all   41.73    0.00   17.05    0.00    0.00   16.03    0.00    0.00    0.00   25.19
20:16:46     all   40.86    0.00   16.24    0.00    0.00   16.75    0.00    0.00    0.00   26.14
20:16:47     all   37.66    0.00   18.07    0.00    0.00   15.78    0.00    0.00    0.00   28.50
20:16:48     all   36.83    0.00   17.90    0.00    0.00   16.62    0.00    0.00    0.00   28.64
20:16:49     all   38.01    0.00   16.84    0.00    0.00   16.58    0.00    0.00    0.00   28.57
20:16:50     all   36.99    0.00   19.39    0.00    0.00   15.82    0.00    0.00    0.00   27.81
20:16:51     all   37.53    0.00   17.63    0.00    0.00   15.37    0.00    0.00    0.00   29.47
20:16:52     all   37.72    0.00   18.23    0.00    0.00   16.20    0.00    0.00    0.00   27.85
20:16:53     all   36.99    0.00   18.88    0.00    0.00   16.33    0.00    0.00    0.00   27.81
20:16:54     all   39.14    0.00   16.92    0.00    0.00   14.90    0.00    0.00    0.00   29.04
20:16:55     all   38.13    0.00   16.67    0.00    0.00   16.16    0.00    0.00    0.00   29.04
20:16:56     all   36.64    0.00   17.05    0.25    0.00   14.25    0.00    0.00    0.00   31.81
20:16:57     all   38.00    0.00   15.50    0.00    0.00   17.00    0.00    0.00    0.00   29.50
20:16:58     all   42.05    0.00   15.90    0.00    0.00   15.64    0.00    0.00    0.00   26.41
20:16:59     all   40.25    0.00   14.68    0.00    0.00   15.70    0.00    0.00    0.00   29.37
20:17:00     all   21.07    0.00   13.20    0.00    0.00   10.66    0.00    0.00    0.00   55.08
20:17:01     all   39.19    0.00   14.50    0.00    0.00   15.52    0.00    0.00    0.00   30.79
20:17:02     all   43.80    0.00   15.44    0.00    0.00   15.70    0.00    0.00    0.00   25.06
20:17:03     all   39.54    0.00   16.33    0.00    0.00   16.07    0.00    0.00    0.00   28.06
20:17:04     all   17.31    0.00   12.92    0.00    0.00    8.79    0.00    0.00    0.00   60.98
20:17:05     all   36.36    0.00   16.16    0.00    0.00   17.17    0.00    0.00    0.00   30.30
20:17:06     all   40.21    0.00   16.49    0.00    0.00   15.21    0.00    0.00    0.00   28.09
20:17:07     all   39.95    0.00   15.52    0.00    0.00   14.76    0.00    0.00    0.00   29.77
20:17:08     all   41.12    0.00   16.75    0.00    0.00   15.74    0.00    0.00    0.00   26.40
20:17:09     all   38.79    0.00   17.13    0.00    0.00   17.13    0.00    0.00    0.00   26.95
20:17:10     all   39.64    0.00   17.65    0.00    0.00   14.83    0.00    0.00    0.00   27.88
20:17:11     all   34.01    0.00   18.78    0.00    0.00   16.50    0.00    0.00    0.00   30.71
20:17:12     all   20.10    0.00   14.32    0.00    0.00   10.80    0.00    0.00    0.00   54.77
20:17:13     all   41.71    0.00   15.83    0.00    0.00   16.83    0.00    0.00    0.00   25.63
20:17:14     all   42.13    0.00   16.50    0.00    0.00   15.23    0.00    0.00    0.00   26.14
20:17:15     all   37.82    0.00   17.01    0.00    0.00   16.50    0.00    0.00    0.00   28.68
20:17:16     all   36.73    0.00   17.35    0.00    0.00   17.09    0.00    0.00    0.00   28.83
20:17:17     all   37.44    0.00   17.69    0.00    0.00   15.90    0.00    0.00    0.00   28.97
20:17:18     all   37.03    0.00   17.88    0.00    0.00   16.88    0.00    0.00    0.00   28.21
20:17:19     all   36.01    0.00   17.88    0.00    0.00   16.58    0.00    0.00    0.00   29.53
20:17:20     all   36.96    0.00   18.48    0.00    0.00   15.44    0.00    0.00    0.00   29.11
20:17:21     all   37.85    0.00   17.14    0.00    0.00   15.86    0.00    0.00    0.00   29.16
20:17:22     all   37.11    0.00   17.53    0.00    0.00   14.95    0.00    0.00    0.00   30.41
20:17:23     all   37.41    0.00   17.96    0.00    0.00   15.71    0.00    0.00    0.00   28.93
20:17:24     all   32.91    0.00   16.46    0.00    0.00   14.18    0.00    0.00    0.00   36.46
20:17:25     all   32.23    0.00    9.90    0.00    0.00   12.94    0.00    0.00    0.00   44.92
20:17:26     all   37.89    0.00   16.49    0.00    0.00   15.98    0.00    0.00    0.00   29.64
20:17:27     all   38.50    0.00   17.25    0.00    0.00   15.75    0.00    0.00    0.00   28.50
20:17:28     all   35.70    0.00   16.71    0.00    0.00   16.71    0.00    0.00    0.00   30.89
20:17:29     all   37.69    0.00   16.41    0.00    0.00   15.64    0.00    0.00    0.00   30.26
20:17:30     all   42.53    0.00   14.43    0.00    0.00   15.70    0.00    0.00    0.00   27.34
20:17:31     all   41.98    0.00   16.28    0.00    0.00   15.27    0.00    0.00    0.00   26.46
20:17:32     all   40.15    0.00   13.55    0.00    0.00   15.35    0.00    0.00    0.00   30.95
20:17:33     all   38.93    0.00   16.28    0.00    0.00   15.27    0.00    0.00    0.00   29.52
20:17:34     all   36.62    0.00   17.68    0.00    0.00   16.67    0.00    0.00    0.00   29.04
20:17:35     all   38.38    0.00   16.16    0.00    0.00   16.41    0.00    0.00    0.00   29.04
20:17:36     all   35.99    0.00   15.42    0.00    0.00   15.42    0.00    0.00    0.00   33.16
20:17:37     all   37.09    0.00   17.79    0.00    0.00   16.29    0.00    0.00    0.00   28.82
20:17:38     all   37.03    0.00   16.88    0.00    0.00   16.37    0.00    0.00    0.00   29.72
20:17:39     all   36.78    0.00   17.88    0.00    0.00   16.62    0.00    0.00    0.00   28.72
20:17:40     all   37.76    0.00   16.33    0.00    0.00   14.29    0.00    0.00    0.00   31.63
20:17:41     all   36.13    0.00   17.05    0.25    0.00   15.27    0.00    0.00    0.00   31.30
20:17:42     all   42.36    0.00   16.29    0.00    0.00   17.54    0.00    0.00    0.00   23.81
20:17:43     all   41.65    0.00   16.20    0.00    0.00   16.45    0.00    0.00    0.00   25.71
20:17:44     all   39.20    0.00   17.09    0.00    0.00   16.58    0.00    0.00    0.00   27.14
20:17:45     all   36.27    0.00   18.39    0.00    0.00   16.62    0.00    0.00    0.00   28.72
20:17:46     all   36.86    0.00   17.27    0.00    0.00   16.75    0.00    0.00    0.00   29.12
20:17:47     all   36.96    0.00   18.73    0.00    0.00   15.44    0.00    0.00    0.00   28.86
20:17:48     all   37.22    0.00   19.24    0.00    0.00   15.95    0.00    0.00    0.00   27.59
20:17:49     all   36.73    0.00   19.13    0.00    0.00   15.82    0.00    0.00    0.00   28.32
20:17:50     all   37.02    0.00   17.48    0.00    0.00   15.17    0.00    0.00    0.00   30.33
20:17:51     all   37.66    0.00   18.07    0.00    0.00   15.27    0.00    0.00    0.00   29.01
20:17:52     all   37.12    0.00   18.69    0.00    0.00   16.16    0.00    0.00    0.00   28.03
20:17:53     all   36.48    0.00   16.58    0.00    0.00   15.05    0.00    0.00    0.00   31.89
20:17:54     all   39.44    0.00   16.28    0.00    0.00   17.30    0.00    0.00    0.00   26.97
20:17:55     all   41.90    0.00   15.68    0.00    0.00   14.40    0.00    0.00    0.00   28.02
20:17:56     all   41.46    0.00   16.83    0.00    0.00   16.33    0.00    0.00    0.00   25.38
20:17:57     all   40.82    0.00   16.58    0.00    0.00   16.58    0.00    0.00    0.00   26.02
20:17:58     all   37.28    0.00   16.62    0.00    0.00   15.62    0.00    0.00    0.00   30.48
20:17:59     all   37.95    0.00   17.18    0.00    0.00   16.15    0.00    0.00    0.00   28.72
20:18:00     all   37.53    0.00   16.71    0.00    0.00   16.97    0.00    0.00    0.00   28.79
20:18:01     all   37.22    0.00   17.72    0.00    0.00   15.70    0.00    0.00    0.00   29.37
20:18:02     all   37.79    0.00   16.97    0.00    0.00   15.17    0.00    0.00    0.00   30.08
20:18:03     all   38.40    0.00   16.49    0.26    0.00   15.46    0.00    0.00    0.00   29.38
20:18:04     all   38.01    0.00   16.33    0.00    0.00   15.82    0.00    0.00    0.00   29.85
20:18:05     all   36.90    0.00   18.32    0.00    0.00   15.01    0.00    0.00    0.00   29.77
20:18:06     all   39.75    0.00   15.70    0.00    0.00   16.46    0.00    0.00    0.00   28.10
20:18:07     all   27.39    0.00   14.32    0.00    0.00    9.80    0.00    0.00    0.00   48.49
20:18:08     all   34.18    0.00   15.31    0.26    0.00   14.29    0.00    0.00    0.00   35.97
20:18:09     all   37.69    0.00   18.46    0.00    0.00   15.13    0.00    0.00    0.00   28.72
20:18:10     all   38.07    0.00   15.99    0.00    0.00   16.75    0.00    0.00    0.00   29.19
20:18:11     all   40.41    0.00   16.11    0.00    0.00   15.86    0.00    0.00    0.00   27.62
20:18:12     all   41.06    0.00   17.63    0.00    0.00   15.87    0.00    0.00    0.00   25.44
20:18:13     all   41.37    0.00   15.99    0.00    0.00   15.48    0.00    0.00    0.00   27.16
20:18:14     all   37.79    0.00   16.71    0.00    0.00   16.45    0.00    0.00    0.00   29.05
20:18:15     all   34.85    0.00   19.44    0.00    0.00   15.91    0.00    0.00    0.00   29.80
20:18:16     all   27.20    0.00    8.82    0.00    0.00    9.57    0.00    0.00    0.00   54.41
20:18:17     all   41.07    0.00   16.07    0.00    0.00   14.80    0.00    0.00    0.00   28.06
20:18:18     all   36.48    0.00   18.62    0.00    0.00   17.60    0.00    0.00    0.00   27.30
20:18:19     all   36.68    0.00   18.34    0.00    0.00   16.33    0.00    0.00    0.00   28.64
20:18:20     all   36.80    0.00   18.02    0.00    0.00   17.26    0.00    0.00    0.00   27.92
20:18:21     all   36.69    0.00   17.05    0.00    0.00   16.02    0.00    0.00    0.00   30.23
20:18:22     all   37.88    0.00   17.42    0.00    0.00   15.15    0.00    0.00    0.00   29.55
20:18:23     all   37.31    0.00   17.51    0.00    0.00   15.74    0.00    0.00    0.00   29.44
20:18:24     all   37.63    0.00   18.69    0.00    0.00   15.15    0.00    0.00    0.00   28.54
20:18:25     all   36.48    0.00   19.39    0.00    0.00   15.31    0.00    0.00    0.00   28.83
20:18:26     all   39.29    0.00   16.88    0.00    0.00   16.37    0.00    0.00    0.00   27.46
20:18:27     all   42.49    0.00   16.28    0.00    0.00   15.01    0.00    0.00    0.00   26.21
20:18:28     all   40.97    0.00   16.03    0.00    0.00   16.03    0.00    0.00    0.00   26.97
20:18:29     all   37.73    0.00   17.57    0.00    0.00   14.99    0.00    0.00    0.00   29.72
20:18:30     all   37.59    0.00   18.30    0.00    0.00   15.54    0.00    0.00    0.00   28.57
20:18:31     all   36.86    0.00   18.04    0.00    0.00   15.98    0.00    0.00    0.00   29.12
20:18:32     all   36.95    0.00   17.31    0.00    0.00   16.28    0.00    0.00    0.00   29.46
20:18:33     all   37.82    0.00   16.75    0.00    0.00   15.99    0.00    0.00    0.00   29.44
20:18:34     all   38.68    0.00   15.52    0.00    0.00   16.54    0.00    0.00    0.00   29.26
20:18:35     all   37.47    0.00   17.47    0.00    0.00   15.70    0.00    0.00    0.00   29.37
20:18:36     all   39.29    0.00   15.37    0.00    0.00   15.37    0.00    0.00    0.00   29.97
20:18:37     all   38.11    0.00   17.14    0.26    0.00   14.83    0.00    0.00    0.00   29.67
20:18:38     all   40.10    0.00   13.96    0.00    0.00   16.50    0.00    0.00    0.00   29.44
20:18:39     all   41.94    0.00   14.07    0.00    0.00   15.35    0.00    0.00    0.00   28.64
20:18:40     all   40.97    0.00   15.27    0.00    0.00   15.78    0.00    0.00    0.00   27.99
20:18:41     all   39.13    0.00   15.86    0.26    0.00   14.83    0.00    0.00    0.00   29.92
20:18:42     all   37.63    0.00   17.93    0.00    0.00   15.66    0.00    0.00    0.00   28.79
20:18:43     all   37.06    0.00   17.77    0.25    0.00   14.72    0.00    0.00    0.00   30.20
20:18:44     all   37.76    0.00   16.84    0.00    0.00   16.58    0.00    0.00    0.00   28.83
20:18:45     all   38.29    0.00   16.12    0.25    0.00   15.62    0.00    0.00    0.00   29.72
20:18:46     all   37.63    0.00   15.91    0.00    0.00   16.92    0.00    0.00    0.00   29.55
20:18:47     all   39.13    0.00   16.11    0.00    0.00   15.86    0.00    0.00    0.00   28.90
20:18:48     all   35.53    0.00   15.74    0.00    0.00   16.24    0.00    0.00    0.00   32.49
20:18:49     all   24.87    0.00   11.28    0.00    0.00   10.51    0.00    0.00    0.00   53.33
20:18:50     all    4.99    0.00    2.00    0.00    0.00    1.00    0.00    0.00    0.00   92.02
20:18:51     all    1.50    0.00    0.25    0.00    0.00    0.00    0.00    0.00    0.00   98.25
20:18:52     all    1.25    0.00    0.00    0.00    0.00    0.00    0.00    0.00    0.00   98.75
20:18:53     all    1.50    0.00    0.00    0.00    0.00    0.00    0.00    0.00    0.00   98.50
20:18:54     all   28.03    0.00    3.28    0.00    0.00    6.31    0.00    0.00    0.00   62.37
20:18:55     all   38.36    0.00   15.09    0.26    0.00   16.62    0.00    0.00    0.00   29.67
20:18:56     all   36.78    0.00   17.38    0.00    0.00   16.62    0.00    0.00    0.00   29.22
20:18:57     all   35.03    0.00   19.29    0.00    0.00   16.50    0.00    0.00    0.00   29.19
20:18:58     all   24.87    0.00   11.81    0.25    0.00    8.04    0.00    0.00    0.00   55.03
20:18:59     all   41.79    0.00   16.67    0.00    0.00   15.38    0.00    0.00    0.00   26.15
20:19:00     all   16.45    0.00   13.62    0.00    0.00   11.05    0.00    0.00    0.00   58.87
20:19:01     all   40.61    0.00   15.99    0.00    0.00   15.74    0.00    0.00    0.00   27.66
20:19:02     all   28.61    0.00   15.44    0.00    0.00   10.89    0.00    0.00    0.00   45.06
20:19:03     all   35.97    0.00   14.29    0.00    0.00   13.78    0.00    0.00    0.00   35.97
20:19:04     all   36.90    0.00   17.05    0.00    0.00   16.54    0.00    0.00    0.00   29.52
20:19:05     all   40.00    0.00   15.44    0.00    0.00   16.20    0.00    0.00    0.00   28.35
20:19:06     all   43.43    0.00   16.67    0.00    0.00   15.15    0.00    0.00    0.00   24.75
20:19:07     all   42.24    0.00   16.79    0.00    0.00   15.27    0.00    0.00    0.00   25.70
20:19:08     all   37.60    0.00   17.65    0.00    0.00   15.60    0.00    0.00    0.00   29.16
20:19:09     all   36.80    0.00   18.53    0.00    0.00   16.75    0.00    0.00    0.00   27.92
20:19:10     all   36.80    0.00   18.53    0.00    0.00   16.75    0.00    0.00    0.00   27.92
20:19:11     all   36.90    0.00   18.07    0.00    0.00   16.79    0.00    0.00    0.00   28.24
20:19:12     all   37.34    0.00   17.14    0.00    0.00   15.86    0.00    0.00    0.00   29.67
20:19:13     all   37.37    0.00   16.67    0.00    0.00   15.15    0.00    0.00    0.00   30.81
20:19:14     all   36.92    0.00   17.18    0.00    0.00   16.67    0.00    0.00    0.00   29.23
20:19:15     all   37.40    0.00   17.81    0.00    0.00   15.27    0.00    0.00    0.00   29.52
20:19:16     all   37.15    0.00   17.05    0.00    0.00   15.78    0.00    0.00    0.00   30.03
20:19:17     all   38.78    0.00   17.35    0.00    0.00   15.56    0.00    0.00    0.00   28.32
20:19:18     all   22.08    0.00   13.20    0.00    0.00    9.90    0.00    0.00    0.00   54.82
20:19:19     all    0.00    0.00    0.25    0.00    0.00    0.00    0.00    0.00    0.00   99.75
20:19:20     all    0.00    0.00    0.00    0.00    0.00    0.00    0.00    0.00    0.00  100.00
20:19:21     all    0.00    0.00    0.00    0.00    0.00    0.00    0.00    0.00    0.00  100.00
20:19:22     all    2.51    0.00    0.00    0.00    0.00    0.00    0.00    0.00    0.00   97.49
20:19:23     all   34.53    0.00   13.55    0.00    0.00   13.04    0.00    0.00    0.00   38.87
20:19:24     all   38.58    0.00   15.99    0.00    0.00   17.01    0.00    0.00    0.00   28.43
20:19:25     all   36.55    0.00   18.78    0.00    0.00   16.75    0.00    0.00    0.00   27.92
20:19:26     all   38.72    0.00   15.38    0.00    0.00   15.64    0.00    0.00    0.00   30.26
20:19:27     all   41.69    0.00   15.09    0.00    0.00   17.39    0.00    0.00    0.00   25.83
20:19:28     all   15.78    0.00   10.69    0.00    0.00    7.38    0.00    0.00    0.00   66.16
20:19:29     all    0.00    0.00    0.00    0.00    0.00    0.00    0.00    0.00    0.00  100.00
20:19:30     all    0.00    0.00    0.00    0.25    0.00    0.00    0.00    0.00    0.00   99.75
20:19:31     all    0.25    0.00    1.25    0.25    0.00    0.25    0.00    0.00    0.00   98.00
20:19:32     all    7.02    0.00    0.00    0.00    0.00    0.00    0.00    0.00    0.00   92.98
20:19:33     all   35.62    0.00   16.79    0.00    0.00   14.25    0.00    0.00    0.00   33.33
20:19:34     all   23.91    0.00   12.34    0.00    0.00   10.54    0.00    0.00    0.00   53.21
20:19:35     all    2.26    0.00    2.26    0.00    0.00    0.75    0.00    0.00    0.00   94.74
20:19:36     all    0.25    0.00    0.00    0.25    0.00    0.00    0.00    0.00    0.00   99.50
20:19:37     all    0.00    0.00    0.00    0.00    0.00    0.00    0.00    0.00    0.00  100.00
20:19:38     all    0.00    0.00    0.00    0.00    0.00    0.00    0.00    0.00    0.00  100.00
20:19:39     all   24.37    0.00    3.52    0.00    0.00    5.53    0.00    0.00    0.00   66.58
20:19:40     all   38.01    0.00   17.35    0.00    0.00   16.07    0.00    0.00    0.00   28.57
20:19:41     all   15.13    0.00   12.56    0.00    0.00    7.95    0.00    0.00    0.00   64.36
20:19:42     all   39.44    0.00   16.54    0.25    0.00   16.28    0.00    0.00    0.00   27.48
20:19:43     all   40.51    0.00   18.21    0.00    0.00   15.64    0.00    0.00    0.00   25.64
20:19:44     all   26.34    0.00   13.81    0.00    0.00   10.49    0.00    0.00    0.00   49.36
20:19:45     all   35.86    0.00   15.40    0.00    0.00   15.66    0.00    0.00    0.00   33.08
20:19:46     all   19.54    0.00   12.44    0.00    0.00   10.41    0.00    0.00    0.00   57.61
20:19:47     all    0.00    0.00    0.00    0.00    0.00    0.00    0.00    0.00    0.00  100.00
20:19:48     all    0.00    0.00    0.00    0.50    0.00    0.00    0.00    0.00    0.00   99.50
20:19:49     all    0.25    0.00    0.00    0.00    0.00    0.00    0.00    0.00    0.00   99.75
20:19:50     all    0.00    0.00    0.00    0.00    0.00    0.00    0.00    0.00    0.00  100.00
20:19:51     all   37.50    0.00   12.76    0.00    0.00   15.05    0.00    0.00    0.00   34.69
20:19:52     all    6.05    0.00    4.53    0.00    0.00    1.51    0.00    0.00    0.00   87.91
20:19:53     all    0.00    0.00    0.00    0.00    0.00    0.00    0.00    0.00    0.00  100.00
20:19:54     all    0.00    0.00    0.00    0.00    0.00    0.00    0.00    0.00    0.00  100.00
20:19:55     all    0.00    0.00    0.00    0.00    0.00    0.00    0.00    0.00    0.00  100.00
20:19:56     all   22.47    0.00    3.03    0.00    0.00    4.80    0.00    0.00    0.00   69.70
20:19:57     all   38.48    0.00   15.95    0.00    0.00   16.96    0.00    0.00    0.00   28.61
20:19:58     all   37.02    0.00   17.74    0.00    0.00   17.22    0.00    0.00    0.00   28.02
20:19:59     all   37.24    0.00   18.11    0.00    0.00   15.31    0.00    0.00    0.00   29.34
20:20:00     all   37.44    0.00   16.41    0.00    0.00   16.67    0.00    0.00    0.00   29.49
20:20:01     all   37.72    0.00   18.48    0.00    0.00   15.19    0.00    0.00    0.00   28.61
20:20:02     all   37.72    0.00   16.71    0.00    0.00   16.71    0.00    0.00    0.00   28.86
20:20:03     all   38.72    0.00   17.18    0.00    0.00   15.38    0.00    0.00    0.00   28.72
20:20:04     all   38.68    0.00   16.28    0.00    0.00   16.28    0.00    0.00    0.00   28.75
20:20:05     all   35.77    0.00   19.14    0.00    0.00   16.62    0.00    0.00    0.00   28.46
20:20:06     all   37.31    0.00   17.51    0.00    0.00   16.24    0.00    0.00    0.00   28.93
20:20:07     all   40.10    0.00   16.71    0.00    0.00   15.17    0.00    0.00    0.00   28.02
20:20:08     all   42.75    0.00   16.28    0.00    0.00   14.25    0.00    0.00    0.00   26.72
20:20:09     all   39.29    0.00   16.62    0.00    0.00   16.37    0.00    0.00    0.00   27.71
20:20:10     all   37.88    0.00   19.70    0.00    0.00   15.91    0.00    0.00    0.00   26.52
20:20:11     all   37.78    0.00   18.14    0.00    0.00   16.37    0.00    0.00    0.00   27.71
20:20:12     all   37.60    0.00   17.39    0.00    0.00   16.62    0.00    0.00    0.00   28.39
20:20:13     all   36.78    0.00   17.88    0.00    0.00   16.62    0.00    0.00    0.00   28.72
20:20:14     all   37.15    0.00   18.83    0.00    0.00   15.78    0.00    0.00    0.00   28.24
20:20:15     all   37.31    0.00   18.02    0.00    0.00   16.24    0.00    0.00    0.00   28.43
20:20:16     all   36.83    0.00   18.93    0.00    0.00   15.35    0.00    0.00    0.00   28.90
20:20:17     all   36.83    0.00   18.16    0.00    0.00   16.37    0.00    0.00    0.00   28.64
20:20:18     all   38.05    0.00   18.51    0.00    0.00   14.91    0.00    0.00    0.00   28.53
20:20:19     all   38.78    0.00   16.33    0.00    0.00   16.58    0.00    0.00    0.00   28.32
20:20:20     all   39.60    0.00   17.29    0.00    0.00   16.29    0.00    0.00    0.00   26.82
20:20:21     all   41.88    0.00   17.77    0.00    0.00   15.74    0.00    0.00    0.00   24.62
20:20:22     all   38.83    0.00   17.51    0.00    0.00   15.74    0.00    0.00    0.00   27.92
20:20:23     all   39.90    0.00   16.41    0.00    0.00   17.42    0.00    0.00    0.00   26.26
20:20:24     all   35.95    0.00   18.48    0.25    0.00   16.96    0.00    0.00    0.00   28.35
20:20:25     all   35.40    0.00   19.90    0.00    0.00   15.76    0.00    0.00    0.00   28.94
20:20:26     all   37.56    0.00   17.01    0.25    0.00   16.50    0.00    0.00    0.00   28.68
20:20:27     all   36.22    0.00   18.11    0.00    0.00   17.09    0.00    0.00    0.00   28.57
20:20:28     all   37.37    0.00   17.68    0.00    0.00   15.40    0.00    0.00    0.00   29.55
20:20:29     all   37.34    0.00   17.90    0.00    0.00   15.60    0.00    0.00    0.00   29.16
20:20:30     all   38.54    0.00   17.38    0.00    0.00   14.61    0.00    0.00    0.00   29.47
20:20:31     all   38.34    0.00   18.91    0.00    0.00   15.28    0.00    0.00    0.00   27.46
20:20:32     all   38.69    0.00   16.08    0.00    0.00   15.58    0.00    0.00    0.00   29.65
20:20:33     all   42.71    0.00   14.83    0.00    0.00   15.60    0.00    0.00    0.00   26.85
20:20:34     all   39.90    0.00   15.66    0.00    0.00   16.41    0.00    0.00    0.00   28.03
20:20:35     all   43.22    0.00   15.09    0.00    0.00   15.86    0.00    0.00    0.00   25.83
20:20:36     all   36.90    0.00   17.30    0.00    0.00   16.79    0.00    0.00    0.00   29.01
20:20:37     all   36.27    0.00   16.32    0.00    0.00   17.36    0.00    0.00    0.00   30.05
20:20:38     all   35.93    0.00   18.09    0.00    0.00   17.34    0.00    0.00    0.00   28.64
20:20:39     all   37.28    0.00   17.22    0.00    0.00   16.71    0.00    0.00    0.00   28.79
20:20:40     all   36.80    0.00   17.01    0.00    0.00   15.99    0.00    0.00    0.00   30.20
20:20:41     all   37.79    0.00   16.20    0.00    0.00   15.17    0.00    0.00    0.00   30.85
20:20:42     all   36.92    0.00   17.44    0.00    0.00   16.15    0.00    0.00    0.00   29.49
20:20:43     all   37.76    0.00   17.35    0.00    0.00   15.82    0.00    0.00    0.00   29.08
20:20:44     all   38.85    0.00   15.54    0.00    0.00   16.79    0.00    0.00    0.00   28.82
20:20:45     all   41.92    0.00   16.41    0.00    0.00   15.66    0.00    0.00    0.00   26.01
20:20:46     all   42.68    0.00   16.67    0.00    0.00   14.90    0.00    0.00    0.00   25.76
20:20:47     all   40.72    0.00   18.04    0.00    0.00   14.95    0.00    0.00    0.00   26.29
20:20:48     all   34.77    0.00   19.29    0.00    0.00   17.01    0.00    0.00    0.00   28.93
20:20:49     all   20.15    0.00   12.76    0.00    0.00    9.44    0.00    0.00    0.00   57.65
20:20:50     all   39.13    0.00   18.41    0.00    0.00   15.09    0.00    0.00    0.00   27.37
20:20:51     all   42.39    0.00   16.24    0.00    0.00   15.48    0.00    0.00    0.00   25.89
20:20:52     all   39.75    0.00   16.96    0.00    0.00   16.96    0.00    0.00    0.00   26.33
20:20:53     all   36.90    0.00   16.79    0.00    0.00   16.79    0.00    0.00    0.00   29.52
20:20:54     all   37.15    0.00   18.07    0.00    0.00   16.79    0.00    0.00    0.00   27.99
20:20:55     all   37.34    0.00   17.90    0.00    0.00   16.62    0.00    0.00    0.00   28.13
20:20:56     all   36.80    0.00   18.27    0.00    0.00   16.24    0.00    0.00    0.00   28.68
20:20:57     all   36.99    0.00   18.11    0.00    0.00   15.82    0.00    0.00    0.00   29.08
20:20:58     all   39.13    0.00   17.65    0.00    0.00   15.09    0.00    0.00    0.00   28.13
20:20:59     all   36.15    0.00   18.97    0.00    0.00   14.87    0.00    0.00    0.00   30.00
20:21:00     all   36.99    0.00   17.35    0.00    0.00   16.07    0.00    0.00    0.00   29.59
20:21:01     all   42.03    0.00   17.97    0.00    0.00   14.68    0.00    0.00    0.00   25.32
20:21:02     all   43.37    0.00   16.33    0.00    0.00   16.07    0.00    0.00    0.00   24.23
20:21:03     all   39.04    0.00   17.38    0.25    0.00   16.12    0.00    0.00    0.00   27.20
20:21:04     all   37.15    0.00   17.30    0.00    0.00   17.05    0.00    0.00    0.00   28.50
20:21:05     all   37.50    0.00   17.09    0.00    0.00   17.35    0.00    0.00    0.00   28.06
20:21:06     all   36.20    0.00   18.48    0.00    0.00   16.20    0.00    0.00    0.00   29.11
20:21:07     all   38.48    0.00   15.44    0.00    0.00   16.46    0.00    0.00    0.00   29.62
20:21:08     all   38.23    0.00   16.71    0.00    0.00   15.95    0.00    0.00    0.00   29.11
20:21:09     all   37.50    0.00   16.58    0.00    0.00   15.31    0.00    0.00    0.00   30.61
20:21:10     all   41.01    0.00   16.20    0.00    0.00   17.22    0.00    0.00    0.00   25.57
20:21:11     all   40.10    0.00   16.50    0.00    0.00   15.23    0.00    0.00    0.00   28.17
20:21:12     all   43.65    0.00   15.99    0.00    0.00   15.48    0.00    0.00    0.00   24.87
20:21:13     all   38.21    0.00   16.67    0.00    0.00   16.92    0.00    0.00    0.00   28.21
20:21:14     all   37.12    0.00   18.94    0.00    0.00   15.91    0.00    0.00    0.00   28.03
20:21:15     all   36.64    0.00   18.32    0.00    0.00   16.79    0.00    0.00    0.00   28.24
20:21:16     all   37.15    0.00   17.81    0.00    0.00   15.78    0.00    0.00    0.00   29.26
20:21:17     all   36.34    0.00   18.80    0.00    0.00   16.29    0.00    0.00    0.00   28.57
20:21:18     all   35.71    0.00   19.13    0.00    0.00   15.31    0.00    0.00    0.00   29.85
20:21:19     all   37.76    0.00   17.60    0.00    0.00   15.82    0.00    0.00    0.00   28.83
20:21:20     all   37.63    0.00   17.42    0.00    0.00   16.41    0.00    0.00    0.00   28.54
20:21:21     all   38.27    0.00   17.09    0.00    0.00   16.07    0.00    0.00    0.00   28.57
20:21:22     all   36.87    0.00   16.92    0.00    0.00   15.66    0.00    0.00    0.00   30.56
20:21:23     all   42.28    0.00   15.44    0.00    0.00   16.20    0.00    0.00    0.00   26.08
20:21:24     all   41.96    0.00   15.08    0.00    0.00   15.58    0.00    0.00    0.00   27.39
20:21:25     all   40.41    0.00   15.86    0.00    0.00   16.88    0.00    0.00    0.00   26.85
20:21:26     all   37.60    0.00   18.16    0.00    0.00   16.62    0.00    0.00    0.00   27.62
20:21:27     all   37.06    0.00   17.01    0.00    0.00   17.51    0.00    0.00    0.00   28.43
20:21:28     all   37.53    0.00   17.48    0.00    0.00   16.20    0.00    0.00    0.00   28.79
20:21:29     all   36.73    0.00   17.60    0.00    0.00   16.07    0.00    0.00    0.00   29.59
20:21:30     all   38.01    0.00   18.11    0.00    0.00   15.56    0.00    0.00    0.00   28.32
20:21:31     all   38.38    0.00   19.19    0.00    0.00   14.65    0.00    0.00    0.00   27.78
20:21:32     all   37.15    0.00   16.54    0.00    0.00   15.27    0.00    0.00    0.00   31.04
20:21:33     all   37.66    0.00   17.56    0.00    0.00   16.54    0.00    0.00    0.00   28.24
20:21:34     all   37.40    0.00   15.78    0.00    0.00   15.01    0.00    0.00    0.00   31.81
20:21:35     all   40.66    0.00   14.32    0.26    0.00   17.90    0.00    0.00    0.00   26.85
20:21:36     all   38.89    0.00   17.42    0.00    0.00   16.92    0.00    0.00    0.00   26.77
20:21:37     all   15.35    0.00   11.76    0.00    0.00    7.93    0.00    0.00    0.00   64.96
20:21:38     all    0.00    0.00    0.25    0.00    0.00    0.00    0.00    0.00    0.00   99.75
20:21:39     all    0.25    0.00    0.25    0.00    0.00    0.00    0.00    0.00    0.00   99.50
20:21:40     all    0.00    0.00    0.00    0.00    0.00    0.00    0.00    0.00    0.00  100.00
20:21:41     all    4.28    0.00    0.00    0.00    0.00    0.00    0.00    0.00    0.00   95.72
20:21:42     all   37.44    0.00   16.33    0.00    0.00   15.58    0.00    0.00    0.00   30.65
20:21:43     all   38.27    0.00   15.82    0.00    0.00   16.58    0.00    0.00    0.00   29.34
20:21:44     all   43.29    0.00   15.70    0.00    0.00   16.46    0.00    0.00    0.00   24.56
20:21:45     all   20.81    0.00   14.21    0.00    0.00   10.41    0.00    0.00    0.00   54.57
20:21:46     all   37.12    0.00   16.67    0.00    0.00   14.90    0.00    0.00    0.00   31.31
20:21:47     all   41.12    0.00   14.97    0.00    0.00   16.24    0.00    0.00    0.00   27.66
20:21:48     all   43.51    0.00   15.01    0.00    0.00   15.52    0.00    0.00    0.00   25.95
20:21:49     all   40.97    0.00   16.03    0.00    0.00   16.03    0.00    0.00    0.00   26.97
20:21:50     all   38.01    0.00   17.09    0.00    0.00   16.84    0.00    0.00    0.00   28.06
20:21:51     all   37.06    0.00   16.50    0.00    0.00   15.99    0.00    0.00    0.00   30.46
20:21:52     all   37.44    0.00   17.18    0.00    0.00   16.41    0.00    0.00    0.00   28.97
20:21:53     all   38.27    0.00   17.09    0.26    0.00   15.56    0.00    0.00    0.00   28.83
20:21:54     all   37.97    0.00   15.70    0.00    0.00   16.46    0.00    0.00    0.00   29.87
20:21:55     all   38.58    0.00   15.99    0.00    0.00   15.74    0.00    0.00    0.00   29.70
20:21:56     all   38.07    0.00   18.02    0.00    0.00   14.97    0.00    0.00    0.00   28.93
20:21:57     all   38.83    0.00   13.71    0.00    0.00   17.01    0.00    0.00    0.00   30.46
20:21:58     all   42.67    0.00   16.97    0.00    0.00   14.91    0.00    0.00    0.00   25.45
20:21:59     all   38.73    0.00   16.96    0.00    0.00   16.20    0.00    0.00    0.00   28.10
20:22:00     all   42.46    0.00   15.83    0.00    0.00   16.08    0.00    0.00    0.00   25.63
20:22:01     all   37.18    0.00   17.69    0.00    0.00   15.64    0.00    0.00    0.00   29.49
20:22:02     all   36.50    0.00   17.74    0.00    0.00   16.71    0.00    0.00    0.00   29.05
20:22:03     all   36.20    0.00   18.23    0.00    0.00   15.95    0.00    0.00    0.00   29.62
20:22:04     all   38.11    0.00   17.14    0.00    0.00   15.60    0.00    0.00    0.00   29.16
20:22:05     all   37.31    0.00   18.02    0.00    0.00   15.99    0.00    0.00    0.00   28.68
20:22:06     all   36.57    0.00   18.16    0.00    0.00   16.11    0.00    0.00    0.00   29.16
20:22:07     all   36.62    0.00   18.43    0.00    0.00   14.65    0.00    0.00    0.00   30.30
20:22:08     all   37.63    0.00   16.49    0.00    0.00   15.98    0.00    0.00    0.00   29.90
20:22:09     all   43.72    0.00   15.33    0.00    0.00   17.09    0.00    0.00    0.00   23.87
20:22:10     all   43.48    0.00   13.55    0.00    0.00   16.11    0.00    0.00    0.00   26.85
20:22:11     all   38.38    0.00   16.16    0.00    0.00   16.67    0.00    0.00    0.00   28.79
20:22:12     all   36.92    0.00   17.95    0.00    0.00   16.15    0.00    0.00    0.00   28.97
20:22:13     all   36.93    0.00   18.59    0.00    0.00   16.33    0.00    0.00    0.00   28.14
20:22:14     all   37.44    0.00   17.44    0.00    0.00   17.18    0.00    0.00    0.00   27.95
20:22:15     all   37.56    0.00   17.01    0.00    0.00   15.74    0.00    0.00    0.00   29.70
20:22:16     all   38.01    0.00   16.84    0.00    0.00   16.33    0.00    0.00    0.00   28.83
20:22:17     all   36.90    0.00   17.30    0.00    0.00   16.28    0.00    0.00    0.00   29.52
20:22:18     all   37.28    0.00   18.14    0.00    0.00   15.37    0.00    0.00    0.00   29.22
20:22:19     all   36.64    0.00   17.81    0.00    0.00   16.28    0.00    0.00    0.00   29.26
20:22:20     all   42.82    0.00   17.13    0.00    0.00   16.88    0.00    0.00    0.00   23.17
20:22:21     all   45.90    0.00   13.08    0.00    0.00   14.62    0.00    0.00    0.00   26.41
20:22:22     all   37.24    0.00   16.84    0.26    0.00   17.35    0.00    0.00    0.00   28.32
20:22:23     all   37.37    0.00   16.41    0.00    0.00   17.68    0.00    0.00    0.00   28.54
20:22:24     all   37.47    0.00   17.22    0.00    0.00   15.95    0.00    0.00    0.00   29.37
20:22:25     all   37.31    0.00   18.78    0.00    0.00   16.24    0.00    0.00    0.00   27.66
20:22:26     all   37.06    0.00   19.04    0.00    0.00   16.24    0.00    0.00    0.00   27.66
20:22:27     all   37.19    0.00   17.84    0.00    0.00   15.83    0.00    0.00    0.00   29.15
20:22:28     all   36.73    0.00   16.33    0.00    0.00   16.84    0.00    0.00    0.00   30.10
20:22:29     all   38.23    0.00   17.22    0.00    0.00   14.94    0.00    0.00    0.00   29.62
20:22:30     all   37.88    0.00   17.42    0.00    0.00   16.41    0.00    0.00    0.00   28.28
20:22:31     all   38.36    0.00   17.90    0.00    0.00   15.86    0.00    0.00    0.00   27.88
20:22:32     all   28.13    0.00   12.79    0.00    0.00   10.74    0.00    0.00    0.00   48.34
20:22:33     all   34.61    0.00   14.25    0.51    0.00   13.74    0.00    0.00    0.00   36.90
20:22:34     all   36.83    0.00   16.37    0.00    0.00   15.86    0.00    0.00    0.00   30.95
20:22:35     all   41.88    0.00   14.72    0.00    0.00   17.01    0.00    0.00    0.00   26.40
20:22:36     all   43.40    0.00   12.94    0.00    0.00   15.99    0.00    0.00    0.00   27.66
20:22:37     all   40.31    0.00   15.05    0.00    0.00   15.82    0.00    0.00    0.00   28.83
20:22:38     all   36.99    0.00   15.56    0.00    0.00   17.60    0.00    0.00    0.00   29.85
20:22:39     all   36.83    0.00   14.58    0.00    0.00   18.16    0.00    0.00    0.00   30.43
20:22:40     all   34.51    0.00   15.37    0.00    0.00   16.88    0.00    0.00    0.00   33.25
20:22:41     all    4.53    0.00    1.51    0.00    0.00    1.01    0.00    0.00    0.00   92.95
20:22:42     all    0.00    0.00    0.00    0.00    0.00    0.00    0.00    0.00    0.00  100.00
20:22:43     all    0.25    0.00    0.00    0.00    0.00    0.25    0.00    0.00    0.00   99.50
20:22:44     all    0.00    0.00    0.00    0.00    0.00    0.00    0.00    0.00    0.00  100.00
20:22:45     all   25.57    0.00    5.06    0.00    0.00    6.84    0.00    0.00    0.00   62.53
20:22:46     all   26.67    0.00   18.97    0.00    0.00   17.69    0.00    0.00    0.00   36.67
20:22:47     all    2.52    0.00    0.25    0.00    0.00    0.25    0.00    0.00    0.00   96.98
20:22:48     all    0.00    0.00    0.00    0.00    0.00    0.00    0.00    0.00    0.00  100.00
20:22:49     all    0.25    0.00    0.00    0.00    0.00    0.00    0.00    0.00    0.00   99.75
20:22:50     all    0.25    0.00    0.00    0.00    0.00    0.00    0.00    0.00    0.00   99.75
20:22:51     all   23.17    0.00    4.79    0.00    0.00    4.79    0.00    0.00    0.00   67.25
20:22:52     all   41.37    0.00   13.96    0.00    0.00   17.77    0.00    0.00    0.00   26.90
20:22:53     all   17.35    0.00   11.22    0.00    0.00    8.67    0.00    0.00    0.00   62.76
20:22:54     all   38.38    0.00   14.65    0.51    0.00   16.92    0.00    0.00    0.00   29.55
20:22:55     all   44.30    0.00   14.68    0.00    0.00   16.20    0.00    0.00    0.00   24.81
20:22:56     all   41.31    0.00   14.11    0.00    0.00   17.88    0.00    0.00    0.00   26.70
20:22:57     all   39.49    0.00   16.15    0.00    0.00   14.87    0.00    0.00    0.00   29.49
20:22:58     all   37.02    0.00   16.20    0.00    0.00   16.45    0.00    0.00    0.00   30.33
20:22:59     all   38.07    0.00   16.75    0.00    0.00   17.01    0.00    0.00    0.00   28.17
20:23:00     all   37.11    0.00   17.01    0.00    0.00   15.98    0.00    0.00    0.00   29.90
20:23:01     all   38.04    0.00   16.62    0.00    0.00   15.87    0.00    0.00    0.00   29.47
20:23:02     all   37.02    0.00   16.20    0.00    0.00   16.20    0.00    0.00    0.00   30.59
20:23:03     all   38.52    0.00   17.86    0.00    0.00   14.03    0.00    0.00    0.00   29.59
20:23:04     all   39.90    0.00   16.16    0.00    0.00   19.19    0.00    0.00    0.00   24.75
20:23:05     all   44.53    0.00   14.25    0.00    0.00   16.54    0.00    0.00    0.00   24.68
20:23:06     all   38.54    0.00   17.63    0.00    0.00   16.37    0.00    0.00    0.00   27.46
20:23:07     all   36.69    0.00   18.09    0.00    0.00   17.31    0.00    0.00    0.00   27.91
20:23:08     all   37.76    0.00   16.84    0.00    0.00   16.07    0.00    0.00    0.00   29.34
20:23:09     all   38.32    0.00   15.48    0.00    0.00   16.75    0.00    0.00    0.00   29.44
20:23:10     all   37.15    0.00   16.54    0.00    0.00   14.76    0.00    0.00    0.00   31.55
20:23:11     all   37.02    0.00   18.25    0.00    0.00   16.20    0.00    0.00    0.00   28.53
20:23:12     all   37.31    0.00   17.01    0.00    0.00   17.26    0.00    0.00    0.00   28.43
20:23:13     all   42.49    0.00   15.27    0.00    0.00   16.28    0.00    0.00    0.00   25.95
20:23:14     all   43.07    0.00   16.37    0.00    0.00   16.12    0.00    0.00    0.00   24.43
20:23:15     all   39.09    0.00   16.24    0.00    0.00   15.99    0.00    0.00    0.00   28.68
20:23:16     all   36.06    0.00   19.69    0.00    0.00   16.62    0.00    0.00    0.00   27.62
20:23:17     all   37.37    0.00   16.92    0.00    0.00   16.67    0.00    0.00    0.00   29.04
20:23:18     all   36.41    0.00   17.95    0.00    0.00   16.15    0.00    0.00    0.00   29.49
20:23:19     all   36.86    0.00   18.56    0.00    0.00   15.46    0.00    0.00    0.00   29.12
20:23:20     all   35.88    0.00   18.07    0.00    0.00   15.78    0.00    0.00    0.00   30.28
20:23:21     all   29.95    0.00    8.88    0.00    0.00   10.91    0.00    0.00    0.00   50.25
20:23:22     all   37.28    0.00   17.88    0.25    0.00   16.37    0.00    0.00    0.00   28.21
20:23:23     all   39.02    0.00   16.80    0.00    0.00   15.76    0.00    0.00    0.00   28.42
20:23:24     all   37.66    0.00   17.81    0.00    0.00   16.28    0.00    0.00    0.00   28.24
20:23:25     all   38.48    0.00   17.47    0.00    0.00   15.70    0.00    0.00    0.00   28.35
20:23:26     all   36.68    0.00   18.09    0.00    0.00   16.83    0.00    0.00    0.00   28.39
20:23:27     all   40.31    0.00   17.35    0.00    0.00   15.82    0.00    0.00    0.00   26.53
20:23:28     all   42.09    0.00   16.07    0.00    0.00   16.33    0.00    0.00    0.00   25.51
20:23:29     all   40.00    0.00   17.72    0.00    0.00   14.68    0.00    0.00    0.00   27.59
20:23:30     all   39.64    0.00   17.14    0.00    0.00   16.62    0.00    0.00    0.00   26.60
20:23:31     all   36.29    0.00   20.56    0.00    0.00   15.74    0.00    0.00    0.00   27.41
20:23:32     all   37.11    0.00   17.27    0.00    0.00   15.46    0.00    0.00    0.00   30.15
20:23:33     all   37.50    0.00   18.11    0.00    0.00   16.07    0.00    0.00    0.00   28.32
20:23:34     all   37.97    0.00   18.73    0.00    0.00   15.95    0.00    0.00    0.00   27.34
20:23:35     all   36.43    0.00   18.09    0.00    0.00   16.54    0.00    0.00    0.00   28.94
20:23:36     all   37.56    0.00   18.27    0.00    0.00   16.24    0.00    0.00    0.00   27.92
20:23:37     all   37.72    0.00   17.72    0.00    0.00   16.20    0.00    0.00    0.00   28.35
20:23:38     all   37.82    0.00   17.77    0.00    0.00   15.23    0.00    0.00    0.00   29.19
20:23:39     all   39.34    0.00   17.01    0.00    0.00   15.99    0.00    0.00    0.00   27.66
20:23:40     all   35.53    0.00   19.80    0.00    0.00   14.97    0.00    0.00    0.00   29.70
20:23:41     all   37.09    0.00   18.05    0.00    0.00   15.79    0.00    0.00    0.00   29.07
20:23:42     all   40.62    0.00   16.71    0.26    0.00   17.22    0.00    0.00    0.00   25.19
20:23:43     all   40.15    0.00   18.43    0.00    0.00   15.15    0.00    0.00    0.00   26.26
20:23:44     all   41.15    0.00   16.15    0.00    0.00   15.89    0.00    0.00    0.00   26.82
20:23:45     all   38.93    0.00   17.30    0.00    0.00   15.52    0.00    0.00    0.00   28.24
20:23:46     all   36.83    0.00   18.41    0.00    0.00   16.62    0.00    0.00    0.00   28.13
20:23:47     all   37.31    0.00   18.27    0.00    0.00   16.50    0.00    0.00    0.00   27.92
20:23:48     all   36.50    0.00   17.99    0.00    0.00   17.22    0.00    0.00    0.00   28.28
20:23:49     all   29.61    0.00   18.18    0.00    0.00   14.55    0.00    0.00    0.00   37.66
20:23:50     all    0.25    0.00    0.25    0.00    0.00    0.00    0.00    0.00    0.00   99.50
20:23:51     all    0.00    0.00    0.00    0.25    0.00    0.00    0.00    0.00    0.00   99.75
20:23:52     all    0.00    0.00    0.00    0.00    0.00    0.00    0.00    0.00    0.00  100.00
20:23:53     all    0.00    0.00    0.00    0.00    0.00    0.00    0.00    0.00    0.00  100.00
20:23:54     all   31.66    0.00    6.03    0.00    0.00    8.29    0.00    0.00    0.00   54.02
20:23:55     all   40.31    0.00   15.25    0.00    0.00   15.76    0.00    0.00    0.00   28.68
20:23:56     all   36.99    0.00   17.60    0.00    0.00   16.07    0.00    0.00    0.00   29.34
20:23:57     all   34.94    0.00   18.73    0.00    0.00   17.97    0.00    0.00    0.00   28.35
20:23:58     all   25.81    0.00   10.03    0.00    0.00    9.77    0.00    0.00    0.00   54.39
20:23:59     all   41.01    0.00   16.20    0.00    0.00   17.97    0.00    0.00    0.00   24.81
20:24:00     all   37.50    0.00   16.33    0.00    0.00   17.35    0.00    0.00    0.00   28.83
20:24:01     all   37.53    0.00   17.13    0.00    0.00   16.37    0.00    0.00    0.00   28.97
20:24:02     all   38.11    0.00   16.88    0.00    0.00   16.11    0.00    0.00    0.00   28.90
20:24:03     all   38.32    0.00   16.24    0.00    0.00   15.74    0.00    0.00    0.00   29.70
20:24:04     all   37.91    0.00   17.30    0.00    0.00   16.28    0.00    0.00    0.00   28.50
20:24:05     all   37.53    0.00   15.94    0.00    0.00   15.42    0.00    0.00    0.00   31.11
20:24:06     all   37.56    0.00   15.48    0.00    0.00   16.75    0.00    0.00    0.00   30.20
20:24:07     all   40.76    0.00   15.19    0.00    0.00   15.70    0.00    0.00    0.00   28.35
20:24:08     all   44.81    0.00   15.95    0.00    0.00   15.70    0.00    0.00    0.00   23.54
20:24:09     all   38.64    0.00   16.92    0.00    0.00   16.67    0.00    0.00    0.00   27.78
20:24:10     all   35.03    0.00   19.29    0.00    0.00   16.75    0.00    0.00    0.00   28.93
20:24:11     all   36.73    0.00   17.60    0.00    0.00   16.58    0.00    0.00    0.00   29.08
20:24:12     all   35.95    0.00   18.73    0.00    0.00   15.44    0.00    0.00    0.00   29.87
20:24:13     all   37.82    0.00   18.02    0.00    0.00   15.23    0.00    0.00    0.00   28.93
20:24:14     all   37.82    0.00   18.02    0.00    0.00   15.99    0.00    0.00    0.00   28.17
20:24:15     all   37.85    0.00   17.14    0.26    0.00   16.11    0.00    0.00    0.00   28.64
20:24:16     all   36.87    0.00   18.69    0.00    0.00   16.41    0.00    0.00    0.00   28.03
20:24:17     all   37.50    0.00   19.39    0.00    0.00   15.05    0.00    0.00    0.00   28.06
20:24:18     all   36.57    0.00   16.88    0.00    0.00   16.37    0.00    0.00    0.00   30.18
20:24:19     all   41.90    0.00   15.96    0.00    0.00   16.71    0.00    0.00    0.00   25.44
20:24:20     all   42.09    0.00   15.05    0.00    0.00   15.31    0.00    0.00    0.00   27.55
20:24:21     all   38.73    0.00   18.23    0.00    0.00   15.19    0.00    0.00    0.00   27.85
20:24:22     all   17.65    0.00   13.30    0.00    0.00   10.23    0.00    0.00    0.00   58.82
20:24:23     all   39.03    0.00   16.07    0.00    0.00   17.35    0.00    0.00    0.00   27.55
20:24:24     all   43.26    0.00   15.27    0.00    0.00   15.78    0.00    0.00    0.00   25.70
20:24:25     all   43.26    0.00   14.25    0.00    0.00   15.78    0.00    0.00    0.00   26.72
20:24:26     all   37.89    0.00   16.75    0.00    0.00   16.24    0.00    0.00    0.00   29.12
20:24:27     all   37.72    0.00   16.71    0.00    0.00   17.22    0.00    0.00    0.00   28.35
20:24:28     all   36.43    0.00   17.83    0.00    0.00   16.54    0.00    0.00    0.00   29.20
20:24:29     all   38.14    0.00   16.49    0.00    0.00   17.01    0.00    0.00    0.00   28.35
20:24:30     all   36.96    0.00   17.47    0.00    0.00   16.71    0.00    0.00    0.00   28.86
20:24:31     all   37.34    0.00   18.05    0.00    0.00   17.29    0.00    0.00    0.00   27.32
20:24:32     all   37.91    0.00   17.05    0.00    0.00   15.78    0.00    0.00    0.00   29.26
20:24:33     all   39.44    0.00   16.28    0.00    0.00   16.54    0.00    0.00    0.00   27.74
20:24:34     all   43.51    0.00   13.99    0.00    0.00   16.28    0.00    0.00    0.00   26.21
20:24:35     all   43.58    0.00   14.86    0.00    0.00   16.12    0.00    0.00    0.00   25.44
20:24:36     all   36.71    0.00   16.46    0.00    0.00   16.96    0.00    0.00    0.00   29.87
20:24:37     all   37.06    0.00   17.01    0.00    0.00   15.74    0.00    0.00    0.00   30.20
20:24:38     all   37.56    0.00   15.23    0.00    0.00   17.01    0.00    0.00    0.00   30.20
20:24:39     all   37.08    0.00   17.14    0.00    0.00   16.62    0.00    0.00    0.00   29.16
20:24:40     all   38.52    0.00   15.82    0.00    0.00   15.82    0.00    0.00    0.00   29.85
20:24:41     all   36.18    0.00   17.59    0.00    0.00   17.09    0.00    0.00    0.00   29.15
20:24:42     all   38.07    0.00   17.26    0.00    0.00   14.97    0.00    0.00    0.00   29.70
20:24:43     all   39.29    0.00   17.13    0.00    0.00   17.63    0.00    0.00    0.00   25.94
20:24:44     all   44.81    0.00   15.70    0.00    0.00   15.95    0.00    0.00    0.00   23.54
20:24:45     all   40.77    0.00   16.67    0.00    0.00   15.38    0.00    0.00    0.00   27.18
20:24:46     all   33.17    0.00   17.09    0.00    0.00   18.34    0.00    0.00    0.00   31.41
20:24:47     all   10.58    0.00    7.56    0.00    0.00    4.53    0.00    0.00    0.00   77.33
20:24:48     all    0.00    0.00    0.00    0.50    0.00    0.00    0.00    0.00    0.00   99.50
20:24:49     all    0.00    0.00    0.00    0.00    0.00    0.00    0.00    0.00    0.00  100.00
20:24:50     all    0.25    0.00    0.00    0.00    0.00    0.25    0.00    0.00    0.00   99.50
20:24:51     all    7.83    0.00    2.02    0.00    0.00    2.02    0.00    0.00    0.00   88.13
20:24:52     all   41.75    0.00   17.00    0.00    0.00   16.00    0.00    0.00    0.00   25.25
20:24:53     all   38.29    0.00   17.38    0.00    0.00   16.12    0.00    0.00    0.00   28.21
20:24:54     all   41.62    0.00   16.50    0.00    0.00   15.99    0.00    0.00    0.00   25.89
20:24:55     all   38.27    0.00   17.35    0.00    0.00   16.33    0.00    0.00    0.00   28.06
20:24:56     all   36.48    0.00   17.35    0.00    0.00   16.07    0.00    0.00    0.00   30.10
20:24:57     all   36.48    0.00   17.60    0.00    0.00   16.33    0.00    0.00    0.00   29.59
20:24:58     all   38.07    0.00   16.50    0.00    0.00   17.01    0.00    0.00    0.00   28.43
20:24:59     all   38.93    0.00   17.30    0.00    0.00   14.50    0.00    0.00    0.00   29.26
20:25:00     all   38.87    0.00   16.11    0.00    0.00   15.09    0.00    0.00    0.00   29.92
20:25:01     all   36.20    0.00   17.47    0.00    0.00   16.46    0.00    0.00    0.00   29.87
20:25:02     all   37.69    0.00   17.59    0.00    0.00   15.08    0.00    0.00    0.00   29.65
20:25:03     all   38.87    0.00   15.09    0.00    0.00   16.88    0.00    0.00    0.00   29.16
20:25:04     all   42.64    0.00   16.24    0.00    0.00   15.23    0.00    0.00    0.00   25.89
20:25:05     all   40.81    0.00   16.62    0.00    0.00   16.62    0.00    0.00    0.00   25.94
20:25:06     all   38.56    0.00   16.71    0.00    0.00   15.94    0.00    0.00    0.00   28.79
20:25:07     all   36.96    0.00   17.47    0.00    0.00   17.97    0.00    0.00    0.00   27.59
20:25:08     all   35.00    0.00   18.50    0.00    0.00   16.75    0.00    0.00    0.00   29.75
20:25:09     all   29.95    0.00    9.90    0.00    0.00    8.38    0.00    0.00    0.00   51.78
20:25:10     all   36.73    0.00   17.60    0.00    0.00   17.60    0.00    0.00    0.00   28.06
20:25:11     all   37.31    0.00   19.04    0.00    0.00   15.74    0.00    0.00    0.00   27.92
20:25:12     all   33.50    0.00   18.67    0.00    0.00   17.65    0.00    0.00    0.00   30.18
20:25:13     all   31.14    0.00    9.37    0.00    0.00    9.11    0.00    0.00    0.00   50.38
20:25:14     all   36.99    0.00   17.35    0.00    0.00   16.33    0.00    0.00    0.00   29.34
20:25:15     all   37.56    0.00   17.01    0.00    0.00   16.50    0.00    0.00    0.00   28.93
20:25:16     all   37.44    0.00   16.41    0.00    0.00   17.69    0.00    0.00    0.00   28.46
20:25:17     all   38.04    0.00   17.63    0.25    0.00   15.62    0.00    0.00    0.00   28.46
20:25:18     all   38.42    0.00   17.05    0.00    0.00   15.52    0.00    0.00    0.00   29.01
20:25:19     all   37.60    0.00   16.62    0.00    0.00   14.83    0.00    0.00    0.00   30.95
20:25:20     all   40.66    0.00   15.40    0.00    0.00   16.92    0.00    0.00    0.00   27.02
20:25:21     all   25.38    0.00   13.33    0.00    0.00   11.28    0.00    0.00    0.00   50.00
20:25:22     all   31.22    0.00   13.96    0.00    0.00   14.21    0.00    0.00    0.00   40.61
20:25:23     all   29.77    0.00    9.92    0.00    0.00   12.47    0.00    0.00    0.00   47.84
20:25:24     all   35.68    0.00   18.09    0.00    0.00   16.33    0.00    0.00    0.00   29.90
20:25:25     all   38.48    0.00   16.96    0.00    0.00   15.95    0.00    0.00    0.00   28.61
20:25:26     all   37.60    0.00   16.88    0.00    0.00   15.86    0.00    0.00    0.00   29.67
20:25:27     all   41.77    0.00   15.70    0.00    0.00   15.70    0.00    0.00    0.00   26.84
20:25:28     all   41.18    0.00   16.37    0.00    0.00   15.35    0.00    0.00    0.00   27.11
20:25:29     all   40.56    0.00   16.07    0.00    0.00   15.56    0.00    0.00    0.00   27.81
20:25:30     all   37.63    0.00   16.41    0.00    0.00   16.92    0.00    0.00    0.00   29.04
20:25:31     all   34.69    0.00   17.86    0.00    0.00   17.35    0.00    0.00    0.00   30.10
20:25:32     all    7.56    0.00    4.03    0.25    0.00    2.77    0.00    0.00    0.00   85.39
20:25:33     all    0.25    0.00    0.00    0.00    0.00    0.00    0.00    0.00    0.00   99.75
20:25:34     all    0.00    0.00    0.25    0.00    0.00    0.00    0.00    0.00    0.00   99.75
20:25:35     all    0.00    0.00    0.00    0.00    0.00    0.00    0.00    0.00    0.00  100.00
20:25:36     all   22.17    0.00    2.27    0.00    0.00    4.03    0.00    0.00    0.00   71.54
20:25:37     all   36.64    0.00   15.27    0.00    0.00   17.56    0.00    0.00    0.00   30.53
20:25:38     all   37.44    0.00   15.90    0.00    0.00   16.92    0.00    0.00    0.00   29.74
20:25:39     all   36.20    0.00   17.22    0.00    0.00   17.97    0.00    0.00    0.00   28.61
20:25:40     all   38.56    0.00   15.17    0.00    0.00   15.94    0.00    0.00    0.00   30.33
20:25:41     all   38.17    0.00   15.78    0.00    0.00   17.30    0.00    0.00    0.00   28.75
20:25:42     all   37.76    0.00   17.09    0.00    0.00   15.31    0.00    0.00    0.00   29.85
20:25:43     all   39.90    0.00   14.83    0.00    0.00   16.62    0.00    0.00    0.00   28.64
20:25:44     all   45.80    0.00   13.23    0.00    0.00   15.52    0.00    0.00    0.00   25.45
20:25:45     all   41.56    0.00   15.37    0.00    0.00   15.62    0.00    0.00    0.00   27.46
20:25:46     all   36.22    0.00   16.58    0.00    0.00   17.60    0.00    0.00    0.00   29.59
20:25:47     all   37.85    0.00   15.86    0.00    0.00   16.37    0.00    0.00    0.00   29.92
20:25:48     all   37.66    0.00   16.03    0.25    0.00   15.78    0.00    0.00    0.00   30.28
20:25:49     all   37.97    0.00   14.18    0.00    0.00   16.46    0.00    0.00    0.00   31.39
20:25:50     all   38.27    0.00   15.05    0.00    0.00   16.58    0.00    0.00    0.00   30.10
20:25:51     all   37.40    0.00   15.01    0.00    0.00   16.79    0.00    0.00    0.00   30.79
20:25:52     all   43.72    0.00   13.82    0.00    0.00   15.83    0.00    0.00    0.00   26.63
20:25:53     all   43.08    0.00   14.10    0.00    0.00   15.38    0.00    0.00    0.00   27.44
20:25:54     all   38.36    0.00   14.32    0.00    0.00   17.14    0.00    0.00    0.00   30.18
20:25:55     all   36.36    0.00   17.93    0.00    0.00   17.42    0.00    0.00    0.00   28.28
20:25:56     all   37.60    0.00   17.65    0.00    0.00   15.35    0.00    0.00    0.00   29.41
20:25:57     all   38.17    0.00   16.79    0.00    0.00   15.52    0.00    0.00    0.00   29.52
20:25:58     all   36.22    0.00   15.56    0.00    0.00   17.09    0.00    0.00    0.00   31.12
20:25:59     all   38.69    0.00   15.83    0.00    0.00   15.83    0.00    0.00    0.00   29.65
20:26:00     all   40.66    0.00   14.65    0.25    0.00   17.42    0.00    0.00    0.00   27.02
20:26:01     all   39.45    0.00   16.58    0.00    0.00   15.83    0.00    0.00    0.00   28.14
20:26:02     all   44.62    0.00   14.87    0.00    0.00   14.87    0.00    0.00    0.00   25.64
20:26:03     all   36.71    0.00   15.95    0.00    0.00   17.97    0.00    0.00    0.00   29.37
20:26:04     all   36.87    0.00   15.91    0.00    0.00   17.42    0.00    0.00    0.00   29.80
20:26:05     all   39.55    0.00   15.37    0.00    0.00   16.12    0.00    0.00    0.00   28.97
20:26:06     all   37.56    0.00   14.47    0.00    0.00   17.26    0.00    0.00    0.00   30.71
20:26:07     all   32.14    0.00   15.56    0.00    0.00   14.54    0.00    0.00    0.00   37.76
20:26:08     all   30.89    0.00   10.89    0.00    0.00   11.90    0.00    0.00    0.00   46.33
20:26:09     all   36.55    0.00   15.23    0.00    0.00   16.50    0.00    0.00    0.00   31.73
20:26:10     all   36.55    0.00   17.51    0.00    0.00   15.74    0.00    0.00    0.00   30.20
20:26:11     all   36.22    0.00   17.09    0.00    0.00   15.31    0.00    0.00    0.00   31.38
20:26:12     all   40.10    0.00   15.99    0.00    0.00   17.51    0.00    0.00    0.00   26.40
20:26:13     all   43.08    0.00   15.90    0.00    0.00   14.87    0.00    0.00    0.00   26.15
20:26:14     all   39.49    0.00   16.20    0.00    0.00   15.44    0.00    0.00    0.00   28.86
20:26:15     all   36.80    0.00   17.26    0.00    0.00   16.75    0.00    0.00    0.00   29.19
20:26:16     all   36.32    0.00   16.62    0.00    0.00   18.16    0.00    0.00    0.00   28.90
20:26:17     all   35.71    0.00   16.84    0.00    0.00   18.37    0.00    0.00    0.00   29.08
20:26:18     all   35.86    0.00   17.42    0.00    0.00   16.92    0.00    0.00    0.00   29.80
20:26:19     all   36.80    0.00   18.02    0.00    0.00   16.24    0.00    0.00    0.00   28.93
20:26:20     all   37.78    0.00   17.88    0.00    0.00   15.87    0.00    0.00    0.00   28.46
20:26:21     all   37.56    0.00   15.74    0.00    0.00   16.50    0.00    0.00    0.00   30.20
20:26:22     all   36.27    0.00   17.13    0.25    0.00   16.37    0.00    0.00    0.00   29.97
20:26:23     all   43.73    0.00   13.30    0.00    0.00   16.88    0.00    0.00    0.00   26.09
20:26:24     all   42.00    0.00   15.50    0.00    0.00   16.25    0.00    0.00    0.00   26.25
20:26:25     all   40.05    0.00   14.99    0.00    0.00   15.76    0.00    0.00    0.00   29.20
20:26:26     all   37.19    0.00   16.33    0.00    0.00   17.09    0.00    0.00    0.00   29.40
20:26:27     all   36.99    0.00   16.84    0.00    0.00   17.09    0.00    0.00    0.00   29.08
20:26:28     all   36.78    0.00   17.88    0.00    0.00   16.37    0.00    0.00    0.00   28.97
20:26:29     all   37.88    0.00   17.17    0.00    0.00   15.40    0.00    0.00    0.00   29.55
20:26:30     all   38.42    0.00   17.05    0.00    0.00   15.27    0.00    0.00    0.00   29.26
20:26:31     all   36.83    0.00   18.41    0.00    0.00   16.37    0.00    0.00    0.00   28.39
20:26:32     all   35.70    0.00   17.47    0.00    0.00   16.46    0.00    0.00    0.00   30.38
20:26:33     all   36.39    0.00   17.30    0.00    0.00   15.27    0.00    0.00    0.00   31.04
20:26:34     all   38.32    0.00   14.47    0.00    0.00   18.02    0.00    0.00    0.00   29.19
20:26:35     all   42.35    0.00   14.29    0.00    0.00   16.84    0.00    0.00    0.00   26.53
20:26:36     all   40.00    0.00   15.70    0.00    0.00   17.22    0.00    0.00    0.00   27.09
20:26:37     all   36.18    0.00   16.83    0.00    0.00   16.83    0.00    0.00    0.00   30.15
20:26:38     all   35.82    0.00   16.75    0.00    0.00   15.72    0.00    0.00    0.00   31.70
20:26:39     all   37.91    0.00   16.28    0.25    0.00   14.25    0.00    0.00    0.00   31.30
20:26:40     all   38.54    0.00   15.37    0.00    0.00   15.62    0.00    0.00    0.00   30.48
20:26:41     all   37.97    0.00   15.19    0.00    0.00   16.46    0.00    0.00    0.00   30.38
20:26:42     all   31.49    0.00   15.87    0.00    0.00   13.60    0.00    0.00    0.00   39.04
20:26:43     all   32.16    0.00   10.80    0.00    0.00   13.82    0.00    0.00    0.00   43.22
20:26:44     all   37.82    0.00   15.74    0.00    0.00   16.75    0.00    0.00    0.00   29.70
20:26:45     all   37.50    0.00   16.33    0.00    0.00   16.84    0.00    0.00    0.00   29.34
20:26:46     all   36.75    0.00   16.00    0.00    0.00   16.75    0.00    0.00    0.00   30.50
20:26:47     all   42.82    0.00   14.36    0.00    0.00   15.90    0.00    0.00    0.00   26.92
20:26:48     all   41.27    0.00   15.44    0.00    0.00   16.96    0.00    0.00    0.00   26.33
20:26:49     all   16.71    0.00   11.31    0.00    0.00    7.97    0.00    0.00    0.00   64.01
20:26:50     all   40.92    0.00   14.07    0.00    0.00   17.90    0.00    0.00    0.00   27.11
20:26:51     all   40.00    0.00   15.95    0.00    0.00   16.20    0.00    0.00    0.00   27.85
20:26:52     all   40.45    0.00   17.59    0.00    0.00   16.33    0.00    0.00    0.00   25.63
20:26:53     all   36.32    0.00   16.37    0.00    0.00   17.90    0.00    0.00    0.00   29.41
20:26:54     all   36.04    0.00   17.01    0.00    0.00   17.26    0.00    0.00    0.00   29.70
20:26:55     all   36.27    0.00   17.10    0.00    0.00   15.54    0.00    0.00    0.00   31.09
20:26:56     all   36.34    0.00   17.78    0.00    0.00   15.72    0.00    0.00    0.00   30.15
20:26:57     all   37.79    0.00   17.48    0.00    0.00   14.40    0.00    0.00    0.00   30.33
20:26:58     all   37.18    0.00   16.92    0.00    0.00   16.92    0.00    0.00    0.00   28.97
20:26:59     all   36.75    0.00   18.25    0.00    0.00   15.50    0.00    0.00    0.00   29.50
20:27:00     all   38.94    0.00   14.57    0.25    0.00   16.83    0.00    0.00    0.00   29.40
20:27:01     all   40.61    0.00   17.01    0.00    0.00   15.99    0.00    0.00    0.00   26.40
20:27:02     all   23.86    0.00   14.72    0.00    0.00    9.64    0.00    0.00    0.00   51.78
20:27:03     all   35.82    0.00   13.40    0.00    0.00   14.95    0.00    0.00    0.00   35.82
20:27:04     all   36.52    0.00   18.39    0.00    0.00   15.11    0.00    0.00    0.00   29.97
20:27:05     all   40.40    0.00   14.90    0.00    0.00   17.93    0.00    0.00    0.00   26.77
20:27:06     all   43.81    0.00   14.95    0.00    0.00   14.95    0.00    0.00    0.00   26.29
20:27:07     all   40.25    0.00   14.94    0.00    0.00   15.70    0.00    0.00    0.00   29.11
20:27:08     all   36.83    0.00   16.11    0.00    0.00   16.62    0.00    0.00    0.00   30.43
20:27:09     all   36.96    0.00   15.95    0.00    0.00   16.71    0.00    0.00    0.00   30.38
20:27:10     all   36.11    0.00   15.91    0.51    0.00   16.92    0.00    0.00    0.00   30.56
20:27:11     all   37.59    0.00   17.04    0.00    0.00   16.04    0.00    0.00    0.00   29.32
20:27:12     all   35.88    0.00   18.58    0.00    0.00   16.54    0.00    0.00    0.00   29.01
20:27:13     all   34.43    0.00   16.20    0.00    0.00   13.92    0.00    0.00    0.00   35.44
20:27:14     all   31.06    0.00    9.85    0.00    0.00   11.62    0.00    0.00    0.00   47.47
20:27:15     all   36.55    0.00   17.51    0.00    0.00   15.99    0.00    0.00    0.00   29.95
20:27:16     all   37.40    0.00   16.03    0.00    0.00   16.79    0.00    0.00    0.00   29.77
20:27:17     all   37.34    0.00   17.14    0.00    0.00   15.86    0.00    0.00    0.00   29.67
20:27:18     all   36.62    0.00   15.66    0.00    0.00   14.90    0.00    0.00    0.00   32.83
20:27:19     all   41.67    0.00   15.15    0.00    0.00   16.67    0.00    0.00    0.00   26.52
20:27:20     all   41.67    0.00   15.91    0.00    0.00   15.91    0.00    0.00    0.00   26.52
20:27:21     all   39.09    0.00   17.01    0.00    0.00   16.24    0.00    0.00    0.00   27.66
20:27:22     all   35.19    0.00   17.97    0.00    0.00   17.22    0.00    0.00    0.00   29.62
20:27:23     all   35.61    0.00   18.43    0.00    0.00   17.68    0.00    0.00    0.00   28.28
20:27:24     all   35.61    0.00   18.18    0.00    0.00   17.17    0.00    0.00    0.00   29.04
20:27:25     all   36.95    0.00   16.28    0.00    0.00   16.02    0.00    0.00    0.00   30.75
20:27:26     all   37.22    0.00   18.99    0.00    0.00   15.44    0.00    0.00    0.00   28.35
20:27:27     all   36.95    0.00   17.83    0.00    0.00   14.73    0.00    0.00    0.00   30.49
20:27:28     all   36.39    0.00   18.07    0.00    0.00   16.28    0.00    0.00    0.00   29.26
20:27:29     all   37.12    0.00   18.43    0.00    0.00   15.66    0.00    0.00    0.00   28.79
20:27:30     all   37.08    0.00   17.65    0.00    0.00   14.58    0.00    0.00    0.00   30.69
20:27:31     all   35.52    0.00   18.14    0.00    0.00   17.13    0.00    0.00    0.00   29.22
20:27:32     all   40.55    0.00   17.13    0.00    0.00   15.62    0.00    0.00    0.00   26.70
20:27:33     all   39.33    0.00   16.45    0.00    0.00   14.91    0.00    0.00    0.00   29.31
20:27:34     all   40.97    0.00   17.05    0.00    0.00   16.28    0.00    0.00    0.00   25.70
20:27:35     all   38.58    0.00   16.50    0.00    0.00   17.01    0.00    0.00    0.00   27.92
20:27:36     all   36.80    0.00   16.75    0.00    0.00   16.75    0.00    0.00    0.00   29.70
20:27:37     all   36.90    0.00   17.05    0.00    0.00   17.30    0.00    0.00    0.00   28.75
20:27:38     all   35.62    0.00   16.28    0.00    0.00   17.05    0.00    0.00    0.00   31.04
20:27:39     all   38.01    0.00   16.33    0.00    0.00   15.82    0.00    0.00    0.00   29.85
20:27:40     all   35.97    0.00   17.60    0.00    0.00   17.35    0.00    0.00    0.00   29.08
20:27:41     all   36.71    0.00   15.19    0.00    0.00   16.46    0.00    0.00    0.00   31.65
20:27:42     all   42.78    0.00   14.18    0.00    0.00   17.47    0.00    0.00    0.00   25.57
20:27:43     all   44.22    0.00   14.40    0.00    0.00   15.17    0.00    0.00    0.00   26.22
20:27:44     all   37.91    0.00   15.78    0.00    0.00   16.03    0.00    0.00    0.00   30.28
20:27:45     all   36.43    0.00   18.09    0.00    0.00   16.08    0.00    0.00    0.00   29.40
20:27:46     all   36.75    0.00   18.50    0.00    0.00   16.50    0.00    0.00    0.00   28.25
20:27:47     all   36.22    0.00   18.11    0.00    0.00   16.84    0.00    0.00    0.00   28.83
20:27:48     all   37.09    0.00   18.05    0.00    0.00   15.29    0.00    0.00    0.00   29.57
20:27:49     all   36.80    0.00   16.50    0.00    0.00   17.01    0.00    0.00    0.00   29.70
20:27:50     all   36.99    0.00   16.07    0.00    0.00   16.58    0.00    0.00    0.00   30.36
20:27:51     all   36.62    0.00   18.43    0.00    0.00   15.40    0.00    0.00    0.00   29.55
20:27:52     all   35.79    0.00   16.75    0.00    0.00   16.50    0.00    0.00    0.00   30.96
20:27:53     all   41.58    0.00   15.31    0.00    0.00   17.86    0.00    0.00    0.00   25.26
20:27:54     all   44.02    0.00   15.52    0.00    0.00   15.27    0.00    0.00    0.00   25.19
20:27:55     all   37.15    0.00   17.81    0.00    0.00   16.54    0.00    0.00    0.00   28.50
20:27:56     all   36.64    0.00   17.81    0.00    0.00   16.54    0.00    0.00    0.00   29.01
20:27:57     all   36.96    0.00   15.95    0.00    0.00   17.22    0.00    0.00    0.00   29.87
20:27:58     all   37.76    0.00   16.84    0.00    0.00   16.84    0.00    0.00    0.00   28.57
20:27:59     all   33.67    0.00   17.97    0.00    0.00   16.96    0.00    0.00    0.00   31.39
20:28:00     all   28.14    0.00    7.54    0.25    0.00    8.29    0.00    0.00    0.00   55.78
20:28:01     all   36.73    0.00   18.11    0.00    0.00   14.80    0.00    0.00    0.00   30.36
20:28:02     all   36.57    0.00   17.90    0.00    0.00   16.88    0.00    0.00    0.00   28.64
20:28:03     all   37.22    0.00   17.22    0.00    0.00   16.96    0.00    0.00    0.00   28.61
20:28:04     all   20.66    0.00   16.07    0.00    0.00   10.20    0.00    0.00    0.00   53.06
20:28:05     all    0.25    0.00    0.00    0.00    0.00    0.00    0.00    0.00    0.00   99.75
20:28:06     all    0.00    0.00    0.25    0.00    0.00    0.00    0.00    0.00    0.00   99.75
20:28:07     all    0.00    0.00    0.00    0.00    0.00    0.00    0.00    0.00    0.00  100.00
20:28:08     all    0.00    0.00    0.00    0.00    0.00    0.00    0.00    0.00    0.00  100.00
20:28:09     all   28.35    0.00    9.62    0.00    0.00   10.63    0.00    0.00    0.00   51.39
20:28:10     all    7.87    0.00    5.08    0.00    0.00    3.55    0.00    0.00    0.00   83.50
20:28:11     all    0.00    0.00    0.00    0.00    0.00    0.00    0.00    0.00    0.00  100.00
20:28:12     all    0.00    0.00    0.25    0.50    0.00    0.00    0.00    0.00    0.00   99.25
20:28:13     all    0.00    0.00    0.00    0.00    0.00    0.00    0.00    0.00    0.00  100.00
20:28:14     all   18.25    0.00    0.25    0.00    0.00    0.00    0.00    0.00    0.00   81.50
20:28:15     all   36.48    0.00   15.31    0.00    0.00   17.86    0.00    0.00    0.00   30.36
20:28:16     all   37.79    0.00   16.45    0.00    0.00   14.40    0.00    0.00    0.00   31.36
20:28:17     all   37.28    0.00   16.12    0.00    0.00   16.62    0.00    0.00    0.00   29.97
20:28:18     all   36.80    0.00   15.74    0.00    0.00   17.26    0.00    0.00    0.00   30.20
20:28:19     all   40.95    0.00   14.82    0.00    0.00   17.34    0.00    0.00    0.00   26.88
20:28:20     all   40.56    0.00   16.33    0.00    0.00   16.33    0.00    0.00    0.00   26.79
20:28:21     all   42.13    0.00   15.74    0.00    0.00   15.48    0.00    0.00    0.00   26.65
20:28:22     all   36.67    0.00   17.18    0.00    0.00   17.18    0.00    0.00    0.00   28.97
20:28:23     all   36.57    0.00   16.11    0.00    0.00   17.65    0.00    0.00    0.00   29.67
20:28:24     all   37.08    0.00   17.90    0.00    0.00   16.11    0.00    0.00    0.00   28.90
20:28:25     all   37.37    0.00   17.53    0.00    0.00   15.21    0.00    0.00    0.00   29.90
20:28:26     all   33.67    0.00   17.09    0.00    0.00   15.31    0.00    0.00    0.00   33.93
20:28:27     all    2.00    0.00    2.25    0.00    0.00    0.50    0.00    0.00    0.00   95.25
20:28:28     all    0.00    0.00    0.00    0.25    0.00    0.00    0.00    0.00    0.00   99.75
20:28:29     all    0.00    0.00    0.00    0.00    0.00    0.00    0.00    0.00    0.00  100.00
20:28:30     all    0.00    0.00    0.25    0.00    0.00    0.00    0.00    0.00    0.00   99.75
20:28:31     all   28.61    0.00    6.08    0.00    0.00    9.11    0.00    0.00    0.00   56.20
20:28:32     all   37.53    0.00   17.38    0.00    0.00   15.87    0.00    0.00    0.00   29.22
20:28:33     all   37.47    0.00   17.97    0.00    0.00   16.46    0.00    0.00    0.00   28.10
20:28:34     all   36.80    0.00   18.02    0.00    0.00   16.24    0.00    0.00    0.00   28.93
20:28:35     all   36.73    0.00   16.84    0.00    0.00   15.82    0.00    0.00    0.00   30.61
20:28:36     all   36.73    0.00   17.35    0.00    0.00   16.84    0.00    0.00    0.00   29.08
20:28:37     all   36.15    0.00   17.95    0.00    0.00   16.67    0.00    0.00    0.00   29.23
20:28:38     all   37.40    0.00   18.32    0.00    0.00   15.27    0.00    0.00    0.00   29.01
20:28:39     all   36.36    0.00   17.42    0.00    0.00   15.15    0.00    0.00    0.00   31.06
20:28:40     all   39.14    0.00   16.67    0.00    0.00   18.18    0.00    0.00    0.00   26.01
20:28:41     all   40.10    0.00   15.48    0.00    0.00   16.24    0.00    0.00    0.00   28.17
20:28:42     all   41.01    0.00   17.22    0.00    0.00   14.43    0.00    0.00    0.00   27.34
20:28:43     all   39.75    0.00   17.22    0.00    0.00   15.95    0.00    0.00    0.00   27.09
20:28:44     all   36.52    0.00   19.14    0.00    0.00   15.62    0.00    0.00    0.00   28.72
20:28:45     all   37.28    0.00   16.20    0.00    0.00   15.68    0.00    0.00    0.00   30.85
20:28:46     all   35.68    0.00   18.59    0.00    0.00   16.58    0.00    0.00    0.00   29.15
20:28:47     all   36.73    0.00   16.84    0.00    0.00   17.35    0.00    0.00    0.00   29.08
20:28:48     all   37.97    0.00   16.96    0.00    0.00   15.95    0.00    0.00    0.00   29.11
20:28:49     all   37.40    0.00   17.30    0.00    0.00   16.28    0.00    0.00    0.00   29.01
20:28:50     all   36.90    0.00   16.03    0.51    0.00   15.78    0.00    0.00    0.00   30.79
20:28:51     all   17.39    0.00   11.00    0.00    0.00   11.25    0.00    0.00    0.00   60.36
20:28:52     all    0.00    0.00    0.00    0.00    0.00    0.00    0.00    0.00    0.00  100.00
20:28:53     all    0.00    0.00    0.00    0.00    0.00    0.00    0.00    0.00    0.00  100.00
20:28:54     all    0.00    0.00    0.25    0.00    0.00    0.00    0.00    0.00    0.00   99.75
20:28:55     all    0.00    0.00    0.00    0.00    0.00    0.00    0.00    0.00    0.00  100.00
20:28:56     all   42.97    0.00    8.44    0.00    0.00   11.25    0.00    0.00    0.00   37.34
20:28:57     all   36.52    0.00   16.12    0.00    0.00   17.63    0.00    0.00    0.00   29.72
20:28:58     all   36.57    0.00   18.67    0.00    0.00   16.37    0.00    0.00    0.00   28.39
20:28:59     all   36.62    0.00   17.68    0.00    0.00   16.16    0.00    0.00    0.00   29.55
20:29:00     all   38.29    0.00   16.88    0.00    0.00   16.12    0.00    0.00    0.00   28.72
20:29:01     all   36.71    0.00   17.72    0.25    0.00   16.46    0.00    0.00    0.00   28.86
20:29:02     all   38.11    0.00   16.62    0.00    0.00   15.86    0.00    0.00    0.00   29.41
20:29:03     all   38.11    0.00   17.90    0.00    0.00   15.60    0.00    0.00    0.00   28.39
20:29:04     all   37.72    0.00   15.44    0.00    0.00   17.47    0.00    0.00    0.00   29.37
20:29:05     all   40.82    0.00   17.09    0.00    0.00   15.31    0.00    0.00    0.00   26.79
20:29:06     all   18.94    0.00   11.11    0.00    0.00    8.84    0.00    0.00    0.00   61.11
20:29:07     all    0.00    0.00    0.00    0.00    0.00    0.00    0.00    0.00    0.00  100.00
20:29:08     all    0.00    0.00    0.00    0.00    0.00    0.00    0.00    0.00    0.00  100.00
20:29:09     all    0.00    0.00    0.00    0.00    0.00    0.00    0.00    0.00    0.00  100.00
20:29:10     all    4.48    0.00    0.75    0.00    0.00    0.00    0.00    0.00    0.00   94.78
20:29:11     all   36.99    0.00   17.86    0.00    0.00   14.80    0.00    0.00    0.00   30.36
20:29:12     all   36.90    0.00   16.03    0.25    0.00   15.78    0.00    0.00    0.00   31.04
20:29:13     all   37.53    0.00   17.63    0.00    0.00   17.13    0.00    0.00    0.00   27.71
20:29:14     all   41.27    0.00   16.71    0.00    0.00   15.44    0.00    0.00    0.00   26.58
20:29:15     all   22.65    0.00   12.98    0.00    0.00    9.92    0.00    0.00    0.00   54.45
20:29:16     all   35.61    0.00   17.42    0.00    0.00   15.15    0.00    0.00    0.00   31.82
20:29:17     all   37.18    0.00   17.18    0.00    0.00   15.13    0.00    0.00    0.00   30.51
20:29:18     all   39.65    0.00   16.92    0.00    0.00   16.92    0.00    0.00    0.00   26.52
20:29:19     all   43.32    0.00   15.37    0.00    0.00   16.62    0.00    0.00    0.00   24.69
20:29:20     all   41.12    0.00   15.48    0.00    0.00   15.99    0.00    0.00    0.00   27.41
20:29:21     all   37.79    0.00   17.74    0.00    0.00   15.94    0.00    0.00    0.00   28.53
20:29:22     all   36.57    0.00   18.16    0.00    0.00   16.62    0.00    0.00    0.00   28.64
20:29:23     all   37.15    0.00   17.56    0.00    0.00   16.03    0.00    0.00    0.00   29.26
20:29:24     all   36.99    0.00   17.86    0.00    0.00   15.56    0.00    0.00    0.00   29.59
20:29:25     all   37.18    0.00   18.97    0.00    0.00   15.13    0.00    0.00    0.00   28.72
20:29:26     all   36.71    0.00   17.72    0.00    0.00   15.70    0.00    0.00    0.00   29.87
20:29:27     all   35.29    0.00   17.39    0.00    0.00   16.62    0.00    0.00    0.00   30.69
20:29:28     all   38.36    0.00   17.14    0.00    0.00   14.58    0.00    0.00    0.00   29.92
20:29:29     all   36.39    0.00   16.03    0.00    0.00   16.03    0.00    0.00    0.00   31.55
Average:     all   33.83    0.00   15.11    0.02    0.00   14.16    0.00    0.00    0.00   36.89
