Linux 6.8.0-1064-azure (csb-bench-host-azure) 	08/15/26 	_x86_64_	(4 CPU)

19:44:25     CPU    %usr   %nice    %sys %iowait    %irq   %soft  %steal  %guest  %gnice   %idle
19:44:26     all    9.57    0.00    3.78    0.00    0.00    0.00    0.00    0.00    0.00   86.65
19:44:27     all    3.53    0.00    1.51    0.25    0.00    0.25    0.00    0.00    0.00   94.46
19:44:28     all   21.28    0.00   12.05    0.00    0.00    6.92    0.00    0.00    0.00   59.74
19:44:29     all   23.32    0.00   16.84    0.00    0.00   15.28    0.00    0.00    0.00   44.56
19:44:30     all   20.97    0.00   21.23    0.00    0.00   12.53    0.00    0.00    0.00   45.27
19:44:31     all   20.66    0.00   23.72    0.00    0.00   14.03    0.00    0.00    0.00   41.58
19:44:32     all   21.45    0.00   20.67    0.00    0.00   15.25    0.00    0.00    0.00   42.64
19:44:33     all   21.85    0.00   25.96    0.00    0.00   15.42    0.00    0.00    0.00   36.76
19:44:34     all   22.62    0.00   20.05    0.00    0.00   14.14    0.00    0.00    0.00   43.19
19:44:35     all   22.92    0.00   17.19    0.00    0.00   16.41    0.00    0.00    0.00   43.49
19:44:36     all   22.84    0.00   19.54    0.00    0.00   16.75    0.00    0.00    0.00   40.86
19:44:37     all   21.13    0.00   21.91    0.00    0.00   12.89    0.00    0.00    0.00   44.07
19:44:38     all   20.77    0.00   21.54    0.00    0.00   13.59    0.00    0.00    0.00   44.10
19:44:39     all   22.11    0.00   21.08    0.00    0.00   16.20    0.00    0.00    0.00   40.62
19:44:40     all   23.71    0.00   21.13    0.00    0.00   16.24    0.00    0.00    0.00   38.92
19:44:41     all   22.76    0.00   22.76    0.00    0.00   15.09    0.00    0.00    0.00   39.39
19:44:42     all   22.11    0.00   23.14    0.00    0.00   15.94    0.00    0.00    0.00   38.82
19:44:43     all   23.53    0.00   26.09    0.00    0.00   17.14    0.00    0.00    0.00   33.25
19:44:44     all   21.48    0.00   26.85    0.00    0.00   15.60    0.00    0.00    0.00   36.06
19:44:45     all   22.90    0.00   26.21    0.00    0.00   15.52    0.00    0.00    0.00   35.37
19:44:46     all   22.94    0.00   21.65    0.00    0.00   15.72    0.00    0.00    0.00   39.69
19:44:47     all   22.59    0.00   22.84    0.00    0.00   15.99    0.00    0.00    0.00   38.58
19:44:48     all   21.79    0.00   25.13    0.00    0.00   14.10    0.00    0.00    0.00   38.97
19:44:49     all   20.62    0.00   22.16    0.00    0.00   14.43    0.00    0.00    0.00   42.78
19:44:50     all   22.16    0.00   22.68    0.00    0.00   14.18    0.00    0.00    0.00   40.98
19:44:51     all   22.14    0.00   20.61    0.00    0.00   16.28    0.00    0.00    0.00   40.97
19:44:52     all   21.39    0.00   25.00    0.00    0.00   15.21    0.00    0.00    0.00   38.40
19:44:53     all   20.62    0.00   23.20    0.00    0.00   13.40    0.00    0.00    0.00   42.78
19:44:54     all   21.76    0.00   26.17    0.00    0.00   16.06    0.00    0.00    0.00   36.01
19:44:55     all   22.14    0.00   26.46    0.00    0.00   16.28    0.00    0.00    0.00   35.11
19:44:56     all   21.91    0.00   22.94    0.00    0.00   14.43    0.00    0.00    0.00   40.72
19:44:57     all   21.34    0.00   24.68    0.26    0.00   14.14    0.00    0.00    0.00   39.59
19:44:58     all   22.51    0.00   26.60    0.00    0.00   14.83    0.00    0.00    0.00   36.06
19:44:59     all   21.68    0.00   26.79    0.00    0.00   14.54    0.00    0.00    0.00   36.99
19:45:00     all   22.11    0.00   23.65    0.00    0.00   15.68    0.00    0.00    0.00   38.56
19:45:01     all   22.34    0.00   23.35    0.76    0.00   16.24    0.00    0.00    0.00   37.31
19:45:02     all   22.11    0.00   26.88    0.00    0.00   15.83    0.00    0.00    0.00   35.18
19:45:03     all   20.46    0.00   25.83    0.00    0.00   14.32    0.00    0.00    0.00   39.39
19:45:04     all   21.23    0.00   27.88    0.00    0.00   16.62    0.00    0.00    0.00   34.27
19:45:05     all   23.35    0.00   23.86    0.00    0.00   14.21    0.00    0.00    0.00   38.58
19:45:06     all   21.45    0.00   21.45    0.00    0.00   13.44    0.00    0.00    0.00   43.67
19:45:07     all   21.17    0.00   25.00    0.00    0.00   15.05    0.00    0.00    0.00   38.78
19:45:08     all   21.65    0.00   23.97    0.00    0.00   13.92    0.00    0.00    0.00   40.46
19:45:09     all   22.82    0.00   23.85    0.00    0.00   15.64    0.00    0.00    0.00   37.69
19:45:10     all   22.94    0.00   21.13    0.00    0.00   16.49    0.00    0.00    0.00   39.43
19:45:11     all   22.25    0.00   27.11    0.00    0.00   14.58    0.00    0.00    0.00   36.06
19:45:12     all   22.11    0.00   25.45    0.00    0.00   15.17    0.00    0.00    0.00   37.28
19:45:13     all   22.19    0.00   26.79    0.00    0.00   17.09    0.00    0.00    0.00   33.93
19:45:14     all   23.47    0.00   26.02    0.00    0.00   16.58    0.00    0.00    0.00   33.93
19:45:15     all   22.37    0.00   21.85    0.00    0.00   16.45    0.00    0.00    0.00   39.33
19:45:16     all   22.82    0.00   26.15    0.00    0.00   14.36    0.00    0.00    0.00   36.67
19:45:17     all   20.92    0.00   26.28    0.00    0.00   15.31    0.00    0.00    0.00   37.50
19:45:18     all   23.08    0.00   24.10    0.00    0.00   15.90    0.00    0.00    0.00   36.92
19:45:19     all   23.14    0.00   20.57    0.00    0.00   16.45    0.00    0.00    0.00   39.85
19:45:20     all   19.34    0.00   17.81    0.00    0.00   11.70    0.00    0.00    0.00   51.15
19:45:21     all   21.24    0.00   17.36    0.00    0.00   13.73    0.00    0.00    0.00   47.67
19:45:22     all   21.34    0.00   18.51    0.00    0.00   14.91    0.00    0.00    0.00   45.24
19:45:23     all   21.28    0.00   16.41    0.00    0.00   14.87    0.00    0.00    0.00   47.44
19:45:24     all   21.83    0.00   17.77    0.00    0.00   14.72    0.00    0.00    0.00   45.69
19:45:25     all   20.05    0.00   17.22    0.00    0.00   14.14    0.00    0.00    0.00   48.59
19:45:26     all   21.01    0.00   17.97    0.00    0.00   14.18    0.00    0.00    0.00   46.84
19:45:27     all   20.66    0.00   17.35    0.00    0.00   14.80    0.00    0.00    0.00   47.19
19:45:28     all   20.26    0.00   17.66    0.00    0.00   15.32    0.00    0.00    0.00   46.75
19:45:29     all   21.30    0.00   13.51    0.00    0.00   15.06    0.00    0.00    0.00   50.13
19:45:30     all   20.20    0.00   22.47    0.25    0.00   15.15    0.00    0.00    0.00   41.92
19:45:31     all   20.93    0.00   23.00    0.00    0.00   15.50    0.00    0.00    0.00   40.57
19:45:32     all   14.99    0.00   14.21    0.00    0.00    9.82    0.00    0.00    0.00   60.98
19:45:33     all   20.26    0.00   20.51    0.00    0.00   13.85    0.00    0.00    0.00   45.38
19:45:34     all   21.04    0.00   17.40    0.00    0.00   14.29    0.00    0.00    0.00   47.27
19:45:35     all   21.48    0.00   20.20    0.26    0.00   14.32    0.00    0.00    0.00   43.73
19:45:36     all   21.28    0.00   21.03    0.00    0.00   13.85    0.00    0.00    0.00   43.85
19:45:37     all   19.79    0.00   17.97    0.00    0.00   14.84    0.00    0.00    0.00   47.40
19:45:38     all   19.42    0.00   17.85    0.00    0.00   13.65    0.00    0.00    0.00   49.08
19:45:39     all   20.36    0.00   17.01    0.00    0.00   15.46    0.00    0.00    0.00   47.16
19:45:40     all   20.51    0.00   20.26    0.00    0.00   15.64    0.00    0.00    0.00   43.59
19:45:41     all   20.16    0.00   20.93    0.26    0.00   14.99    0.00    0.00    0.00   43.67
19:45:42     all   21.27    0.00   22.03    0.00    0.00   15.70    0.00    0.00    0.00   41.01
19:45:43     all   21.12    0.00   20.87    0.00    0.00   15.01    0.00    0.00    0.00   43.00
19:45:44     all   19.74    0.00   17.40    0.00    0.00   14.03    0.00    0.00    0.00   48.83
19:45:45     all   21.43    0.00   20.92    0.00    0.00   15.56    0.00    0.00    0.00   42.09
19:45:46     all   21.68    0.00   21.17    0.00    0.00   14.29    0.00    0.00    0.00   42.86
19:45:47     all   20.76    0.00   19.75    0.25    0.00   14.43    0.00    0.00    0.00   44.81
19:45:48     all   20.88    0.00   21.13    0.00    0.00   14.95    0.00    0.00    0.00   43.04
19:45:49     all   21.65    0.00   15.98    0.00    0.00   15.46    0.00    0.00    0.00   46.91
19:45:50     all   19.39    0.00   21.94    0.00    0.00   14.29    0.00    0.00    0.00   44.39
19:45:51     all   20.72    0.00   21.74    0.00    0.00   15.09    0.00    0.00    0.00   42.46
19:45:52     all   20.46    0.00   18.93    0.00    0.00   15.09    0.00    0.00    0.00   45.52
19:45:53     all   20.87    0.00   20.36    0.00    0.00   15.78    0.00    0.00    0.00   43.00
19:45:54     all   20.72    0.00   18.16    0.00    0.00   14.58    0.00    0.00    0.00   46.55
19:45:55     all   19.07    0.00   12.89    0.00    0.00   13.66    0.00    0.00    0.00   54.38
19:45:56     all   20.47    0.00   14.25    0.00    0.00   15.54    0.00    0.00    0.00   49.74
19:45:57     all   21.08    0.00   14.14    0.00    0.00   15.42    0.00    0.00    0.00   49.36
19:45:58     all   22.22    0.00   14.73    0.00    0.00   15.50    0.00    0.00    0.00   47.55
19:45:59     all   19.84    0.00   13.58    0.00    0.00   13.84    0.00    0.00    0.00   52.74
19:46:00     all   20.87    0.00   12.98    0.00    0.00   14.50    0.00    0.00    0.00   51.65
19:46:01     all   18.46    0.00   12.05    0.00    0.00   13.59    0.00    0.00    0.00   55.90
19:46:02     all   19.39    0.00   14.03    0.00    0.00   15.82    0.00    0.00    0.00   50.77
19:46:03     all   20.83    0.00   13.54    0.00    0.00   14.32    0.00    0.00    0.00   51.30
19:46:04     all   20.41    0.00   13.78    0.00    0.00   14.29    0.00    0.00    0.00   51.53
19:46:05     all   21.23    0.00   12.79    0.00    0.00   15.09    0.00    0.00    0.00   50.90
19:46:06     all   20.51    0.00   14.10    0.00    0.00   14.87    0.00    0.00    0.00   50.51
19:46:07     all   22.02    0.00   13.99    0.00    0.00   14.77    0.00    0.00    0.00   49.22
19:46:08     all   21.37    0.00   14.25    0.00    0.00   15.27    0.00    0.00    0.00   49.11
19:46:09     all   21.46    0.00   13.64    0.00    0.00   15.66    0.00    0.00    0.00   49.24
19:46:10     all   20.57    0.00   13.88    0.00    0.00   15.42    0.00    0.00    0.00   50.13
19:46:11     all   20.94    0.00   14.14    0.00    0.00   15.71    0.00    0.00    0.00   49.21
19:46:12     all   21.48    0.00   13.55    0.00    0.00   14.83    0.00    0.00    0.00   50.13
19:46:13     all   20.92    0.00   14.29    0.00    0.00   15.05    0.00    0.00    0.00   49.74
19:46:14     all   20.51    0.00   14.87    0.00    0.00   16.15    0.00    0.00    0.00   48.46
19:46:15     all   21.12    0.00   13.74    0.00    0.00   15.78    0.00    0.00    0.00   49.36
19:46:16     all   22.28    0.00   13.47    0.00    0.00   14.77    0.00    0.00    0.00   49.48
19:46:17     all   21.99    0.00   14.32    0.00    0.00   14.58    0.00    0.00    0.00   49.10
19:46:18     all   20.61    0.00   13.23    0.00    0.00   15.78    0.00    0.00    0.00   50.38
19:46:19     all   21.68    0.00   13.78    0.26    0.00   16.07    0.00    0.00    0.00   48.21
19:46:20     all   19.49    0.00   13.85    0.00    0.00   15.13    0.00    0.00    0.00   51.54
19:46:21     all   20.73    0.00   13.47    0.00    0.00   14.77    0.00    0.00    0.00   51.04
19:46:22     all   20.97    0.00   14.83    0.00    0.00   14.07    0.00    0.00    0.00   50.13
19:46:23     all   21.08    0.00   13.62    0.00    0.00   14.91    0.00    0.00    0.00   50.39
19:46:24     all   21.96    0.00   13.70    0.00    0.00   14.73    0.00    0.00    0.00   49.61
19:46:25     all   21.43    0.00   13.78    0.00    0.00   14.80    0.00    0.00    0.00   50.00
19:46:26     all   19.69    0.00   14.25    0.00    0.00   15.28    0.00    0.00    0.00   50.78
19:46:27     all   21.63    0.00   13.99    0.00    0.00   15.27    0.00    0.00    0.00   49.11
19:46:28     all   21.74    0.00   13.30    0.00    0.00   14.83    0.00    0.00    0.00   50.13
19:46:29     all   20.62    0.00   14.18    0.26    0.00   14.69    0.00    0.00    0.00   50.26
19:46:30     all   21.19    0.00   14.73    0.00    0.00   15.50    0.00    0.00    0.00   48.58
19:46:31     all   21.08    0.00   15.17    0.00    0.00   14.91    0.00    0.00    0.00   48.84
19:46:32     all   21.03    0.00   14.62    0.00    0.00   14.10    0.00    0.00    0.00   50.26
19:46:33     all   21.03    0.00   14.62    0.00    0.00   15.90    0.00    0.00    0.00   48.46
19:46:34     all   20.73    0.00   13.47    0.00    0.00   16.06    0.00    0.00    0.00   49.74
19:46:35     all   21.91    0.00   13.40    0.00    0.00   13.66    0.00    0.00    0.00   51.03
19:46:36     all   20.20    0.00   13.81    0.00    0.00   16.11    0.00    0.00    0.00   49.87
19:46:37     all   21.17    0.00   14.80    0.00    0.00   13.78    0.00    0.00    0.00   50.26
19:46:38     all   21.28    0.00   19.74    0.00    0.00   16.41    0.00    0.00    0.00   42.56
19:46:39     all   19.11    0.00   18.32    0.00    0.00   11.26    0.00    0.00    0.00   51.31
19:46:40     all   20.05    0.00   19.80    0.00    0.00   14.97    0.00    0.00    0.00   45.18
19:46:41     all   21.28    0.00   20.00    0.00    0.00   15.38    0.00    0.00    0.00   43.33
19:46:42     all   20.92    0.00   19.90    0.00    0.00   15.31    0.00    0.00    0.00   43.88
19:46:43     all   21.17    0.00   20.92    0.00    0.00   15.56    0.00    0.00    0.00   42.35
19:46:44     all   21.54    0.00   21.03    0.00    0.00   15.64    0.00    0.00    0.00   41.79
19:46:45     all   20.57    0.00   21.08    0.00    0.00   15.68    0.00    0.00    0.00   42.67
19:46:46     all   21.54    0.00   19.74    0.26    0.00   16.67    0.00    0.00    0.00   41.79
19:46:47     all   20.46    0.00   20.46    0.00    0.00   15.60    0.00    0.00    0.00   43.48
19:46:48     all   20.16    0.00   17.83    0.00    0.00   15.76    0.00    0.00    0.00   46.25
19:46:49     all   18.44    0.00   16.36    0.00    0.00   14.55    0.00    0.00    0.00   50.65
19:46:50     all   21.45    0.00   17.83    0.00    0.00   14.99    0.00    0.00    0.00   45.74
19:46:51     all   19.02    0.00   15.42    0.00    0.00   12.60    0.00    0.00    0.00   52.96
19:46:52     all   21.13    0.00   18.81    0.00    0.00   14.95    0.00    0.00    0.00   45.10
19:46:53     all   19.85    0.00   18.58    0.00    0.00   12.47    0.00    0.00    0.00   49.11
19:46:54     all   20.05    0.00   20.31    0.00    0.00   15.17    0.00    0.00    0.00   44.47
19:46:55     all   20.72    0.00   20.97    0.00    0.00   13.30    0.00    0.00    0.00   45.01
19:46:56     all   21.08    0.00   20.82    0.00    0.00   14.14    0.00    0.00    0.00   43.96
19:46:57     all   21.39    0.00   16.24    0.26    0.00   15.21    0.00    0.00    0.00   46.91
19:46:58     all   21.71    0.00   17.31    0.00    0.00   14.21    0.00    0.00    0.00   46.77
19:46:59     all   21.82    0.00   14.55    0.00    0.00   13.51    0.00    0.00    0.00   50.13
19:47:00     all   20.92    0.00   14.54    0.00    0.00   15.31    0.00    0.00    0.00   49.23
19:47:01     all   21.94    0.00   14.03    0.00    0.00   16.07    0.00    0.00    0.00   47.96
19:47:02     all   21.17    0.00   18.37    0.51    0.00   15.56    0.00    0.00    0.00   44.39
19:47:03     all   20.73    0.00   19.69    0.00    0.00   13.73    0.00    0.00    0.00   45.85
19:47:04     all   20.15    0.00   19.64    0.00    0.00   15.31    0.00    0.00    0.00   44.90
19:47:05     all   20.88    0.00   19.33    0.00    0.00   15.46    0.00    0.00    0.00   44.33
19:47:06     all   21.28    0.00   18.46    0.00    0.00   15.13    0.00    0.00    0.00   45.13
19:47:07     all   20.10    0.00   20.36    0.00    0.00   15.27    0.00    0.00    0.00   44.27
19:47:08     all   20.78    0.00   20.78    0.00    0.00   15.32    0.00    0.00    0.00   43.12
19:47:09     all   19.90    0.00   17.86    0.00    0.00   13.78    0.00    0.00    0.00   48.47
19:47:10     all   20.72    0.00   18.41    0.00    0.00   15.35    0.00    0.00    0.00   45.52
19:47:11     all   20.31    0.00   16.45    0.00    0.00   14.40    0.00    0.00    0.00   48.84
19:47:12     all   20.16    0.00   13.44    0.00    0.00   14.47    0.00    0.00    0.00   51.94
19:47:13     all   20.98    0.00   16.84    0.00    0.00   14.77    0.00    0.00    0.00   47.41
19:47:14     all   20.72    0.00   17.39    0.26    0.00   14.83    0.00    0.00    0.00   46.80
19:47:15     all   21.43    0.00   17.60    0.00    0.00   15.05    0.00    0.00    0.00   45.92
19:47:16     all   21.39    0.00   17.27    0.00    0.00   14.95    0.00    0.00    0.00   46.39
19:47:17     all   21.83    0.00   16.50    0.00    0.00   15.23    0.00    0.00    0.00   46.45
19:47:18     all   21.04    0.00   15.84    0.00    0.00   15.06    0.00    0.00    0.00   48.05
19:47:19     all   20.82    0.00   17.22    0.26    0.00   14.91    0.00    0.00    0.00   46.79
19:47:20     all   20.66    0.00   16.58    0.00    0.00   14.54    0.00    0.00    0.00   48.21
19:47:21     all   21.79    0.00   16.15    0.00    0.00   15.13    0.00    0.00    0.00   46.92
19:47:22     all   20.92    0.00   17.09    0.00    0.00   15.05    0.00    0.00    0.00   46.94
19:47:23     all   20.10    0.00   17.53    0.00    0.00   14.18    0.00    0.00    0.00   48.20
19:47:24     all   20.05    0.00   15.17    0.00    0.00   13.88    0.00    0.00    0.00   50.90
19:47:25     all   19.33    0.00   17.53    0.00    0.00   14.69    0.00    0.00    0.00   48.45
19:47:26     all   20.36    0.00   17.01    0.00    0.00   15.21    0.00    0.00    0.00   47.42
19:47:27     all   21.01    0.00   17.22    0.00    0.00   15.70    0.00    0.00    0.00   46.08
19:47:28     all   21.13    0.00   17.27    0.00    0.00   14.43    0.00    0.00    0.00   47.16
19:47:29     all   21.12    0.00   17.81    0.00    0.00   15.27    0.00    0.00    0.00   45.80
19:47:30     all   21.17    0.00   17.60    0.00    0.00   15.05    0.00    0.00    0.00   46.17
19:47:31     all   20.26    0.00   17.95    0.00    0.00   15.13    0.00    0.00    0.00   46.67
19:47:32     all   17.44    0.00   13.85    0.00    0.00   12.05    0.00    0.00    0.00   56.67
19:47:33     all   21.48    0.00   17.14    0.00    0.00   15.09    0.00    0.00    0.00   46.29
19:47:34     all   20.45    0.00   17.17    0.00    0.00   15.40    0.00    0.00    0.00   46.97
19:47:35     all   21.03    0.00   16.67    0.00    0.00   15.13    0.00    0.00    0.00   47.18
19:47:36     all   20.26    0.00   17.95    0.00    0.00   15.64    0.00    0.00    0.00   46.15
19:47:37     all   20.47    0.00   16.58    0.00    0.00   16.06    0.00    0.00    0.00   46.89
19:47:38     all   19.74    0.00   17.44    0.00    0.00   15.38    0.00    0.00    0.00   47.44
19:47:39     all   18.30    0.00   15.72    0.00    0.00   11.60    0.00    0.00    0.00   54.38
19:47:40     all   21.08    0.00   15.68    0.00    0.00   13.88    0.00    0.00    0.00   49.36
19:47:41     all   20.97    0.00   17.65    0.00    0.00   14.32    0.00    0.00    0.00   47.06
19:47:42     all   20.51    0.00   16.92    0.00    0.00   15.38    0.00    0.00    0.00   47.18
19:47:43     all   20.36    0.00   15.98    0.26    0.00   13.40    0.00    0.00    0.00   50.00
19:47:44     all   20.56    0.00   17.01    0.00    0.00   14.97    0.00    0.00    0.00   47.46
19:47:45     all   19.95    0.00   16.11    0.00    0.00   13.04    0.00    0.00    0.00   50.90
19:47:46     all   20.05    0.00   17.22    0.00    0.00   15.68    0.00    0.00    0.00   47.04
19:47:47     all   21.57    0.00   17.01    0.00    0.00   16.24    0.00    0.00    0.00   45.18
19:47:48     all   21.07    0.00   16.75    0.25    0.00   15.48    0.00    0.00    0.00   46.45
19:47:49     all   21.20    0.00   16.75    0.00    0.00   14.14    0.00    0.00    0.00   47.91
19:47:50     all   19.69    0.00   18.16    0.00    0.00   15.60    0.00    0.00    0.00   46.55
19:47:51     all   19.85    0.00   15.46    0.00    0.00   12.89    0.00    0.00    0.00   51.80
19:47:52     all   20.41    0.00   16.02    0.00    0.00   14.73    0.00    0.00    0.00   48.84
19:47:53     all   20.31    0.00   16.97    0.00    0.00   14.40    0.00    0.00    0.00   48.33
19:47:54     all   21.59    0.00   17.74    0.00    0.00   15.17    0.00    0.00    0.00   45.50
19:47:55     all   20.88    0.00   15.98    0.00    0.00   15.46    0.00    0.00    0.00   47.68
19:47:56     all   19.59    0.00   17.27    0.00    0.00   14.95    0.00    0.00    0.00   48.20
19:47:57     all   21.39    0.00   17.01    0.00    0.00   15.72    0.00    0.00    0.00   45.88
19:47:58     all   20.97    0.00   17.65    0.00    0.00   14.58    0.00    0.00    0.00   46.80
19:47:59     all   20.45    0.00   16.67    0.00    0.00   15.15    0.00    0.00    0.00   47.73
19:48:00     all   19.90    0.00   17.86    0.00    0.00   14.80    0.00    0.00    0.00   47.45
19:48:01     all   21.03    0.00   16.67    0.00    0.00   15.90    0.00    0.00    0.00   46.41
19:48:02     all   20.72    0.00   17.14    0.00    0.00   15.35    0.00    0.00    0.00   46.80
19:48:03     all   21.54    0.00   18.21    0.00    0.00   14.10    0.00    0.00    0.00   46.15
19:48:04     all   20.62    0.00   16.75    0.52    0.00   16.24    0.00    0.00    0.00   45.88
19:48:05     all   20.72    0.00   14.83    0.00    0.00   14.83    0.00    0.00    0.00   49.62
19:48:06     all   21.88    0.00   13.49    0.00    0.00   15.52    0.00    0.00    0.00   49.11
19:48:07     all   17.31    0.00   10.85    0.00    0.00   12.14    0.00    0.00    0.00   59.69
19:48:08     all   21.07    0.00   16.24    0.00    0.00   14.97    0.00    0.00    0.00   47.72
19:48:09     all   20.41    0.00   14.47    0.00    0.00   15.25    0.00    0.00    0.00   49.87
19:48:10     all   20.16    0.00   16.02    0.00    0.00   14.73    0.00    0.00    0.00   49.10
19:48:11     all   19.54    0.00   17.51    0.00    0.00   15.99    0.00    0.00    0.00   46.95
19:48:12     all   20.36    0.00   16.75    0.00    0.00   14.18    0.00    0.00    0.00   48.71
19:48:13     all   20.26    0.00   17.69    0.00    0.00   14.87    0.00    0.00    0.00   47.18
19:48:14     all   20.72    0.00   16.62    0.00    0.00   13.55    0.00    0.00    0.00   49.10
19:48:15     all   19.44    0.00   16.88    0.00    0.00   15.09    0.00    0.00    0.00   48.59
19:48:16     all   21.54    0.00   16.41    0.00    0.00   15.38    0.00    0.00    0.00   46.67
19:48:17     all   20.20    0.00   17.39    0.00    0.00   16.11    0.00    0.00    0.00   46.29
19:48:18     all   20.87    0.00   15.27    0.00    0.00   13.99    0.00    0.00    0.00   49.87
19:48:19     all   21.79    0.00   14.36    0.00    0.00   15.38    0.00    0.00    0.00   48.46
19:48:20     all   19.49    0.00   21.79    0.00    0.00   14.87    0.00    0.00    0.00   43.85
19:48:21     all   20.10    0.00   21.88    0.25    0.00   15.27    0.00    0.00    0.00   42.49
19:48:22     all   20.98    0.00   20.47    0.00    0.00   14.51    0.00    0.00    0.00   44.04
19:48:23     all   20.72    0.00   20.72    0.00    0.00   15.09    0.00    0.00    0.00   43.48
19:48:24     all   20.77    0.00   17.44    0.00    0.00   15.38    0.00    0.00    0.00   46.41
19:48:25     all   17.45    0.00   17.97    0.00    0.00   10.16    0.00    0.00    0.00   54.43
19:48:26     all   21.88    0.00   20.36    0.25    0.00   14.76    0.00    0.00    0.00   42.75
19:48:27     all   20.77    0.00   21.03    0.00    0.00   15.90    0.00    0.00    0.00   42.31
19:48:28     all   20.31    0.00   20.57    0.00    0.00   15.89    0.00    0.00    0.00   43.23
19:48:29     all   21.57    0.00   21.07    0.00    0.00   14.47    0.00    0.00    0.00   42.89
19:48:30     all   20.92    0.00   19.39    0.00    0.00   15.05    0.00    0.00    0.00   44.64
19:48:31     all   20.87    0.00   20.61    0.00    0.00   13.99    0.00    0.00    0.00   44.53
19:48:32     all   21.03    0.00   16.92    0.00    0.00   16.41    0.00    0.00    0.00   45.64
19:48:33     all   18.13    0.00   17.36    0.00    0.00   14.77    0.00    0.00    0.00   49.74
19:48:34     all   22.45    0.00   16.33    0.00    0.00   15.05    0.00    0.00    0.00   46.17
19:48:35     all   20.57    0.00   16.41    0.00    0.00   15.36    0.00    0.00    0.00   47.66
19:48:36     all   20.46    0.00   16.62    0.00    0.00   15.09    0.00    0.00    0.00   47.83
19:48:37     all   20.72    0.00   16.11    0.26    0.00   15.60    0.00    0.00    0.00   47.31
19:48:38     all   20.36    0.00   17.27    0.00    0.00   14.69    0.00    0.00    0.00   47.68
19:48:39     all   21.74    0.00   17.14    0.00    0.00   14.58    0.00    0.00    0.00   46.55
19:48:40     all   20.36    0.00   17.30    0.00    0.00   15.52    0.00    0.00    0.00   46.82
19:48:41     all   20.82    0.00   16.97    0.00    0.00   15.94    0.00    0.00    0.00   46.27
19:48:42     all   20.36    0.00   17.56    0.25    0.00   15.78    0.00    0.00    0.00   46.06
19:48:43     all   20.31    0.00   17.19    0.00    0.00   14.32    0.00    0.00    0.00   48.18
19:48:44     all   20.36    0.00   18.04    0.00    0.00   14.95    0.00    0.00    0.00   46.65
19:48:45     all   20.77    0.00   17.18    0.00    0.00   15.38    0.00    0.00    0.00   46.67
19:48:46     all   19.80    0.00   17.51    0.00    0.00   14.97    0.00    0.00    0.00   47.72
19:48:47     all   20.41    0.00   17.86    0.00    0.00   16.07    0.00    0.00    0.00   45.66
19:48:48     all   20.73    0.00   17.62    0.00    0.00   15.03    0.00    0.00    0.00   46.63
19:48:49     all   20.66    0.00   16.84    0.00    0.00   15.56    0.00    0.00    0.00   46.94
19:48:50     all   20.72    0.00   17.65    0.00    0.00   15.60    0.00    0.00    0.00   46.04
19:48:51     all   21.12    0.00   17.56    0.00    0.00   16.03    0.00    0.00    0.00   45.29
19:48:52     all   20.36    0.00   17.53    0.00    0.00   14.69    0.00    0.00    0.00   47.42
19:48:53     all   22.05    0.00   17.69    0.00    0.00   15.38    0.00    0.00    0.00   44.87
19:48:54     all   19.95    0.00   17.39    0.00    0.00   15.35    0.00    0.00    0.00   47.31
19:48:55     all   19.90    0.00   17.60    0.00    0.00   14.80    0.00    0.00    0.00   47.70
19:48:56     all   20.36    0.00   16.24    0.00    0.00   13.66    0.00    0.00    0.00   49.74
19:48:57     all   19.85    0.00   16.54    0.00    0.00   14.25    0.00    0.00    0.00   49.36
19:48:58     all   20.51    0.00   17.22    0.00    0.00   16.46    0.00    0.00    0.00   45.82
19:48:59     all   21.88    0.00   15.78    0.00    0.00   15.78    0.00    0.00    0.00   46.56
19:49:00     all   21.08    0.00   17.74    0.00    0.00   15.17    0.00    0.00    0.00   46.02
19:49:01     all   20.93    0.00   16.54    0.00    0.00   15.76    0.00    0.00    0.00   46.77
19:49:02     all   21.48    0.00   16.88    0.51    0.00   15.86    0.00    0.00    0.00   45.27
19:49:03     all   20.26    0.00   16.67    0.00    0.00   15.64    0.00    0.00    0.00   47.44
19:49:04     all   19.90    0.00   17.31    0.00    0.00   14.99    0.00    0.00    0.00   47.80
19:49:05     all   20.93    0.00   16.80    0.00    0.00   15.50    0.00    0.00    0.00   46.77
19:49:06     all   19.85    0.00   18.04    0.00    0.00   14.18    0.00    0.00    0.00   47.94
19:49:07     all   19.74    0.00   17.14    0.26    0.00   15.06    0.00    0.00    0.00   47.79
19:49:08     all   20.30    0.00   17.77    0.00    0.00   15.74    0.00    0.00    0.00   46.19
19:49:09     all   20.67    0.00   16.28    0.00    0.00   15.50    0.00    0.00    0.00   47.55
19:49:10     all   21.43    0.00   17.09    0.00    0.00   15.31    0.00    0.00    0.00   46.17
19:49:11     all   21.13    0.00   17.01    0.00    0.00   14.43    0.00    0.00    0.00   47.42
19:49:12     all   20.76    0.00   17.47    0.00    0.00   14.68    0.00    0.00    0.00   47.09
19:49:13     all   20.98    0.00   16.32    0.00    0.00   15.28    0.00    0.00    0.00   47.41
19:49:14     all   20.10    0.00   16.75    0.00    0.00   14.43    0.00    0.00    0.00   48.71
19:49:15     all   20.72    0.00   17.39    0.00    0.00   15.35    0.00    0.00    0.00   46.55
19:49:16     all   20.21    0.00   16.58    0.00    0.00   15.28    0.00    0.00    0.00   47.93
19:49:17     all   21.52    0.00   17.22    0.00    0.00   15.70    0.00    0.00    0.00   45.57
19:49:18     all   20.63    0.00   15.67    0.00    0.00   13.84    0.00    0.00    0.00   49.87
19:49:19     all   19.59    0.00   17.27    0.00    0.00   14.18    0.00    0.00    0.00   48.97
19:49:20     all   20.51    0.00   13.33    0.00    0.00   12.56    0.00    0.00    0.00   53.59
19:49:21     all   20.88    0.00   17.78    0.00    0.00   15.21    0.00    0.00    0.00   46.13
19:49:22     all   20.87    0.00   16.28    0.51    0.00   14.50    0.00    0.00    0.00   47.84
19:49:23     all   21.63    0.00   16.28    0.00    0.00   15.27    0.00    0.00    0.00   46.82
19:49:24     all   20.25    0.00   17.22    0.00    0.00   15.95    0.00    0.00    0.00   46.58
19:49:25     all   21.03    0.00   17.95    0.00    0.00   15.90    0.00    0.00    0.00   45.13
19:49:26     all   21.37    0.00   17.56    0.00    0.00   15.01    0.00    0.00    0.00   46.06
19:49:27     all   21.85    0.00   17.48    0.00    0.00   15.17    0.00    0.00    0.00   45.50
19:49:28     all   20.76    0.00   20.76    0.00    0.00   15.70    0.00    0.00    0.00   42.78
19:49:29     all   20.62    0.00   20.88    0.00    0.00   15.21    0.00    0.00    0.00   43.30
19:49:30     all   21.23    0.00   20.97    0.00    0.00   14.58    0.00    0.00    0.00   43.22
19:49:31     all   21.63    0.00   22.14    0.00    0.00   14.25    0.00    0.00    0.00   41.98
19:49:32     all   21.28    0.00   21.28    0.00    0.00   14.62    0.00    0.00    0.00   42.82
19:49:33     all   20.62    0.00   20.62    0.00    0.00   15.46    0.00    0.00    0.00   43.30
19:49:34     all   20.73    0.00   19.95    0.00    0.00   16.06    0.00    0.00    0.00   43.26
19:49:35     all   20.97    0.00   21.48    0.00    0.00   14.07    0.00    0.00    0.00   43.48
19:49:36     all   20.66    0.00   18.37    0.00    0.00   15.56    0.00    0.00    0.00   45.41
19:49:37     all   20.05    0.00   16.45    0.00    0.00   15.17    0.00    0.00    0.00   48.33
19:49:38     all   20.61    0.00   17.56    0.00    0.00   13.99    0.00    0.00    0.00   47.84
19:49:39     all   20.26    0.00   17.95    0.00    0.00   15.90    0.00    0.00    0.00   45.90
19:49:40     all   20.98    0.00   17.88    0.00    0.00   13.73    0.00    0.00    0.00   47.41
19:49:41     all   21.59    0.00   17.48    0.00    0.00   14.65    0.00    0.00    0.00   46.27
19:49:42     all   20.92    0.00   19.64    0.00    0.00   15.31    0.00    0.00    0.00   44.13
19:49:43     all   20.62    0.00   18.30    0.00    0.00   15.46    0.00    0.00    0.00   45.62
19:49:44     all   19.90    0.00   17.60    0.00    0.00   15.05    0.00    0.00    0.00   47.45
19:49:45     all   20.16    0.00   17.05    0.00    0.00   14.21    0.00    0.00    0.00   48.58
19:49:46     all   20.82    0.00   17.22    0.26    0.00   14.65    0.00    0.00    0.00   47.04
19:49:47     all   21.37    0.00   18.32    0.00    0.00   13.99    0.00    0.00    0.00   46.31
19:49:48     all   21.24    0.00   17.88    0.00    0.00   15.03    0.00    0.00    0.00   45.85
19:49:49     all   21.32    0.00   20.30    0.00    0.00   14.97    0.00    0.00    0.00   43.40
19:49:50     all   20.41    0.00   20.92    0.00    0.00   15.56    0.00    0.00    0.00   43.11
19:49:51     all   20.00    0.00   21.03    0.00    0.00   15.64    0.00    0.00    0.00   43.33
19:49:52     all   21.54    0.00   20.26    0.00    0.00   15.38    0.00    0.00    0.00   42.82
19:49:53     all   20.66    0.00   21.43    0.00    0.00   15.31    0.00    0.00    0.00   42.60
19:49:54     all   20.77    0.00   22.05    0.00    0.00   14.36    0.00    0.00    0.00   42.82
19:49:55     all   21.77    0.00   21.01    0.00    0.00   16.46    0.00    0.00    0.00   40.76
19:49:56     all   20.52    0.00   20.52    0.00    0.00   14.29    0.00    0.00    0.00   44.68
19:49:57     all   21.28    0.00   21.03    0.26    0.00   15.90    0.00    0.00    0.00   41.54
19:49:58     all   20.76    0.00   22.03    0.00    0.00   15.44    0.00    0.00    0.00   41.77
19:49:59     all   20.61    0.00   21.37    0.00    0.00   15.78    0.00    0.00    0.00   42.24
19:50:00     all   21.28    0.00   21.28    0.26    0.00   15.13    0.00    0.00    0.00   42.05
19:50:01     all   19.95    0.00   19.69    0.00    0.00   15.54    0.00    0.00    0.00   44.82
19:50:02     all   20.57    0.00   22.88    0.00    0.00   14.14    0.00    0.00    0.00   42.42
19:50:03     all   20.20    0.00   19.18    0.00    0.00   13.81    0.00    0.00    0.00   46.80
19:50:04     all   20.26    0.00   20.52    0.00    0.00   13.25    0.00    0.00    0.00   45.97
19:50:05     all   21.54    0.00   20.77    0.00    0.00   15.38    0.00    0.00    0.00   42.31
19:50:06     all   21.23    0.00   21.23    0.00    0.00   14.07    0.00    0.00    0.00   43.48
19:50:07     all   20.72    0.00   21.99    0.00    0.00   14.32    0.00    0.00    0.00   42.97
19:50:08     all   19.22    0.00   20.52    0.00    0.00   13.77    0.00    0.00    0.00   46.49
19:50:09     all   21.07    0.00   20.30    0.00    0.00   15.23    0.00    0.00    0.00   43.40
19:50:10     all   20.46    0.00   21.74    0.00    0.00   15.09    0.00    0.00    0.00   42.71
19:50:11     all   21.24    0.00   21.50    0.00    0.00   14.77    0.00    0.00    0.00   42.49
19:50:12     all   21.48    0.00   20.97    0.00    0.00   15.35    0.00    0.00    0.00   42.20
19:50:13     all   20.36    0.00   20.10    0.26    0.00   14.18    0.00    0.00    0.00   45.10
19:50:14     all   20.93    0.00   20.67    0.00    0.00   15.50    0.00    0.00    0.00   42.89
19:50:15     all   20.10    0.00   20.62    0.00    0.00   15.21    0.00    0.00    0.00   44.07
19:50:16     all   19.18    0.00   20.97    0.00    0.00   15.35    0.00    0.00    0.00   44.50
19:50:17     all   20.73    0.00   20.21    0.00    0.00   15.28    0.00    0.00    0.00   43.78
19:50:18     all   19.49    0.00   20.77    0.00    0.00   15.38    0.00    0.00    0.00   44.36
19:50:19     all   21.34    0.00   21.59    0.00    0.00   14.91    0.00    0.00    0.00   42.16
19:50:20     all   19.34    0.00   22.14    0.00    0.00   14.50    0.00    0.00    0.00   44.02
19:50:21     all   20.41    0.00   21.45    0.00    0.00   13.70    0.00    0.00    0.00   44.44
19:50:22     all   20.41    0.00   19.90    0.00    0.00   14.99    0.00    0.00    0.00   44.70
19:50:23     all   21.96    0.00   20.93    0.00    0.00   14.99    0.00    0.00    0.00   42.12
19:50:24     all   21.99    0.00   21.23    0.00    0.00   15.35    0.00    0.00    0.00   41.43
19:50:25     all   19.69    0.00   20.97    0.00    0.00   15.35    0.00    0.00    0.00   43.99
19:50:26     all   19.90    0.00   21.19    0.00    0.00   13.95    0.00    0.00    0.00   44.96
19:50:27     all   21.08    0.00   21.08    0.00    0.00   14.40    0.00    0.00    0.00   43.44
19:50:28     all   19.95    0.00   20.46    0.00    0.00   14.58    0.00    0.00    0.00   45.01
19:50:29     all   21.34    0.00   21.08    0.00    0.00   14.65    0.00    0.00    0.00   42.93
19:50:30     all   21.50    0.00   19.95    0.26    0.00   13.99    0.00    0.00    0.00   44.30
19:50:31     all   21.41    0.00   23.68    0.00    0.00   15.37    0.00    0.00    0.00   39.55
19:50:32     all   19.48    0.00   21.30    0.00    0.00   15.32    0.00    0.00    0.00   43.90
19:50:33     all   21.27    0.00   21.52    0.00    0.00   14.94    0.00    0.00    0.00   42.28
19:50:34     all   19.74    0.00   20.52    0.00    0.00   13.77    0.00    0.00    0.00   45.97
19:50:35     all   20.97    0.00   20.97    0.26    0.00   14.83    0.00    0.00    0.00   42.97
19:50:36     all   20.46    0.00   20.97    0.00    0.00   14.83    0.00    0.00    0.00   43.73
19:50:37     all   20.36    0.00   21.88    0.00    0.00   15.78    0.00    0.00    0.00   41.98
19:50:38     all   19.95    0.00   21.23    0.00    0.00   14.58    0.00    0.00    0.00   44.25
19:50:39     all   20.81    0.00   20.05    0.00    0.00   14.97    0.00    0.00    0.00   44.16
19:50:40     all   21.30    0.00   20.78    0.00    0.00   14.81    0.00    0.00    0.00   43.12
19:50:41     all   20.82    0.00   21.59    0.00    0.00   14.65    0.00    0.00    0.00   42.93
19:50:42     all   20.61    0.00   20.36    0.00    0.00   14.76    0.00    0.00    0.00   44.27
19:50:43     all   20.20    0.00   22.76    0.00    0.00   14.83    0.00    0.00    0.00   42.20
19:50:44     all   20.87    0.00   19.85    0.00    0.00   15.01    0.00    0.00    0.00   44.27
19:50:45     all   20.51    0.00   21.03    0.00    0.00   14.87    0.00    0.00    0.00   43.59
19:50:46     all   20.62    0.00   21.13    0.26    0.00   15.98    0.00    0.00    0.00   42.01
19:50:47     all   19.80    0.00   22.34    0.00    0.00   14.97    0.00    0.00    0.00   42.89
19:50:48     all   21.08    0.00   20.82    0.00    0.00   15.42    0.00    0.00    0.00   42.67
19:50:49     all   21.74    0.00   20.97    0.00    0.00   15.35    0.00    0.00    0.00   41.94
19:50:50     all   20.67    0.00   20.41    0.00    0.00   14.73    0.00    0.00    0.00   44.19
19:50:51     all   19.27    0.00   20.83    0.00    0.00   15.62    0.00    0.00    0.00   44.27
19:50:52     all   21.39    0.00   20.10    0.00    0.00   14.95    0.00    0.00    0.00   43.56
19:50:53     all   20.41    0.00   19.90    0.00    0.00   13.78    0.00    0.00    0.00   45.92
19:50:54     all   20.15    0.00   20.41    0.00    0.00   15.31    0.00    0.00    0.00   44.13
19:50:55     all   20.72    0.00   19.95    0.00    0.00   15.09    0.00    0.00    0.00   44.25
19:50:56     all   21.12    0.00   20.61    0.00    0.00   14.76    0.00    0.00    0.00   43.51
19:50:57     all   20.87    0.00   21.63    0.00    0.00   14.25    0.00    0.00    0.00   43.26
19:50:58     all   21.43    0.00   21.17    0.00    0.00   14.29    0.00    0.00    0.00   43.11
19:50:59     all   20.37    0.00   18.80    0.00    0.00   14.62    0.00    0.00    0.00   46.21
19:51:00     all   20.87    0.00   19.85    0.00    0.00   16.03    0.00    0.00    0.00   43.26
19:51:01     all   21.03    0.00   21.54    0.00    0.00   14.62    0.00    0.00    0.00   42.82
19:51:02     all   20.92    0.00   21.68    0.51    0.00   15.31    0.00    0.00    0.00   41.58
19:51:03     all   21.54    0.00   20.00    0.00    0.00   15.64    0.00    0.00    0.00   42.82
19:51:04     all   20.31    0.00   17.22    0.00    0.00   15.68    0.00    0.00    0.00   46.79
19:51:05     all   20.10    0.00   19.07    0.00    0.00   15.46    0.00    0.00    0.00   45.36
19:51:06     all   21.86    0.00   20.85    0.00    0.00   15.58    0.00    0.00    0.00   41.71
19:51:07     all   21.01    0.00   21.52    0.25    0.00   15.44    0.00    0.00    0.00   41.77
19:51:08     all   20.82    0.00   19.79    0.00    0.00   14.91    0.00    0.00    0.00   44.47
19:51:09     all   20.40    0.00   22.42    0.00    0.00   15.62    0.00    0.00    0.00   41.56
19:51:10     all   20.67    0.00   19.90    0.00    0.00   15.25    0.00    0.00    0.00   44.19
19:51:11     all   20.82    0.00   19.02    0.00    0.00   14.14    0.00    0.00    0.00   46.02
19:51:12     all   20.82    0.00   19.79    0.00    0.00   14.14    0.00    0.00    0.00   45.24
19:51:13     all   20.51    0.00   20.00    0.00    0.00   14.62    0.00    0.00    0.00   44.87
19:51:14     all   20.62    0.00   21.65    0.00    0.00   14.69    0.00    0.00    0.00   43.04
19:51:15     all   20.46    0.00   21.74    0.00    0.00   14.83    0.00    0.00    0.00   42.97
19:51:16     all   21.48    0.00   19.95    0.00    0.00   14.83    0.00    0.00    0.00   43.73
19:51:17     all   19.64    0.00   21.17    0.00    0.00   15.56    0.00    0.00    0.00   43.62
19:51:18     all   20.47    0.00   22.54    0.26    0.00   15.54    0.00    0.00    0.00   41.19
19:51:19     all   18.30    0.00   19.07    0.00    0.00   14.43    0.00    0.00    0.00   48.20
19:51:20     all   19.07    0.00   20.36    0.00    0.00   13.92    0.00    0.00    0.00   46.65
19:51:21     all   22.11    0.00   21.08    0.00    0.00   14.40    0.00    0.00    0.00   42.42
19:51:22     all   20.00    0.00   20.26    0.00    0.00   14.36    0.00    0.00    0.00   45.38
19:51:23     all   20.72    0.00   20.20    0.26    0.00   14.07    0.00    0.00    0.00   44.76
19:51:24     all   21.54    0.00   20.77    0.00    0.00   15.64    0.00    0.00    0.00   42.05
19:51:25     all   20.25    0.00   21.77    0.00    0.00   14.43    0.00    0.00    0.00   43.54
19:51:26     all   20.88    0.00   20.88    0.00    0.00   14.18    0.00    0.00    0.00   44.07
19:51:27     all   19.54    0.00   19.79    0.00    0.00   15.94    0.00    0.00    0.00   44.73
19:51:28     all   20.21    0.00   20.21    0.00    0.00   15.28    0.00    0.00    0.00   44.30
19:51:29     all   20.46    0.00   21.74    0.00    0.00   15.60    0.00    0.00    0.00   42.20
19:51:30     all   20.97    0.00   20.46    0.00    0.00   14.07    0.00    0.00    0.00   44.50
19:51:31     all   21.08    0.00   20.31    0.00    0.00   14.14    0.00    0.00    0.00   44.47
19:51:32     all   20.46    0.00   21.23    0.00    0.00   14.58    0.00    0.00    0.00   43.73
19:51:33     all   21.88    0.00   20.87    0.00    0.00   15.78    0.00    0.00    0.00   41.48
19:51:34     all   21.65    0.00   20.36    0.00    0.00   13.92    0.00    0.00    0.00   44.07
19:51:35     all   21.12    0.00   21.37    0.00    0.00   15.78    0.00    0.00    0.00   41.73
19:51:36     all   20.37    0.00   20.10    0.00    0.00   14.88    0.00    0.00    0.00   44.65
19:51:37     all   20.87    0.00   20.36    0.00    0.00   14.50    0.00    0.00    0.00   44.27
19:51:38     all   20.51    0.00   20.26    0.00    0.00   15.13    0.00    0.00    0.00   44.10
19:51:39     all   18.93    0.00   21.74    0.00    0.00   14.83    0.00    0.00    0.00   44.50
19:51:40     all   21.54    0.00   21.03    0.00    0.00   14.62    0.00    0.00    0.00   42.82
19:51:41     all   20.81    0.00   21.57    0.00    0.00   14.97    0.00    0.00    0.00   42.64
19:51:42     all   21.34    0.00   21.08    0.00    0.00   14.40    0.00    0.00    0.00   43.19
19:51:43     all   20.81    0.00   21.07    0.00    0.00   16.50    0.00    0.00    0.00   41.62
19:51:44     all   20.77    0.00   21.28    0.00    0.00   15.13    0.00    0.00    0.00   42.82
19:51:45     all   21.43    0.00   21.17    0.00    0.00   14.54    0.00    0.00    0.00   42.86
19:51:46     all   20.82    0.00   20.31    0.00    0.00   13.37    0.00    0.00    0.00   45.50
19:51:47     all   19.54    0.00   21.08    0.00    0.00   14.91    0.00    0.00    0.00   44.47
19:51:48     all   20.65    0.00   20.15    0.00    0.00   14.86    0.00    0.00    0.00   44.33
19:51:49     all   20.88    0.00   21.91    0.00    0.00   14.95    0.00    0.00    0.00   42.27
19:51:50     all   20.67    0.00   19.90    0.00    0.00   14.21    0.00    0.00    0.00   45.22
19:51:51     all   20.66    0.00   20.92    0.00    0.00   15.56    0.00    0.00    0.00   42.86
19:51:52     all   20.46    0.00   20.97    0.26    0.00   14.07    0.00    0.00    0.00   44.25
19:51:53     all   20.97    0.00   21.74    0.00    0.00   15.35    0.00    0.00    0.00   41.94
19:51:54     all   20.73    0.00   19.95    0.00    0.00   14.77    0.00    0.00    0.00   44.56
19:51:55     all   21.32    0.00   21.07    0.00    0.00   15.99    0.00    0.00    0.00   41.62
19:51:56     all   20.51    0.00   22.05    0.00    0.00   15.64    0.00    0.00    0.00   41.79
19:51:57     all   21.68    0.00   20.92    0.26    0.00   14.80    0.00    0.00    0.00   42.35
19:51:58     all   22.17    0.00   20.40    0.00    0.00   14.61    0.00    0.00    0.00   42.82
19:51:59     all   21.01    0.00   21.77    0.00    0.00   14.43    0.00    0.00    0.00   42.78
19:52:00     all   21.23    0.00   20.46    0.00    0.00   14.58    0.00    0.00    0.00   43.73
19:52:01     all   19.79    0.00   21.08    0.00    0.00   13.88    0.00    0.00    0.00   45.24
19:52:02     all   21.48    0.00   20.46    0.00    0.00   14.32    0.00    0.00    0.00   43.73
19:52:03     all   21.17    0.00   20.41    0.00    0.00   15.82    0.00    0.00    0.00   42.60
19:52:04     all   20.67    0.00   20.93    0.00    0.00   14.99    0.00    0.00    0.00   43.41
19:52:05     all   20.36    0.00   22.39    0.00    0.00   13.99    0.00    0.00    0.00   43.26
19:52:06     all   20.00    0.00   21.03    0.00    0.00   13.33    0.00    0.00    0.00   45.64
19:52:07     all   21.32    0.00   20.56    0.25    0.00   15.48    0.00    0.00    0.00   42.39
19:52:08     all   21.63    0.00   18.83    0.00    0.00   15.52    0.00    0.00    0.00   44.02
19:52:09     all   20.20    0.00   21.99    0.00    0.00   14.83    0.00    0.00    0.00   42.97
19:52:10     all   21.23    0.00   20.72    0.00    0.00   14.07    0.00    0.00    0.00   43.99
19:52:11     all   19.85    0.00   20.62    0.00    0.00   14.95    0.00    0.00    0.00   44.59
19:52:12     all   20.36    0.00   21.91    0.26    0.00   15.46    0.00    0.00    0.00   42.01
19:52:13     all   20.05    0.00   17.99    0.00    0.00   15.68    0.00    0.00    0.00   46.27
19:52:14     all   21.46    0.00   19.95    0.00    0.00   15.91    0.00    0.00    0.00   42.68
19:52:15     all   20.72    0.00   20.20    0.00    0.00   15.35    0.00    0.00    0.00   43.73
19:52:16     all   20.77    0.00   21.03    0.00    0.00   15.13    0.00    0.00    0.00   43.08
19:52:17     all   20.98    0.00   20.98    0.00    0.00   14.77    0.00    0.00    0.00   43.26
19:52:18     all   20.20    0.00   18.16    0.00    0.00   13.55    0.00    0.00    0.00   48.08
19:52:19     all   20.88    0.00   20.88    0.00    0.00   14.95    0.00    0.00    0.00   43.30
19:52:20     all   20.26    0.00   21.28    0.00    0.00   15.64    0.00    0.00    0.00   42.82
19:52:21     all   20.88    0.00   21.39    0.00    0.00   13.66    0.00    0.00    0.00   44.07
19:52:22     all   20.41    0.00   20.41    0.00    0.00   14.80    0.00    0.00    0.00   44.39
19:52:23     all   21.79    0.00   16.92    0.26    0.00   13.33    0.00    0.00    0.00   47.69
19:52:24     all   20.67    0.00   15.76    0.00    0.00   15.76    0.00    0.00    0.00   47.80
19:52:25     all   20.77    0.00   18.46    0.00    0.00   15.38    0.00    0.00    0.00   45.38
19:52:26     all   21.59    0.00   17.22    0.00    0.00   14.91    0.00    0.00    0.00   46.27
19:52:27     all   20.41    0.00   16.58    0.00    0.00   15.56    0.00    0.00    0.00   47.45
19:52:28     all   21.27    0.00   17.22    0.00    0.00   15.44    0.00    0.00    0.00   46.08
19:52:29     all   20.87    0.00   17.56    0.00    0.00   14.76    0.00    0.00    0.00   46.82
19:52:30     all   21.30    0.00   15.84    0.00    0.00   15.58    0.00    0.00    0.00   47.27
19:52:31     all   19.59    0.00   18.83    0.00    0.00   16.28    0.00    0.00    0.00   45.29
19:52:32     all   22.45    0.00   17.60    0.00    0.00   14.80    0.00    0.00    0.00   45.15
19:52:33     all   20.47    0.00   16.84    0.00    0.00   14.77    0.00    0.00    0.00   47.93
19:52:34     all   21.08    0.00   16.97    0.00    0.00   15.17    0.00    0.00    0.00   46.79
19:52:35     all   21.43    0.00   17.86    0.00    0.00   15.31    0.00    0.00    0.00   45.41
19:52:36     all   21.83    0.00   16.75    0.00    0.00   15.23    0.00    0.00    0.00   46.19
19:52:37     all   19.90    0.00   16.80    0.00    0.00   15.76    0.00    0.00    0.00   47.55
19:52:38     all   19.90    0.00   16.58    0.26    0.00   15.05    0.00    0.00    0.00   48.21
19:52:39     all   19.90    0.00   19.90    0.00    0.00   15.25    0.00    0.00    0.00   44.96
19:52:40     all   21.12    0.00   21.88    0.00    0.00   15.01    0.00    0.00    0.00   41.98
19:52:41     all   20.15    0.00   21.43    0.00    0.00   14.29    0.00    0.00    0.00   44.13
19:52:42     all   20.72    0.00   20.72    0.00    0.00   14.58    0.00    0.00    0.00   43.99
19:52:43     all   21.67    0.00   19.84    0.00    0.00   13.84    0.00    0.00    0.00   44.65
19:52:44     all   19.69    0.00   20.20    0.00    0.00   13.81    0.00    0.00    0.00   46.29
19:52:45     all   21.46    0.00   20.71    0.00    0.00   15.40    0.00    0.00    0.00   42.42
19:52:46     all   21.48    0.00   20.20    0.00    0.00   15.35    0.00    0.00    0.00   42.97
19:52:47     all   21.54    0.00   21.28    0.00    0.00   15.38    0.00    0.00    0.00   41.79
19:52:48     all   21.74    0.00   20.46    0.00    0.00   15.60    0.00    0.00    0.00   42.20
19:52:49     all   20.47    0.00   20.47    0.00    0.00   14.77    0.00    0.00    0.00   44.30
19:52:50     all   19.90    0.00   20.93    0.00    0.00   15.50    0.00    0.00    0.00   43.67
19:52:51     all   21.34    0.00   20.57    0.00    0.00   14.65    0.00    0.00    0.00   43.44
19:52:52     all   20.88    0.00   20.36    0.00    0.00   14.69    0.00    0.00    0.00   44.07
19:52:53     all   19.59    0.00   20.62    0.00    0.00   13.40    0.00    0.00    0.00   46.39
19:52:54     all   20.05    0.00   22.34    0.00    0.00   14.47    0.00    0.00    0.00   43.15
19:52:55     all   20.26    0.00   20.51    0.00    0.00   14.10    0.00    0.00    0.00   45.13
19:52:56     all   22.14    0.00   20.61    0.00    0.00   14.50    0.00    0.00    0.00   42.75
19:52:57     all   20.87    0.00   21.37    0.00    0.00   15.27    0.00    0.00    0.00   42.49
19:52:58     all   21.28    0.00   20.26    0.00    0.00   14.87    0.00    0.00    0.00   43.59
19:52:59     all   21.04    0.00   20.00    0.00    0.00   15.32    0.00    0.00    0.00   43.64
19:53:00     all   22.11    0.00   21.08    0.26    0.00   14.91    0.00    0.00    0.00   41.65
19:53:01     all   18.88    0.00   19.90    0.00    0.00   14.29    0.00    0.00    0.00   46.94
19:53:02     all   19.59    0.00   21.91    0.00    0.00   14.43    0.00    0.00    0.00   44.07
19:53:03     all   20.26    0.00   21.03    0.00    0.00   14.62    0.00    0.00    0.00   44.10
19:53:04     all   21.48    0.00   19.95    0.00    0.00   13.81    0.00    0.00    0.00   44.76
19:53:05     all   20.81    0.00   20.56    0.25    0.00   14.47    0.00    0.00    0.00   43.91
19:53:06     all   20.82    0.00   20.57    0.00    0.00   14.91    0.00    0.00    0.00   43.70
19:53:07     all   20.97    0.00   20.46    0.00    0.00   16.11    0.00    0.00    0.00   42.46
19:53:08     all   19.79    0.00   21.59    0.00    0.00   14.91    0.00    0.00    0.00   43.70
19:53:09     all   21.13    0.00   19.59    0.00    0.00   15.21    0.00    0.00    0.00   44.07
19:53:10     all   20.72    0.00   21.48    0.00    0.00   15.09    0.00    0.00    0.00   42.71
19:53:11     all   20.26    0.00   21.28    0.00    0.00   14.62    0.00    0.00    0.00   43.85
19:53:12     all   20.36    0.00   21.91    0.00    0.00   14.95    0.00    0.00    0.00   42.78
19:53:13     all   20.73    0.00   20.73    0.00    0.00   13.99    0.00    0.00    0.00   44.56
19:53:14     all   20.46    0.00   20.46    0.00    0.00   14.83    0.00    0.00    0.00   44.25
19:53:15     all   20.57    0.00   19.54    0.00    0.00   14.40    0.00    0.00    0.00   45.50
19:53:16     all   21.83    0.00   21.07    0.25    0.00   15.74    0.00    0.00    0.00   41.12
19:53:17     all   20.05    0.00   21.07    0.00    0.00   15.48    0.00    0.00    0.00   43.40
19:53:18     all   20.15    0.00   22.19    0.00    0.00   15.82    0.00    0.00    0.00   41.84
19:53:19     all   20.62    0.00   21.39    0.00    0.00   14.95    0.00    0.00    0.00   43.04
19:53:20     all   18.91    0.00   11.40    0.00    0.00    8.03    0.00    0.00    0.00   61.66
19:53:21     all   19.44    0.00   11.51    0.51    0.00   11.76    0.00    0.00    0.00   56.78
19:53:22     all   20.90    0.00   15.87    0.00    0.00   12.17    0.00    0.00    0.00   51.06
19:53:23     all   19.07    0.00   14.18    0.00    0.00    9.79    0.00    0.00    0.00   56.96
19:53:24     all   19.90    0.00   15.25    0.00    0.00   12.14    0.00    0.00    0.00   52.71
19:53:25     all   19.90    0.00   14.99    0.00    0.00   12.14    0.00    0.00    0.00   52.97
19:53:26     all   19.95    0.00   15.80    0.00    0.00   12.69    0.00    0.00    0.00   51.55
19:53:27     all   20.26    0.00   16.15    0.00    0.00   12.05    0.00    0.00    0.00   51.54
19:53:28     all   20.97    0.00   14.83    0.00    0.00   12.79    0.00    0.00    0.00   51.41
19:53:29     all   19.43    0.00   15.03    0.00    0.00   11.40    0.00    0.00    0.00   54.15
19:53:30     all   20.05    0.00   15.42    0.00    0.00   12.60    0.00    0.00    0.00   51.93
19:53:31     all   20.73    0.00   15.54    0.00    0.00   12.44    0.00    0.00    0.00   51.30
19:53:32     all   20.31    0.00   15.42    0.00    0.00   11.83    0.00    0.00    0.00   52.44
19:53:33     all   20.31    0.00   14.84    0.00    0.00   10.94    0.00    0.00    0.00   53.91
19:53:34     all   19.74    0.00   15.32    0.00    0.00   12.47    0.00    0.00    0.00   52.47
19:53:35     all   19.43    0.00   12.69    0.00    0.00   10.88    0.00    0.00    0.00   56.99
19:53:36     all   18.85    0.00   11.26    0.00    0.00   10.21    0.00    0.00    0.00   59.69
19:53:37     all   20.05    0.00   15.17    0.00    0.00   11.83    0.00    0.00    0.00   52.96
19:53:38     all   19.79    0.00   14.32    0.00    0.00   11.72    0.00    0.00    0.00   54.17
19:53:39     all   18.60    0.00   14.99    0.00    0.00   10.34    0.00    0.00    0.00   56.07
19:53:40     all   20.05    0.00   14.91    0.00    0.00   12.34    0.00    0.00    0.00   52.70
19:53:41     all   19.01    0.00   13.02    0.00    0.00   10.42    0.00    0.00    0.00   57.55
19:53:42     all   20.05    0.00   14.84    0.00    0.00   11.46    0.00    0.00    0.00   53.65
19:53:43     all   20.15    0.00   15.31    0.26    0.00   11.73    0.00    0.00    0.00   52.55
19:53:44     all   20.41    0.00   14.29    0.00    0.00   13.01    0.00    0.00    0.00   52.30
19:53:45     all   20.00    0.00   15.38    0.00    0.00   12.31    0.00    0.00    0.00   52.31
19:53:46     all   20.52    0.00   15.06    0.00    0.00   12.73    0.00    0.00    0.00   51.69
19:53:47     all   20.41    0.00   15.50    0.00    0.00   12.14    0.00    0.00    0.00   51.94
19:53:48     all   20.52    0.00   16.36    0.00    0.00   11.69    0.00    0.00    0.00   51.43
19:53:49     all   20.21    0.00   15.03    0.00    0.00   11.92    0.00    0.00    0.00   52.85
19:53:50     all   20.57    0.00   15.42    0.00    0.00   12.60    0.00    0.00    0.00   51.41
19:53:51     all   20.63    0.00   15.67    0.00    0.00   10.97    0.00    0.00    0.00   52.74
19:53:52     all   19.34    0.00   15.78    0.00    0.00   11.70    0.00    0.00    0.00   53.18
19:53:53     all   18.04    0.00   14.06    0.00    0.00   10.34    0.00    0.00    0.00   57.56
19:53:54     all   18.28    0.00   15.14    0.00    0.00   10.97    0.00    0.00    0.00   55.61
19:53:55     all   20.31    0.00   14.58    0.26    0.00   10.94    0.00    0.00    0.00   53.91
19:53:56     all   19.84    0.00   15.40    0.00    0.00   11.23    0.00    0.00    0.00   53.52
19:53:57     all   18.96    0.00   14.55    0.00    0.00   11.17    0.00    0.00    0.00   55.32
19:53:58     all   19.69    0.00   14.70    0.00    0.00   10.50    0.00    0.00    0.00   55.12
19:53:59     all   20.67    0.00   16.02    0.00    0.00   12.40    0.00    0.00    0.00   50.90
19:54:00     all   20.05    0.00   14.65    0.26    0.00   11.31    0.00    0.00    0.00   53.73
19:54:01     all   19.79    0.00   16.45    0.00    0.00   11.83    0.00    0.00    0.00   51.93
19:54:02     all   19.69    0.00   16.01    0.00    0.00   11.29    0.00    0.00    0.00   53.02
19:54:03     all   20.93    0.00   14.99    0.00    0.00   12.66    0.00    0.00    0.00   51.42
19:54:04     all   19.69    0.00   16.62    0.00    0.00   11.76    0.00    0.00    0.00   51.92
19:54:05     all   18.72    0.00   14.87    0.00    0.00   11.79    0.00    0.00    0.00   54.62
19:54:06     all   18.91    0.00   13.73    0.00    0.00   11.92    0.00    0.00    0.00   55.44
19:54:07     all   20.51    0.00   15.90    0.00    0.00   13.33    0.00    0.00    0.00   50.26
19:54:08     all   19.06    0.00   15.40    0.00    0.00   11.49    0.00    0.00    0.00   54.05
19:54:09     all   19.13    0.00   15.56    0.00    0.00   11.73    0.00    0.00    0.00   53.57
19:54:10     all   20.67    0.00   15.25    0.00    0.00   12.66    0.00    0.00    0.00   51.42
19:54:11     all   19.74    0.00   15.06    0.00    0.00   10.91    0.00    0.00    0.00   54.29
19:54:12     all   18.54    0.00   14.88    0.00    0.00   10.97    0.00    0.00    0.00   55.61
19:54:13     all   18.70    0.00   15.32    0.00    0.00   11.17    0.00    0.00    0.00   54.81
19:54:14     all   20.10    0.00   15.14    0.00    0.00   10.97    0.00    0.00    0.00   53.79
19:54:15     all   18.70    0.00   14.55    0.26    0.00   11.95    0.00    0.00    0.00   54.55
19:54:16     all   19.95    0.00   16.58    0.00    0.00   11.40    0.00    0.00    0.00   52.07
19:54:17     all   19.07    0.00   13.66    0.00    0.00   11.34    0.00    0.00    0.00   55.93
19:54:18     all   18.96    0.00   14.29    0.00    0.00   10.91    0.00    0.00    0.00   55.84
19:54:19     all   19.07    0.00   15.72    0.00    0.00   11.08    0.00    0.00    0.00   54.12
19:54:20     all   20.36    0.00   14.95    0.00    0.00   11.34    0.00    0.00    0.00   53.35
19:54:21     all   19.43    0.00   15.80    0.00    0.00   12.18    0.00    0.00    0.00   52.59
19:54:22     all   19.43    0.00   16.58    0.00    0.00   12.18    0.00    0.00    0.00   51.81
19:54:23     all   20.93    0.00   15.76    0.00    0.00   11.63    0.00    0.00    0.00   51.68
19:54:24     all   20.05    0.00   15.42    0.00    0.00   11.31    0.00    0.00    0.00   53.21
19:54:25     all   19.32    0.00   14.88    0.00    0.00   11.23    0.00    0.00    0.00   54.57
19:54:26     all   19.43    0.00   14.77    0.26    0.00   11.40    0.00    0.00    0.00   54.15
19:54:27     all   19.28    0.00   15.42    0.00    0.00   11.31    0.00    0.00    0.00   53.98
19:54:28     all   20.67    0.00   14.21    0.00    0.00   11.89    0.00    0.00    0.00   53.23
19:54:29     all   19.74    0.00   15.38    0.00    0.00   12.56    0.00    0.00    0.00   52.31
19:54:30     all   21.56    0.00   15.32    0.00    0.00   11.69    0.00    0.00    0.00   51.43
19:54:31     all   19.58    0.00   16.19    0.00    0.00    9.92    0.00    0.00    0.00   54.31
19:54:32     all   20.52    0.00   16.62    0.00    0.00   12.73    0.00    0.00    0.00   50.13
19:54:33     all   20.16    0.00   16.28    0.00    0.00   11.37    0.00    0.00    0.00   52.20
19:54:34     all   19.69    0.00   15.03    0.00    0.00   11.66    0.00    0.00    0.00   53.63
19:54:35     all   18.51    0.00   13.37    0.00    0.00   10.54    0.00    0.00    0.00   57.58
19:54:36     all   19.54    0.00   14.91    0.00    0.00   11.57    0.00    0.00    0.00   53.98
19:54:37     all   19.01    0.00   15.62    0.00    0.00   11.20    0.00    0.00    0.00   54.17
19:54:38     all   19.28    0.00   14.14    0.00    0.00   12.34    0.00    0.00    0.00   54.24
19:54:39     all   20.21    0.00   14.25    0.00    0.00   11.92    0.00    0.00    0.00   53.63
19:54:40     all   18.18    0.00   16.36    0.00    0.00   11.69    0.00    0.00    0.00   53.77
19:54:41     all   19.33    0.00   15.46    0.00    0.00   11.08    0.00    0.00    0.00   54.12
19:54:42     all   18.86    0.00   15.50    0.26    0.00   11.89    0.00    0.00    0.00   53.49
19:54:43     all   19.44    0.00   14.83    0.00    0.00   12.02    0.00    0.00    0.00   53.71
19:54:44     all   18.65    0.00   15.54    0.00    0.00   11.66    0.00    0.00    0.00   54.15
19:54:45     all   19.37    0.00   14.92    0.00    0.00   10.73    0.00    0.00    0.00   54.97
19:54:46     all   21.71    0.00   15.50    0.00    0.00   12.66    0.00    0.00    0.00   50.13
19:54:47     all   19.43    0.00   14.51    0.52    0.00   12.18    0.00    0.00    0.00   53.37
19:54:48     all   21.08    0.00   12.60    0.00    0.00   13.88    0.00    0.00    0.00   52.44
19:54:49     all   20.21    0.00   14.25    0.00    0.00   12.44    0.00    0.00    0.00   53.11
19:54:50     all   18.72    0.00   13.59    0.00    0.00   10.77    0.00    0.00    0.00   56.92
19:54:51     all   18.75    0.00   13.28    0.00    0.00   11.72    0.00    0.00    0.00   56.25
19:54:52     all   20.42    0.00   13.09    0.00    0.00   12.57    0.00    0.00    0.00   53.93
19:54:53     all   19.74    0.00   16.10    0.00    0.00   12.99    0.00    0.00    0.00   51.17
19:54:54     all   21.37    0.00   14.76    0.00    0.00   12.98    0.00    0.00    0.00   50.89
19:54:55     all   21.34    0.00   16.20    0.00    0.00   14.65    0.00    0.00    0.00   47.81
19:54:56     all   20.31    0.00   15.10    0.00    0.00   11.20    0.00    0.00    0.00   53.39
19:54:57     all   20.47    0.00   11.92    0.00    0.00   10.88    0.00    0.00    0.00   56.74
19:54:58     all   19.11    0.00   15.18    0.00    0.00   10.73    0.00    0.00    0.00   54.97
19:54:59     all   20.41    0.00   15.76    0.00    0.00   11.89    0.00    0.00    0.00   51.94
19:55:00     all   21.19    0.00   14.99    0.00    0.00   10.85    0.00    0.00    0.00   52.97
19:55:01     all   19.69    0.00   14.77    0.00    0.00   12.44    0.00    0.00    0.00   53.11
19:55:02     all   19.27    0.00   14.84    0.00    0.00   10.94    0.00    0.00    0.00   54.95
19:55:03     all   19.48    0.00   14.81    0.00    0.00   11.43    0.00    0.00    0.00   54.29
19:55:04     all   18.04    0.00   14.95    0.00    0.00   11.08    0.00    0.00    0.00   55.93
19:55:05     all   19.84    0.00   15.40    0.00    0.00   10.97    0.00    0.00    0.00   53.79
19:55:06     all   19.74    0.00   15.06    0.00    0.00   12.21    0.00    0.00    0.00   52.99
19:55:07     all   18.59    0.00   15.18    0.00    0.00   10.73    0.00    0.00    0.00   55.50
19:55:08     all   18.86    0.00   15.50    0.00    0.00   12.14    0.00    0.00    0.00   53.49
19:55:09     all   20.91    0.00   15.37    0.00    0.00   11.84    0.00    0.00    0.00   51.89
19:55:10     all   20.10    0.00   14.69    0.00    0.00   12.63    0.00    0.00    0.00   52.58
19:55:11     all   19.28    0.00   15.94    0.00    0.00   11.83    0.00    0.00    0.00   52.96
19:55:12     all   20.31    0.00   14.84    0.26    0.00   12.76    0.00    0.00    0.00   51.82
19:55:13     all   20.82    0.00   14.91    0.00    0.00   11.57    0.00    0.00    0.00   52.70
19:55:14     all   18.93    0.00   15.35    0.00    0.00   10.74    0.00    0.00    0.00   54.99
19:55:15     all   20.73    0.00   15.28    0.00    0.00   12.95    0.00    0.00    0.00   51.04
19:55:16     all   20.47    0.00   16.84    0.00    0.00   13.21    0.00    0.00    0.00   49.48
19:55:17     all   19.17    0.00   14.51    0.00    0.00   11.66    0.00    0.00    0.00   54.66
19:55:18     all   19.06    0.00   14.36    0.00    0.00   11.23    0.00    0.00    0.00   55.35
19:55:19     all   19.32    0.00   14.62    0.00    0.00    9.66    0.00    0.00    0.00   56.40
19:55:20     all   19.63    0.00   14.92    0.00    0.00   10.47    0.00    0.00    0.00   54.97
19:55:21     all   19.32    0.00   15.14    0.00    0.00   11.75    0.00    0.00    0.00   53.79
19:55:22     all   19.07    0.00   15.72    0.00    0.00   11.08    0.00    0.00    0.00   54.12
19:55:23     all   20.31    0.00   15.17    0.00    0.00   12.85    0.00    0.00    0.00   51.67
19:55:24     all   19.95    0.00   15.35    0.26    0.00   12.02    0.00    0.00    0.00   52.43
19:55:25     all   19.22    0.00   14.81    0.00    0.00   12.21    0.00    0.00    0.00   53.77
19:55:26     all   20.26    0.00   15.38    0.00    0.00   12.82    0.00    0.00    0.00   51.54
19:55:27     all   19.74    0.00   15.06    0.00    0.00   12.73    0.00    0.00    0.00   52.47
19:55:28     all   18.04    0.00   11.94    0.00    0.00    9.02    0.00    0.00    0.00   61.01
19:55:29     all   18.09    0.00   13.70    0.26    0.00   10.08    0.00    0.00    0.00   57.88
19:55:30     all   19.74    0.00   15.13    0.00    0.00   12.05    0.00    0.00    0.00   53.08
19:55:31     all   19.32    0.00   16.45    0.00    0.00    9.66    0.00    0.00    0.00   54.57
19:55:32     all   18.85    0.00   14.14    0.00    0.00   10.99    0.00    0.00    0.00   56.02
19:55:33     all   19.59    0.00   14.18    0.00    0.00   11.34    0.00    0.00    0.00   54.90
19:55:34     all   19.48    0.00   15.58    0.00    0.00   10.65    0.00    0.00    0.00   54.29
19:55:35     all   19.95    0.00   15.28    0.00    0.00   11.66    0.00    0.00    0.00   53.11
19:55:36     all   19.95    0.00   15.80    0.00    0.00   11.66    0.00    0.00    0.00   52.59
19:55:37     all   20.31    0.00   13.54    0.00    0.00    9.64    0.00    0.00    0.00   56.51
19:55:38     all   19.43    0.00   14.51    0.00    0.00   10.62    0.00    0.00    0.00   55.44
19:55:39     all   20.05    0.00   14.84    0.00    0.00   10.94    0.00    0.00    0.00   54.17
19:55:40     all   19.01    0.00   15.62    0.00    0.00   11.20    0.00    0.00    0.00   54.17
19:55:41     all   20.21    0.00   15.22    0.00    0.00   11.29    0.00    0.00    0.00   53.28
19:55:42     all   19.33    0.00   15.21    0.00    0.00   11.86    0.00    0.00    0.00   53.61
19:55:43     all   19.69    0.00   16.06    0.00    0.00   12.44    0.00    0.00    0.00   51.81
19:55:44     all   20.72    0.00   15.09    0.00    0.00   12.28    0.00    0.00    0.00   51.92
19:55:45     all   19.01    0.00   16.41    0.00    0.00   11.46    0.00    0.00    0.00   53.12
19:55:46     all   20.52    0.00   15.84    0.00    0.00   11.69    0.00    0.00    0.00   51.95
19:55:47     all   15.46    0.00   12.11    0.26    0.00    9.28    0.00    0.00    0.00   62.89
19:55:48     all   18.04    0.00   13.92    0.00    0.00   10.31    0.00    0.00    0.00   57.73
19:55:49     all   20.10    0.00   14.62    0.00    0.00   12.27    0.00    0.00    0.00   53.00
19:55:50     all   21.30    0.00   16.36    0.00    0.00   11.17    0.00    0.00    0.00   51.17
19:55:51     all   21.23    0.00   16.62    0.00    0.00   11.51    0.00    0.00    0.00   50.64
19:55:52     all   19.95    0.00   15.80    0.26    0.00   11.66    0.00    0.00    0.00   52.33
19:55:53     all   19.53    0.00   14.84    0.00    0.00   12.50    0.00    0.00    0.00   53.12
19:55:54     all   20.20    0.00   15.09    0.00    0.00   12.02    0.00    0.00    0.00   52.69
19:55:55     all   19.49    0.00   14.36    0.00    0.00   12.05    0.00    0.00    0.00   54.10
19:55:56     all   18.23    0.00   14.58    0.00    0.00   11.46    0.00    0.00    0.00   55.73
19:55:57     all   20.21    0.00   15.03    0.00    0.00   10.62    0.00    0.00    0.00   54.15
19:55:58     all   18.95    0.00   13.95    0.00    0.00   10.53    0.00    0.00    0.00   56.58
19:55:59     all   19.74    0.00   14.29    0.26    0.00   11.17    0.00    0.00    0.00   54.55
19:56:00     all   20.00    0.00   13.77    0.00    0.00   11.43    0.00    0.00    0.00   54.81
19:56:01     all   19.33    0.00   15.72    0.00    0.00   10.82    0.00    0.00    0.00   54.12
19:56:02     all   19.49    0.00   14.87    0.00    0.00   11.79    0.00    0.00    0.00   53.85
19:56:03     all   18.90    0.00   15.22    0.00    0.00   10.50    0.00    0.00    0.00   55.38
19:56:04     all   18.59    0.00   13.09    0.26    0.00   10.21    0.00    0.00    0.00   57.85
19:56:05     all   19.37    0.00   14.40    0.00    0.00   12.30    0.00    0.00    0.00   53.93
19:56:06     all   14.77    0.00   11.92    0.00    0.00    8.55    0.00    0.00    0.00   64.77
19:56:07     all   20.21    0.00   15.28    0.00    0.00   10.88    0.00    0.00    0.00   53.63
19:56:08     all   19.01    0.00   14.84    0.00    0.00   11.98    0.00    0.00    0.00   54.17
19:56:09     all   18.44    0.00   13.77    0.00    0.00    9.61    0.00    0.00    0.00   58.18
19:56:10     all   20.21    0.00   15.80    0.00    0.00   12.95    0.00    0.00    0.00   51.04
19:56:11     all   20.26    0.00   14.81    0.00    0.00   10.91    0.00    0.00    0.00   54.03
19:56:12     all   19.58    0.00   15.93    0.00    0.00   11.49    0.00    0.00    0.00   53.00
19:56:13     all   20.41    0.00   14.47    0.00    0.00   11.11    0.00    0.00    0.00   54.01
19:56:14     all   20.16    0.00   12.92    0.00    0.00   11.89    0.00    0.00    0.00   55.04
19:56:15     all   19.54    0.00   13.37    0.00    0.00   11.83    0.00    0.00    0.00   55.27
19:56:16     all   19.43    0.00   17.62    0.00    0.00   12.95    0.00    0.00    0.00   50.00
19:56:17     all   20.16    0.00   15.71    0.00    0.00   12.57    0.00    0.00    0.00   51.57
19:56:18     all   20.51    0.00   16.41    0.00    0.00   12.05    0.00    0.00    0.00   51.03
19:56:19     all   19.63    0.00   14.92    0.00    0.00   11.52    0.00    0.00    0.00   53.93
19:56:20     all   20.78    0.00   15.06    0.52    0.00   11.95    0.00    0.00    0.00   51.69
19:56:21     all   20.10    0.00   13.58    0.00    0.00   11.23    0.00    0.00    0.00   55.09
19:56:22     all   20.05    0.00   15.89    0.00    0.00   12.76    0.00    0.00    0.00   51.30
19:56:23     all   20.52    0.00   14.55    0.00    0.00   11.17    0.00    0.00    0.00   53.77
19:56:24     all   20.72    0.00   15.86    0.00    0.00   12.02    0.00    0.00    0.00   51.41
19:56:25     all   21.88    0.00   15.62    0.00    0.00   10.94    0.00    0.00    0.00   51.56
19:56:26     all   19.06    0.00   14.10    0.00    0.00   10.70    0.00    0.00    0.00   56.14
19:56:27     all   19.90    0.00   14.73    0.00    0.00   10.34    0.00    0.00    0.00   55.04
19:56:28     all   19.59    0.00   14.18    0.00    0.00   12.11    0.00    0.00    0.00   54.12
19:56:29     all   20.31    0.00   15.89    0.00    0.00   12.24    0.00    0.00    0.00   51.56
19:56:30     all   19.43    0.00   15.80    0.00    0.00   11.92    0.00    0.00    0.00   52.85
19:56:31     all   19.13    0.00   16.07    0.00    0.00   11.73    0.00    0.00    0.00   53.06
19:56:32     all   19.63    0.00   15.45    0.00    0.00   11.52    0.00    0.00    0.00   53.40
19:56:33     all   20.57    0.00   15.68    0.00    0.00   11.57    0.00    0.00    0.00   52.19
19:56:34     all   19.95    0.00   15.54    0.00    0.00   12.69    0.00    0.00    0.00   51.81
19:56:35     all   19.32    0.00   13.32    0.00    0.00    9.40    0.00    0.00    0.00   57.96
19:56:36     all   18.11    0.00   13.91    0.00    0.00    9.45    0.00    0.00    0.00   58.53
19:56:37     all   20.78    0.00   15.58    0.00    0.00   12.73    0.00    0.00    0.00   50.91
19:56:38     all   19.58    0.00   14.88    0.00    0.00   10.97    0.00    0.00    0.00   54.57
19:56:39     all   20.10    0.00   15.93    0.00    0.00   12.01    0.00    0.00    0.00   51.96
19:56:40     all   18.35    0.00   14.99    0.00    0.00   10.85    0.00    0.00    0.00   55.81
19:56:41     all   18.80    0.00   14.10    0.00    0.00   10.70    0.00    0.00    0.00   56.40
19:56:42     all   20.97    0.00   14.32    0.00    0.00   12.02    0.00    0.00    0.00   52.69
19:56:43     all   20.57    0.00   17.22    0.00    0.00   13.11    0.00    0.00    0.00   49.10
19:56:44     all   20.31    0.00   14.58    0.00    0.00   10.94    0.00    0.00    0.00   54.17
19:56:45     all   18.56    0.00   15.21    0.00    0.00   12.11    0.00    0.00    0.00   54.12
19:56:46     all   20.57    0.00   15.62    0.00    0.00   11.98    0.00    0.00    0.00   51.82
19:56:47     all   19.16    0.00   14.70    0.26    0.00   10.50    0.00    0.00    0.00   55.38
19:56:48     all   20.05    0.00   15.89    0.26    0.00   11.46    0.00    0.00    0.00   52.34
19:56:49     all   20.78    0.00   15.84    0.00    0.00   11.69    0.00    0.00    0.00   51.69
19:56:50     all   20.05    0.00   14.84    0.00    0.00   10.94    0.00    0.00    0.00   54.17
19:56:51     all   20.10    0.00   15.98    0.00    0.00   11.34    0.00    0.00    0.00   52.58
19:56:52     all   19.90    0.00   15.97    0.26    0.00   11.26    0.00    0.00    0.00   52.62
19:56:53     all   20.26    0.00   15.64    0.00    0.00   12.05    0.00    0.00    0.00   52.05
19:56:54     all   19.95    0.00   16.06    0.00    0.00   12.69    0.00    0.00    0.00   51.30
19:56:55     all   20.57    0.00   15.42    0.00    0.00   12.60    0.00    0.00    0.00   51.41
19:56:56     all   20.21    0.00   15.80    0.00    0.00   12.69    0.00    0.00    0.00   51.30
19:56:57     all   19.74    0.00   15.06    0.26    0.00   11.43    0.00    0.00    0.00   53.51
19:56:58     all   17.80    0.00   13.61    0.00    0.00   10.47    0.00    0.00    0.00   58.12
19:56:59     all   19.95    0.00   14.51    0.00    0.00   10.62    0.00    0.00    0.00   54.92
19:57:00     all   18.44    0.00   14.55    0.00    0.00   10.13    0.00    0.00    0.00   56.88
19:57:01     all   19.79    0.00   14.65    0.00    0.00   11.05    0.00    0.00    0.00   54.50
19:57:02     all   19.38    0.00   16.28    0.00    0.00   11.89    0.00    0.00    0.00   52.45
19:57:03     all   19.48    0.00   16.10    0.00    0.00   11.17    0.00    0.00    0.00   53.25
19:57:04     all   19.69    0.00   15.49    0.00    0.00   11.29    0.00    0.00    0.00   53.54
19:57:05     all   19.69    0.00   14.51    0.00    0.00   12.69    0.00    0.00    0.00   53.11
19:57:06     all   20.83    0.00   16.93    0.00    0.00   13.28    0.00    0.00    0.00   48.96
19:57:07     all   19.07    0.00   13.40    0.00    0.00   10.57    0.00    0.00    0.00   56.96
19:57:08     all   19.32    0.00   13.58    0.00    0.00   10.70    0.00    0.00    0.00   56.40
19:57:09     all   20.57    0.00   14.65    0.00    0.00   12.34    0.00    0.00    0.00   52.44
19:57:10     all   20.00    0.00   14.81    0.00    0.00   11.17    0.00    0.00    0.00   54.03
19:57:11     all   21.67    0.00   15.14    0.00    0.00   11.49    0.00    0.00    0.00   51.70
19:57:12     all   19.85    0.00   16.24    0.00    0.00   11.08    0.00    0.00    0.00   52.84
19:57:13     all   19.38    0.00   16.28    0.26    0.00   11.63    0.00    0.00    0.00   52.45
19:57:14     all   19.32    0.00   15.67    0.00    0.00   11.75    0.00    0.00    0.00   53.26
19:57:15     all   19.27    0.00   14.84    0.00    0.00   13.02    0.00    0.00    0.00   52.86
19:57:16     all   21.13    0.00   15.98    0.00    0.00   11.86    0.00    0.00    0.00   51.03
19:57:17     all   19.32    0.00   15.67    0.00    0.00   10.97    0.00    0.00    0.00   54.05
19:57:18     all   21.03    0.00   15.13    0.00    0.00   11.79    0.00    0.00    0.00   52.05
19:57:19     all   18.88    0.00   13.83    0.00    0.00    9.57    0.00    0.00    0.00   57.71
19:57:20     all   20.16    0.00   11.11    0.00    0.00   11.89    0.00    0.00    0.00   56.85
19:57:21     all   19.32    0.00   11.49    0.00    0.00   11.49    0.00    0.00    0.00   57.70
19:57:22     all   18.64    0.00   14.96    0.00    0.00    9.97    0.00    0.00    0.00   56.43
19:57:23     all   19.79    0.00   14.32    0.00    0.00   10.42    0.00    0.00    0.00   55.47
19:57:24     all   20.63    0.00   15.14    0.00    0.00   12.01    0.00    0.00    0.00   52.22
19:57:25     all   19.38    0.00   14.21    0.00    0.00   11.11    0.00    0.00    0.00   55.30
19:57:26     all   20.10    0.00   14.43    0.00    0.00   12.37    0.00    0.00    0.00   53.09
19:57:27     all   19.59    0.00   16.24    0.00    0.00   12.11    0.00    0.00    0.00   52.06
19:57:28     all   19.23    0.00   15.90    0.00    0.00   12.05    0.00    0.00    0.00   52.82
19:57:29     all   19.48    0.00   14.81    0.00    0.00   10.39    0.00    0.00    0.00   55.32
19:57:30     all   20.00    0.00   15.06    0.00    0.00   11.43    0.00    0.00    0.00   53.51
19:57:31     all   20.57    0.00   13.28    0.52    0.00   10.42    0.00    0.00    0.00   55.21
19:57:32     all   19.43    0.00   15.28    0.00    0.00   11.14    0.00    0.00    0.00   54.15
19:57:33     all   18.64    0.00   11.55    0.00    0.00   10.76    0.00    0.00    0.00   59.06
19:57:34     all   20.78    0.00   12.47    0.00    0.00   12.47    0.00    0.00    0.00   54.29
19:57:35     all   20.31    0.00   11.72    0.00    0.00   11.98    0.00    0.00    0.00   55.99
19:57:36     all   18.49    0.00   11.98    0.00    0.00   11.20    0.00    0.00    0.00   58.33
19:57:37     all   19.95    0.00   10.88    0.00    0.00   10.36    0.00    0.00    0.00   58.81
19:57:38     all   21.11    0.00   12.14    0.00    0.00   11.08    0.00    0.00    0.00   55.67
19:57:39     all   20.57    0.00   11.83    0.00    0.00   12.08    0.00    0.00    0.00   55.53
19:57:40     all   19.36    0.00   11.14    0.00    0.00   10.08    0.00    0.00    0.00   59.42
19:57:41     all   19.69    0.00   12.95    0.00    0.00   13.47    0.00    0.00    0.00   53.89
19:57:42     all   20.26    0.00   12.63    0.00    0.00   10.79    0.00    0.00    0.00   56.32
19:57:43     all   20.41    0.00   11.63    0.00    0.00   10.08    0.00    0.00    0.00   57.88
19:57:44     all   20.57    0.00   11.46    0.00    0.00   11.98    0.00    0.00    0.00   55.99
19:57:45     all   20.82    0.00   12.34    0.00    0.00   12.60    0.00    0.00    0.00   54.24
19:57:46     all   19.90    0.00   12.83    0.00    0.00   11.52    0.00    0.00    0.00   55.76
19:57:47     all   19.95    0.00   11.14    0.00    0.00   11.92    0.00    0.00    0.00   56.99
19:57:48     all   20.47    0.00   13.21    0.00    0.00   11.92    0.00    0.00    0.00   54.40
19:57:49     all   21.45    0.00   12.66    0.00    0.00   11.89    0.00    0.00    0.00   54.01
19:57:50     all   19.74    0.00   11.17    0.00    0.00   11.43    0.00    0.00    0.00   57.66
19:57:51     all   19.27    0.00   11.98    0.00    0.00   10.42    0.00    0.00    0.00   58.33
19:57:52     all   19.63    0.00   10.99    0.00    0.00   10.21    0.00    0.00    0.00   59.16
19:57:53     all   19.69    0.00   10.62    0.52    0.00   10.88    0.00    0.00    0.00   58.29
19:57:54     all   19.69    0.00   11.66    0.00    0.00   12.18    0.00    0.00    0.00   56.48
19:57:55     all   19.79    0.00   13.02    0.00    0.00   12.76    0.00    0.00    0.00   54.43
19:57:56     all   21.88    0.00   12.50    0.00    0.00   13.28    0.00    0.00    0.00   52.34
19:57:57     all   18.75    0.00   10.42    0.00    0.00   10.94    0.00    0.00    0.00   59.90
19:57:58     all   17.49    0.00   12.01    0.00    0.00    9.66    0.00    0.00    0.00   60.84
19:57:59     all   20.41    0.00   12.66    0.00    0.00   11.89    0.00    0.00    0.00   55.04
19:58:00     all   18.80    0.00   12.01    0.00    0.00   10.70    0.00    0.00    0.00   58.49
19:58:01     all   20.37    0.00   11.23    0.00    0.00   11.49    0.00    0.00    0.00   56.92
19:58:02     all   18.77    0.00   12.08    0.00    0.00   10.80    0.00    0.00    0.00   58.35
19:58:03     all   19.00    0.00   12.14    0.00    0.00    8.97    0.00    0.00    0.00   59.89
19:58:04     all   20.10    0.00   10.97    0.00    0.00   11.23    0.00    0.00    0.00   57.70
19:58:05     all   20.16    0.00   10.47    0.26    0.00   10.73    0.00    0.00    0.00   58.38
19:58:06     all   19.47    0.00   11.84    0.00    0.00   10.26    0.00    0.00    0.00   58.42
19:58:07     all   19.84    0.00   10.70    0.00    0.00   10.70    0.00    0.00    0.00   58.75
19:58:08     all   18.54    0.00   11.23    0.00    0.00    9.92    0.00    0.00    0.00   60.31
19:58:09     all   20.00    0.00   11.58    0.00    0.00   10.79    0.00    0.00    0.00   57.63
19:58:10     all   18.78    0.00   11.64    0.00    0.00   10.32    0.00    0.00    0.00   59.26
19:58:11     all   19.17    0.00   12.44    0.00    0.00   11.14    0.00    0.00    0.00   57.25
19:58:12     all   19.90    0.00   11.89    0.00    0.00   11.11    0.00    0.00    0.00   57.11
19:58:13     all   20.89    0.00   11.75    0.00    0.00   11.23    0.00    0.00    0.00   56.14
19:58:14     all   19.16    0.00   11.55    0.00    0.00   10.24    0.00    0.00    0.00   59.06
19:58:15     all   19.39    0.00   13.27    0.00    0.00   11.99    0.00    0.00    0.00   55.36
19:58:16     all   19.16    0.00   12.60    0.00    0.00   10.24    0.00    0.00    0.00   58.01
19:58:17     all   19.74    0.00   12.21    0.00    0.00   11.95    0.00    0.00    0.00   56.10
19:58:18     all   19.48    0.00   11.69    0.00    0.00   11.43    0.00    0.00    0.00   57.40
19:58:19     all   18.95    0.00   11.32    0.00    0.00   12.11    0.00    0.00    0.00   57.63
19:58:20     all   20.10    0.00   11.75    0.00    0.00   10.97    0.00    0.00    0.00   57.18
19:58:21     all   20.47    0.00   11.66    0.00    0.00   11.14    0.00    0.00    0.00   56.74
19:58:22     all   19.74    0.00   11.69    0.00    0.00   10.91    0.00    0.00    0.00   57.66
19:58:23     all   19.01    0.00   14.58    0.00    0.00   11.20    0.00    0.00    0.00   55.21
19:58:24     all   19.06    0.00   15.14    0.00    0.00   10.18    0.00    0.00    0.00   55.61
19:58:25     all   19.12    0.00   14.21    0.00    0.00   11.63    0.00    0.00    0.00   55.04
19:58:26     all   20.73    0.00   15.03    0.26    0.00   10.88    0.00    0.00    0.00   53.11
19:58:27     all   20.21    0.00   13.99    0.00    0.00   12.44    0.00    0.00    0.00   53.37
19:58:28     all   13.51    0.00   10.65    0.00    0.00    7.79    0.00    0.00    0.00   68.05
19:58:29     all   18.46    0.00   16.15    0.26    0.00   11.79    0.00    0.00    0.00   53.33
19:58:30     all   20.36    0.00   14.69    0.00    0.00   11.08    0.00    0.00    0.00   53.87
19:58:31     all   19.95    0.00   17.62    0.00    0.00   12.69    0.00    0.00    0.00   49.74
19:58:32     all   20.47    0.00   15.49    0.00    0.00    9.19    0.00    0.00    0.00   54.86
19:58:33     all   18.06    0.00   13.87    0.00    0.00   10.21    0.00    0.00    0.00   57.85
19:58:34     all   18.54    0.00   14.10    0.00    0.00   10.70    0.00    0.00    0.00   56.66
19:58:35     all   17.92    0.00   13.77    0.00    0.00   10.91    0.00    0.00    0.00   57.40
19:58:36     all   20.05    0.00   15.42    0.00    0.00   11.57    0.00    0.00    0.00   52.96
19:58:37     all   20.41    0.00   15.50    0.00    0.00   12.14    0.00    0.00    0.00   51.94
19:58:38     all   19.69    0.00   14.77    0.00    0.00   12.18    0.00    0.00    0.00   53.37
19:58:39     all   18.96    0.00   14.55    0.00    0.00   11.43    0.00    0.00    0.00   55.06
19:58:40     all   20.98    0.00   16.58    0.00    0.00   12.44    0.00    0.00    0.00   50.00
19:58:41     all   19.22    0.00   14.55    0.00    0.00   11.17    0.00    0.00    0.00   55.06
19:58:42     all   20.62    0.00   13.66    0.26    0.00   11.34    0.00    0.00    0.00   54.12
19:58:43     all   18.59    0.00   13.87    0.00    0.00   10.99    0.00    0.00    0.00   56.54
19:58:44     all   20.98    0.00   13.99    0.00    0.00   11.40    0.00    0.00    0.00   53.63
19:58:45     all   20.51    0.00   15.70    0.00    0.00   13.67    0.00    0.00    0.00   50.13
19:58:46     all   19.33    0.00   15.72    0.00    0.00   12.11    0.00    0.00    0.00   52.84
19:58:47     all   19.38    0.00   12.40    0.00    0.00   11.11    0.00    0.00    0.00   57.11
19:58:48     all   19.64    0.00   12.66    0.00    0.00   12.40    0.00    0.00    0.00   55.30
19:58:49     all   19.95    0.00   15.28    0.00    0.00   12.18    0.00    0.00    0.00   52.59
19:58:50     all   19.06    0.00   14.62    0.00    0.00   10.44    0.00    0.00    0.00   55.87
19:58:51     all   18.77    0.00   15.68    0.00    0.00   13.37    0.00    0.00    0.00   52.19
19:58:52     all   19.06    0.00   14.36    0.52    0.00   10.97    0.00    0.00    0.00   55.09
19:58:53     all   20.45    0.00   17.17    0.00    0.00   13.13    0.00    0.00    0.00   49.24
19:58:54     all   20.00    0.00   15.58    0.00    0.00   12.73    0.00    0.00    0.00   51.69
19:58:55     all   20.00    0.00   15.58    0.00    0.00   11.17    0.00    0.00    0.00   53.25
19:58:56     all   20.26    0.00   15.32    0.00    0.00   11.69    0.00    0.00    0.00   52.73
19:58:57     all   20.77    0.00   14.36    0.26    0.00   11.54    0.00    0.00    0.00   53.08
19:58:58     all   19.53    0.00   16.15    0.00    0.00   12.76    0.00    0.00    0.00   51.56
19:58:59     all   19.79    0.00   15.10    0.00    0.00   10.42    0.00    0.00    0.00   54.69
19:59:00     all   19.38    0.00   14.99    0.00    0.00   12.40    0.00    0.00    0.00   53.23
19:59:01     all   19.43    0.00   15.28    0.00    0.00   11.66    0.00    0.00    0.00   53.63
19:59:02     all   20.00    0.00   15.84    0.00    0.00   11.69    0.00    0.00    0.00   52.47
19:59:03     all   19.79    0.00   16.67    0.00    0.00   11.98    0.00    0.00    0.00   51.56
19:59:04     all   19.32    0.00   14.88    0.00    0.00   10.97    0.00    0.00    0.00   54.83
19:59:05     all   19.27    0.00   13.80    0.00    0.00   10.68    0.00    0.00    0.00   56.25
19:59:06     all   20.10    0.00   14.18    0.00    0.00   12.11    0.00    0.00    0.00   53.61
19:59:07     all   20.26    0.00   16.10    0.00    0.00   11.43    0.00    0.00    0.00   52.21
19:59:08     all   20.26    0.00   14.87    0.00    0.00   11.54    0.00    0.00    0.00   53.33
19:59:09     all   17.75    0.00   14.62    0.00    0.00   10.97    0.00    0.00    0.00   56.66
19:59:10     all   20.05    0.00   15.23    0.00    0.00   11.93    0.00    0.00    0.00   52.79
19:59:11     all   19.90    0.00   15.25    0.00    0.00   11.37    0.00    0.00    0.00   53.49
19:59:12     all   20.00    0.00   16.10    0.26    0.00   10.65    0.00    0.00    0.00   52.99
19:59:13     all   19.85    0.00   14.95    0.00    0.00   11.86    0.00    0.00    0.00   53.35
19:59:14     all   20.05    0.00   15.30    0.00    0.00   11.08    0.00    0.00    0.00   53.56
19:59:15     all   19.39    0.00   15.82    0.00    0.00   11.73    0.00    0.00    0.00   53.06
19:59:16     all   19.54    0.00   14.65    0.00    0.00   11.05    0.00    0.00    0.00   54.76
19:59:17     all   21.71    0.00   15.76    0.00    0.00   12.66    0.00    0.00    0.00   49.87
19:59:18     all   19.49    0.00   15.64    0.00    0.00   11.54    0.00    0.00    0.00   53.33
19:59:19     all   18.86    0.00   14.73    0.00    0.00   12.14    0.00    0.00    0.00   54.26
19:59:20     all   20.31    0.00   14.32    0.00    0.00   11.46    0.00    0.00    0.00   53.91
19:59:21     all   19.53    0.00   15.10    0.00    0.00   12.76    0.00    0.00    0.00   52.60
19:59:22     all   20.78    0.00   16.88    0.00    0.00   12.99    0.00    0.00    0.00   49.35
19:59:23     all   20.82    0.00   16.45    0.00    0.00   12.08    0.00    0.00    0.00   50.64
19:59:24     all   20.57    0.00   15.42    0.00    0.00   10.54    0.00    0.00    0.00   53.47
19:59:25     all   19.05    0.00   12.96    0.00    0.00   11.64    0.00    0.00    0.00   56.35
Average:     all   20.35    0.00   17.23    0.02    0.00   13.50    0.00    0.00    0.00   48.90
