Linux 6.8.0-1064-azure (csb-bench-host-azure) 	08/15/26 	_x86_64_	(4 CPU)

15:09:58     CPU    %usr   %nice    %sys %iowait    %irq   %soft  %steal  %guest  %gnice   %idle
15:09:59     all   70.72    0.00    3.23    0.00    0.00    0.00    0.00    0.00    0.00   26.05
15:10:00     all   79.65    0.00    2.51    0.00    0.00    1.26    0.00    0.00    0.00   16.58
15:10:01     all   85.96    0.00    2.26    0.00    0.00    1.00    0.00    0.00    0.00   10.78
15:10:02     all   79.65    0.00    1.76    0.00    0.00    0.50    0.00    0.00    0.00   18.09
15:10:03     all   76.63    0.00    1.26    0.00    0.00    1.01    0.00    0.00    0.00   21.11
15:10:04     all   74.19    0.00    2.48    0.00    0.00    1.49    0.00    0.00    0.00   21.84
15:10:05     all   81.01    0.00    1.52    0.00    0.00    0.25    0.00    0.00    0.00   17.22
15:10:06     all   68.00    0.00    1.75    0.00    0.00    1.25    0.00    0.00    0.00   29.00
15:10:07     all   80.65    0.00    2.01    0.00    0.00    0.50    0.00    0.00    0.00   16.83
15:10:08     all   78.30    0.00    2.00    0.00    0.00    1.25    0.00    0.00    0.00   18.45
15:10:09     all   76.83    0.00    0.76    0.00    0.00    1.01    0.00    0.00    0.00   21.41
15:10:10     all   70.82    0.00    1.75    0.00    0.00    1.25    0.00    0.00    0.00   26.18
15:10:11     all   78.99    0.00    1.77    0.00    0.00    0.76    0.00    0.00    0.00   18.48
15:10:12     all   80.50    0.00    2.25    0.00    0.00    0.50    0.00    0.00    0.00   16.75
15:10:13     all   79.50    0.00    1.50    0.00    0.00    1.00    0.00    0.00    0.00   18.00
15:10:14     all   76.83    0.00    1.51    0.00    0.00    1.01    0.00    0.00    0.00   20.65
15:10:15     all   77.14    0.00    1.51    0.00    0.00    1.01    0.00    0.00    0.00   20.35
15:10:16     all   74.44    0.00    2.01    0.00    0.00    1.25    0.00    0.00    0.00   22.31
15:10:17     all   75.06    0.00    2.02    0.00    0.00    0.76    0.00    0.00    0.00   22.17
15:10:18     all   78.25    0.00    1.25    0.00    0.00    1.00    0.00    0.00    0.00   19.50
15:10:19     all   73.05    0.00    1.51    0.00    0.00    0.50    0.00    0.00    0.00   24.94
15:10:20     all   83.29    0.00    2.00    0.00    0.00    0.75    0.00    0.00    0.00   13.97
15:10:21     all   71.54    0.00    1.51    0.00    0.00    1.01    0.00    0.00    0.00   25.94
15:10:22     all   76.19    0.00    2.26    0.00    0.00    0.75    0.00    0.00    0.00   20.80
15:10:23     all   77.64    0.00    2.01    0.00    0.00    0.75    0.00    0.00    0.00   19.60
15:10:24     all   73.30    0.00    1.51    0.00    0.00    0.76    0.00    0.00    0.00   24.43
15:10:25     all   84.92    0.00    1.51    0.00    0.00    1.01    0.00    0.00    0.00   12.56
15:10:26     all   73.05    0.00    2.02    0.00    0.00    1.01    0.00    0.00    0.00   23.93
15:10:27     all   75.06    0.00    1.51    0.00    0.00    0.50    0.00    0.00    0.00   22.92
15:10:28     all   75.37    0.00    1.74    0.00    0.00    1.00    0.00    0.00    0.00   21.89
15:10:29     all   69.44    0.00    1.52    0.00    0.00    1.26    0.00    0.00    0.00   27.78
15:10:30     all   78.95    0.00    1.50    0.00    0.00    0.75    0.00    0.00    0.00   18.80
15:10:31     all   72.73    0.00    3.28    0.00    0.00    0.76    0.00    0.00    0.00   23.23
15:10:32     all   75.19    0.00    1.75    0.00    0.00    1.25    0.00    0.00    0.00   21.80
15:10:33     all   78.70    0.00    1.50    0.00    0.00    0.50    0.00    0.00    0.00   19.30
15:10:34     all   78.84    0.00    1.51    0.00    0.00    1.01    0.00    0.00    0.00   18.64
15:10:35     all   76.44    0.00    1.75    0.00    0.00    1.00    0.00    0.00    0.00   20.80
15:10:36     all   76.57    0.00    2.02    0.00    0.00    0.50    0.00    0.00    0.00   20.91
15:10:37     all   69.67    0.00    1.50    0.00    0.00    1.25    0.00    0.00    0.00   27.57
15:10:38     all   66.25    0.00    1.51    0.00    0.00    1.01    0.00    0.00    0.00   31.23
15:10:39     all   77.39    0.00    2.01    0.00    0.00    0.25    0.00    0.00    0.00   20.35
15:10:40     all   79.90    0.00    1.01    0.00    0.00    1.01    0.00    0.00    0.00   18.09
15:10:41     all   80.80    0.00    2.00    0.25    0.00    0.75    0.00    0.00    0.00   16.21
15:10:42     all   76.94    0.00    1.25    0.00    0.00    1.00    0.00    0.00    0.00   20.80
15:10:43     all   82.07    0.00    1.52    0.00    0.00    0.76    0.00    0.00    0.00   15.66
15:10:44     all   82.00    0.00    1.50    0.00    0.00    1.00    0.00    0.00    0.00   15.50
15:10:45     all   65.08    0.00    2.26    0.00    0.00    1.26    0.00    0.00    0.00   31.41
15:10:46     all   74.06    0.00    1.76    0.00    0.00    1.01    0.00    0.00    0.00   23.17
15:10:47     all   74.06    0.00    2.52    0.00    0.00    0.50    0.00    0.00    0.00   22.92
15:10:48     all   76.50    0.00    1.75    0.00    0.00    1.25    0.00    0.00    0.00   20.50
15:10:49     all   74.56    0.00    1.51    0.00    0.00    0.76    0.00    0.00    0.00   23.17
15:10:50     all   83.71    0.00    1.50    0.00    0.00    1.00    0.00    0.00    0.00   13.78
15:10:51     all   73.43    0.00    1.75    0.00    0.00    1.00    0.00    0.00    0.00   23.81
15:10:52     all   76.65    0.00    1.78    0.00    0.00    0.51    0.00    0.00    0.00   21.07
15:10:53     all   77.75    0.00    1.75    0.00    0.00    0.50    0.00    0.00    0.00   20.00
15:10:54     all   81.00    0.00    1.75    0.00    0.00    1.00    0.00    0.00    0.00   16.25
15:10:55     all   76.94    0.00    2.01    0.00    0.00    1.00    0.00    0.00    0.00   20.05
15:10:56     all   78.03    0.00    1.52    0.00    0.00    0.76    0.00    0.00    0.00   19.70
15:10:57     all   69.35    0.00    1.51    0.00    0.00    0.75    0.00    0.00    0.00   28.39
15:10:58     all   74.88    0.00    2.24    0.00    0.00    1.24    0.00    0.00    0.00   21.64
15:10:59     all   79.24    0.00    1.27    0.25    0.00    0.76    0.00    0.00    0.00   18.48
15:11:00     all   79.70    0.00    1.50    0.00    0.00    0.75    0.00    0.00    0.00   18.05
15:11:01     all   78.64    0.00    1.76    0.00    0.00    0.75    0.00    0.00    0.00   18.84
15:11:02     all   78.25    0.00    1.50    0.00    0.00    1.00    0.00    0.00    0.00   19.25
15:11:03     all   78.14    0.00    2.01    0.00    0.00    1.01    0.00    0.00    0.00   18.84
15:11:04     all   70.10    0.00    1.51    0.00    0.00    0.75    0.00    0.00    0.00   27.64
15:11:05     all   73.37    0.00    2.01    0.25    0.00    1.26    0.00    0.00    0.00   23.12
15:11:06     all   73.75    0.00    1.50    0.00    0.00    1.25    0.00    0.00    0.00   23.50
15:11:07     all   65.99    0.00    2.02    0.00    0.00    1.01    0.00    0.00    0.00   30.98
15:11:08     all   78.95    0.00    1.75    0.00    0.00    0.75    0.00    0.00    0.00   18.55
15:11:09     all   80.65    0.00    1.51    0.00    0.00    0.75    0.00    0.00    0.00   17.09
15:11:10     all   80.85    0.00    1.74    0.00    0.00    0.75    0.00    0.00    0.00   16.67
15:11:11     all   80.81    0.00    1.26    0.00    0.00    0.76    0.00    0.00    0.00   17.17
15:11:12     all   80.40    0.00    1.76    0.00    0.00    1.01    0.00    0.00    0.00   16.83
15:11:13     all   79.35    0.00    1.76    0.00    0.00    0.76    0.00    0.00    0.00   18.14
15:11:14     all   78.84    0.00    1.51    0.00    0.00    1.26    0.00    0.00    0.00   18.39
15:11:15     all   69.27    0.00    2.02    0.00    0.00    0.76    0.00    0.00    0.00   27.96
15:11:16     all   86.78    0.00    1.50    0.25    0.00    0.75    0.00    0.00    0.00   10.72
15:11:17     all   76.13    0.00    2.01    0.00    0.00    1.01    0.00    0.00    0.00   20.85
15:11:18     all   79.15    0.00    2.01    0.00    0.00    0.75    0.00    0.00    0.00   18.09
15:11:19     all   73.80    0.00    1.76    0.00    0.00    0.76    0.00    0.00    0.00   23.68
15:11:20     all   77.94    0.00    1.50    0.00    0.00    0.75    0.00    0.00    0.00   19.80
15:11:21     all   20.50    0.00    0.25    0.00    0.00    0.25    0.00    0.00    0.00   79.00
15:11:22     all    0.00    0.00    0.00    0.00    0.00    0.00    0.00    0.00    0.00  100.00
15:11:23     all    0.00    0.00    0.00    0.00    0.00    0.00    0.00    0.00    0.00  100.00
15:11:24     all    0.25    0.00    0.00    0.00    0.00    0.00    0.00    0.00    0.00   99.75
15:11:25     all    2.01    0.00    0.25    0.00    0.00    0.00    0.00    0.00    0.00   97.74
15:11:26     all   74.94    0.00    1.50    0.00    0.00    0.75    0.00    0.00    0.00   22.81
15:11:27     all   77.39    0.00    2.01    0.00    0.00    0.75    0.00    0.00    0.00   19.85
15:11:28     all   76.75    0.00    2.25    0.00    0.00    1.00    0.00    0.00    0.00   20.00
15:11:29     all   78.59    0.00    1.76    0.00    0.00    0.76    0.00    0.00    0.00   18.89
15:11:30     all   80.45    0.00    1.50    0.00    0.00    1.25    0.00    0.00    0.00   16.79
15:11:31     all   74.50    0.00    3.50    0.00    0.00    0.75    0.00    0.00    0.00   21.25
15:11:32     all   78.34    0.00    0.76    0.00    0.00    0.76    0.00    0.00    0.00   20.15
15:11:33     all   79.09    0.00    1.76    0.00    0.00    0.25    0.00    0.00    0.00   18.89
15:11:34     all   76.81    0.00    1.50    0.00    0.00    1.75    0.00    0.00    0.00   19.95
15:11:35     all   69.29    0.00    1.52    0.00    0.00    1.02    0.00    0.00    0.00   28.17
15:11:36     all   81.36    0.00    1.51    0.00    0.00    0.25    0.00    0.00    0.00   16.88
15:11:37     all   76.00    0.00    2.25    0.00    0.00    1.50    0.00    0.00    0.00   20.25
15:11:38     all   80.81    0.00    1.52    0.00    0.00    0.25    0.00    0.00    0.00   17.42
15:11:39     all   74.19    0.00    1.75    0.00    0.00    0.75    0.00    0.00    0.00   23.31
15:11:40     all   77.81    0.00    1.25    0.00    0.00    1.75    0.00    0.00    0.00   19.20
15:11:41     all   74.62    0.00    1.52    0.00    0.00    0.25    0.00    0.00    0.00   23.60
15:11:42     all   77.75    0.00    2.00    0.00    0.00    1.00    0.00    0.00    0.00   19.25
15:11:43     all   81.11    0.00    1.76    0.00    0.00    1.01    0.00    0.00    0.00   16.12
15:11:44     all   77.06    0.00    1.50    0.00    0.00    0.75    0.00    0.00    0.00   20.70
15:11:45     all   78.50    0.00    1.50    0.00    0.00    1.00    0.00    0.00    0.00   19.00
15:11:46     all   80.66    0.00    1.02    0.00    0.00    0.25    0.00    0.00    0.00   18.07
15:11:47     all   75.19    0.00    1.74    0.25    0.00    0.99    0.00    0.00    0.00   21.84
15:11:48     all   83.12    0.00    1.26    0.00    0.00    0.50    0.00    0.00    0.00   15.11
15:11:49     all   80.70    0.00    1.50    0.00    0.00    0.75    0.00    0.00    0.00   17.04
15:11:50     all   80.30    0.00    1.26    0.00    0.00    0.51    0.00    0.00    0.00   17.93
15:11:51     all   67.93    0.00    2.02    0.00    0.00    0.76    0.00    0.00    0.00   29.29
15:11:52     all   52.62    0.00    1.25    0.00    0.00    1.25    0.00    0.00    0.00   44.89
15:11:53     all    0.00    0.00    0.00    0.25    0.00    0.00    0.00    0.00    0.00   99.75
15:11:54     all    0.00    0.00    0.00    0.00    0.00    0.00    0.00    0.00    0.00  100.00
15:11:55     all    0.50    0.00    0.00    0.00    0.00    0.00    0.00    0.00    0.00   99.50
15:11:56     all    0.00    0.00    0.00    0.00    0.00    0.00    0.00    0.00    0.00  100.00
15:11:57     all   43.83    0.00    1.26    0.00    0.00    0.50    0.00    0.00    0.00   54.41
15:11:58     all   78.70    0.00    2.26    0.00    0.00    0.75    0.00    0.00    0.00   18.30
15:11:59     all   76.69    0.00    1.50    0.00    0.00    0.75    0.00    0.00    0.00   21.05
15:12:00     all   81.25    0.00    1.50    0.00    0.00    0.75    0.00    0.00    0.00   16.50
15:12:01     all   82.49    0.00    1.52    0.00    0.00    0.76    0.00    0.00    0.00   15.23
15:12:02     all   75.81    0.00    1.75    0.00    0.00    0.75    0.00    0.00    0.00   21.70
15:12:03     all   78.84    0.00    1.51    0.00    0.00    0.76    0.00    0.00    0.00   18.89
15:12:04     all   74.56    0.00    1.51    0.00    0.00    1.26    0.00    0.00    0.00   22.67
15:12:05     all   73.99    0.00    1.52    0.00    0.00    1.01    0.00    0.00    0.00   23.48
15:12:06     all   78.45    0.00    1.75    0.00    0.00    0.25    0.00    0.00    0.00   19.55
15:12:07     all   79.70    0.00    1.50    0.00    0.00    1.00    0.00    0.00    0.00   17.79
15:12:08     all   81.00    0.00    1.75    0.00    0.00    0.75    0.00    0.00    0.00   16.50
15:12:09     all   77.19    0.00    1.50    0.00    0.00    0.75    0.00    0.00    0.00   20.55
15:12:10     all   76.94    0.00    1.50    0.00    0.00    1.00    0.00    0.00    0.00   20.55
15:12:11     all   80.90    0.00    1.76    0.00    0.00    1.01    0.00    0.00    0.00   16.33
15:12:12     all   76.81    0.00    2.00    0.00    0.00    0.50    0.00    0.00    0.00   20.70
15:12:13     all   79.60    0.00    1.51    0.00    0.00    0.76    0.00    0.00    0.00   18.14
15:12:14     all   79.20    0.00    1.50    0.00    0.00    1.25    0.00    0.00    0.00   18.05
15:12:15     all   78.09    0.00    1.76    0.00    0.00    0.76    0.00    0.00    0.00   19.40
15:12:16     all   79.30    0.00    1.50    0.00    0.00    0.75    0.00    0.00    0.00   18.45
15:12:17     all   79.60    0.00    1.26    0.00    0.00    1.01    0.00    0.00    0.00   18.14
15:12:18     all   79.35    0.00    1.51    0.00    0.00    0.76    0.00    0.00    0.00   18.39
15:12:19     all   80.00    0.00    1.75    0.00    0.00    0.75    0.00    0.00    0.00   17.50
15:12:20     all   75.82    0.00    1.51    0.00    0.00    0.50    0.00    0.00    0.00   22.17
15:12:21     all   79.55    0.00    2.00    0.00    0.00    0.50    0.00    0.00    0.00   17.96
15:12:22     all   67.92    0.00    1.75    0.00    0.00    1.25    0.00    0.00    0.00   29.07
15:12:23     all   78.28    0.00    1.52    0.00    0.00    0.76    0.00    0.00    0.00   19.44
15:12:24     all   81.45    0.00    1.75    0.00    0.00    0.75    0.00    0.00    0.00   16.04
15:12:25     all   77.75    0.00    2.00    0.00    0.00    0.50    0.00    0.00    0.00   19.75
15:12:26     all   69.87    0.00    1.77    0.00    0.00    1.01    0.00    0.00    0.00   27.34
15:12:27     all   78.70    0.00    1.25    0.00    0.00    1.00    0.00    0.00    0.00   19.05
15:12:28     all   74.87    0.00    1.26    0.00    0.00    1.01    0.00    0.00    0.00   22.86
15:12:29     all   77.83    0.00    2.02    0.00    0.00    0.25    0.00    0.00    0.00   19.90
15:12:30     all   76.44    0.00    1.75    0.00    0.00    1.00    0.00    0.00    0.00   20.80
15:12:31     all   73.30    0.00    3.27    0.00    0.00    0.50    0.00    0.00    0.00   22.92
15:12:32     all   75.63    0.00    1.51    0.00    0.00    1.26    0.00    0.00    0.00   21.61
15:12:33     all   74.75    0.00    2.00    0.00    0.00    0.75    0.00    0.00    0.00   22.50
15:12:34     all   79.80    0.00    1.75    0.00    0.00    1.25    0.00    0.00    0.00   17.21
15:12:35     all   73.86    0.00    1.78    0.00    0.00    0.51    0.00    0.00    0.00   23.86
15:12:36     all   78.00    0.00    1.75    0.00    0.00    1.00    0.00    0.00    0.00   19.25
15:12:37     all   81.11    0.00    1.76    0.00    0.00    0.76    0.00    0.00    0.00   16.37
15:12:38     all   79.65    0.00    1.01    0.00    0.00    1.01    0.00    0.00    0.00   18.34
15:12:39     all   78.08    0.00    2.71    0.00    0.00    1.23    0.00    0.00    0.00   17.98
15:12:40     all   79.29    0.00    1.26    0.00    0.00    0.51    0.00    0.00    0.00   18.94
15:12:41     all   79.60    0.00    1.26    0.00    0.00    0.76    0.00    0.00    0.00   18.39
15:12:42     all   76.38    0.00    1.76    0.00    0.00    0.75    0.00    0.00    0.00   21.11
15:12:43     all   69.85    0.00    1.76    0.00    0.00    0.75    0.00    0.00    0.00   27.64
15:12:44     all   77.08    0.00    1.51    0.00    0.00    1.01    0.00    0.00    0.00   20.40
15:12:45     all   79.10    0.00    1.99    0.00    0.00    1.00    0.00    0.00    0.00   17.91
15:12:46     all   76.19    0.00    1.75    0.00    0.00    0.75    0.00    0.00    0.00   21.30
15:12:47     all   76.52    0.00    1.26    0.00    0.00    1.01    0.00    0.00    0.00   21.21
15:12:48     all   69.35    0.00    2.01    0.00    0.00    1.01    0.00    0.00    0.00   27.64
15:12:49     all   73.18    0.00    1.75    0.00    0.00    0.75    0.00    0.00    0.00   24.31
15:12:50     all   75.25    0.00    1.01    0.00    0.00    1.26    0.00    0.00    0.00   22.47
15:12:51     all   74.25    0.00    1.75    0.00    0.00    0.75    0.00    0.00    0.00   23.25
15:12:52     all   71.96    0.00    1.74    0.50    0.00    0.99    0.00    0.00    0.00   24.81
15:12:53     all   78.20    0.00    2.01    0.00    0.00    0.75    0.00    0.00    0.00   19.05
15:12:54     all   80.15    0.00    1.26    0.00    0.00    1.01    0.00    0.00    0.00   17.59
15:12:55     all   78.00    0.00    1.75    0.00    0.00    1.00    0.00    0.00    0.00   19.25
15:12:56     all   76.63    0.00    1.51    0.00    0.00    0.75    0.00    0.00    0.00   21.11
15:12:57     all   74.25    0.00    2.25    0.00    0.00    1.25    0.00    0.00    0.00   22.25
15:12:58     all   79.15    0.00    1.26    0.00    0.00    0.75    0.00    0.00    0.00   18.84
15:12:59     all   80.70    0.00    1.75    0.00    0.00    1.00    0.00    0.00    0.00   16.54
15:13:00     all   81.80    0.00    1.25    0.00    0.00    0.75    0.00    0.00    0.00   16.21
15:13:01     all   77.78    0.00    2.02    0.00    0.00    0.51    0.00    0.00    0.00   19.70
15:13:02     all   79.80    0.00    1.50    0.00    0.00    1.00    0.00    0.00    0.00   17.71
15:13:03     all   78.25    0.00    1.25    0.00    0.00    1.25    0.00    0.00    0.00   19.25
15:13:04     all   76.07    0.00    1.76    0.00    0.00    0.76    0.00    0.00    0.00   21.41
15:13:05     all   80.65    0.00    1.26    0.00    0.00    0.50    0.00    0.00    0.00   17.59
15:13:06     all   68.59    0.00    1.76    0.00    0.00    1.01    0.00    0.00    0.00   28.64
15:13:07     all   78.05    0.00    2.24    0.00    0.00    1.00    0.00    0.00    0.00   18.70
15:13:08     all   76.88    0.00    1.51    0.00    0.00    0.75    0.00    0.00    0.00   20.85
15:13:09     all   76.94    0.00    2.01    0.00    0.00    0.75    0.00    0.00    0.00   20.30
15:13:10     all   82.66    0.00    1.51    0.00    0.00    0.75    0.00    0.00    0.00   15.08
15:13:11     all   76.32    0.00    1.76    0.00    0.00    1.01    0.00    0.00    0.00   20.91
15:13:12     all   78.34    0.00    1.26    0.00    0.00    0.76    0.00    0.00    0.00   19.65
15:13:13     all   80.35    0.00    1.49    0.00    0.00    1.24    0.00    0.00    0.00   16.92
15:13:14     all   71.72    0.00    1.77    0.00    0.00    0.51    0.00    0.00    0.00   26.01
15:13:15     all   75.38    0.00    1.51    0.00    0.00    0.50    0.00    0.00    0.00   22.61
15:13:16     all   79.05    0.00    1.75    0.00    0.00    1.25    0.00    0.00    0.00   17.96
15:13:17     all   80.05    0.00    1.75    0.00    0.00    1.25    0.00    0.00    0.00   16.96
15:13:18     all   78.05    0.00    1.25    0.00    0.00    1.00    0.00    0.00    0.00   19.70
15:13:19     all   78.09    0.00    2.27    0.00    0.00    0.76    0.00    0.00    0.00   18.89
15:13:20     all   78.25    0.00    1.75    0.00    0.00    0.75    0.00    0.00    0.00   19.25
15:13:21     all   78.28    0.00    1.52    0.00    0.00    0.76    0.00    0.00    0.00   19.44
15:13:22     all   78.14    0.00    1.76    0.00    0.00    0.50    0.00    0.00    0.00   19.60
15:13:23     all   72.43    0.00    1.25    0.00    0.00    1.50    0.00    0.00    0.00   24.81
15:13:24     all   72.75    0.00    2.00    0.00    0.00    1.00    0.00    0.00    0.00   24.25
15:13:25     all   81.66    0.00    1.76    0.00    0.00    0.75    0.00    0.00    0.00   15.83
15:13:26     all   77.39    0.00    2.01    0.00    0.00    0.50    0.00    0.00    0.00   20.10
15:13:27     all   82.00    0.00    1.50    0.00    0.00    1.00    0.00    0.00    0.00   15.50
15:13:28     all   80.55    0.00    1.75    0.00    0.00    1.00    0.00    0.00    0.00   16.71
15:13:29     all   77.00    0.00    1.25    0.00    0.00    0.75    0.00    0.00    0.00   21.00
15:13:30     all   77.33    0.00    1.01    0.00    0.00    1.01    0.00    0.00    0.00   20.65
15:13:31     all   71.68    0.00    3.26    0.00    0.00    1.00    0.00    0.00    0.00   24.06
15:13:32     all   78.39    0.00    1.51    0.25    0.00    0.75    0.00    0.00    0.00   19.10
15:13:33     all   79.75    0.00    1.50    0.00    0.00    1.00    0.00    0.00    0.00   17.75
15:13:34     all   77.06    0.00    2.00    0.00    0.00    1.00    0.00    0.00    0.00   19.95
15:13:35     all   83.42    0.00    1.51    0.00    0.00    0.75    0.00    0.00    0.00   14.32
15:13:36     all   84.67    0.00    1.26    0.00    0.00    0.75    0.00    0.00    0.00   13.32
15:13:37     all   73.23    0.00    1.77    0.00    0.00    1.01    0.00    0.00    0.00   23.99
15:13:38     all   77.92    0.00    1.74    0.00    0.00    0.99    0.00    0.00    0.00   19.35
15:13:39     all   78.34    0.00    1.51    0.00    0.00    1.01    0.00    0.00    0.00   19.14
15:13:40     all   79.24    0.00    1.27    0.00    0.00    0.51    0.00    0.00    0.00   18.99
15:13:41     all   76.94    0.00    2.26    0.00    0.00    0.75    0.00    0.00    0.00   20.05
15:13:42     all   68.67    0.00    2.01    0.00    0.00    1.25    0.00    0.00    0.00   28.07
15:13:43     all   79.25    0.00    2.00    0.00    0.00    0.75    0.00    0.00    0.00   18.00
15:13:44     all   78.70    0.00    1.50    0.00    0.00    1.00    0.00    0.00    0.00   18.80
15:13:45     all   71.18    0.00    2.01    0.00    0.00    1.00    0.00    0.00    0.00   25.81
15:13:46     all   76.07    0.00    2.02    0.00    0.00    1.01    0.00    0.00    0.00   20.91
15:13:47     all   66.67    0.00    1.50    0.00    0.00    0.75    0.00    0.00    0.00   31.08
15:13:48     all   79.09    0.00    1.51    0.00    0.00    1.01    0.00    0.00    0.00   18.39
15:13:49     all   78.05    0.00    1.75    0.00    0.00    0.75    0.00    0.00    0.00   19.45
15:13:50     all   80.76    0.00    1.77    0.00    0.00    0.25    0.00    0.00    0.00   17.22
15:13:51     all   76.31    0.00    1.50    0.00    0.00    1.25    0.00    0.00    0.00   20.95
15:13:52     all   81.86    0.00    1.26    0.00    0.00    0.50    0.00    0.00    0.00   16.37
15:13:53     all   77.86    0.00    1.99    0.00    0.00    1.00    0.00    0.00    0.00   19.15
15:13:54     all   76.84    0.00    1.53    0.00    0.00    0.51    0.00    0.00    0.00   21.12
15:13:55     all   83.54    0.00    1.25    0.00    0.00    1.00    0.00    0.00    0.00   14.21
15:13:56     all   73.37    0.00    1.76    0.00    0.00    1.26    0.00    0.00    0.00   23.62
15:13:57     all   84.46    0.00    1.25    0.00    0.00    0.75    0.00    0.00    0.00   13.53
15:13:58     all   77.25    0.00    1.75    0.00    0.00    1.00    0.00    0.00    0.00   20.00
15:13:59     all   73.74    0.00    1.77    0.00    0.00    1.52    0.00    0.00    0.00   22.98
15:14:00     all   83.12    0.00    1.51    0.00    0.00    0.50    0.00    0.00    0.00   14.86
15:14:01     all   71.82    0.00    1.50    0.00    0.00    1.00    0.00    0.00    0.00   25.69
15:14:02     all   76.26    0.00    1.52    0.00    0.00    0.25    0.00    0.00    0.00   21.97
15:14:03     all   79.80    0.00    2.00    0.00    0.00    1.00    0.00    0.00    0.00   17.21
15:14:04     all   69.47    0.00    1.53    0.00    0.00    0.51    0.00    0.00    0.00   28.50
15:14:05     all   80.60    0.00    1.26    0.00    0.00    0.76    0.00    0.00    0.00   17.38
15:14:06     all   77.25    0.00    2.00    0.00    0.00    1.00    0.00    0.00    0.00   19.75
15:14:07     all   79.60    0.00    1.24    0.00    0.00    1.00    0.00    0.00    0.00   18.16
15:14:08     all   78.09    0.00    1.76    0.00    0.00    0.50    0.00    0.00    0.00   19.65
15:14:09     all   82.07    0.00    1.26    0.00    0.00    0.76    0.00    0.00    0.00   15.91
15:14:10     all   72.75    0.00    1.75    0.25    0.00    1.25    0.00    0.00    0.00   24.00
15:14:11     all   85.61    0.00    1.52    0.00    0.00    0.25    0.00    0.00    0.00   12.63
15:14:12     all   71.79    0.00    1.76    0.00    0.00    0.76    0.00    0.00    0.00   25.69
15:14:13     all   76.81    0.00    1.50    0.25    0.00    1.25    0.00    0.00    0.00   20.20
15:14:14     all   80.15    0.00    1.26    0.00    0.00    1.01    0.00    0.00    0.00   17.59
15:14:15     all   77.00    0.00    2.00    0.00    0.00    1.00    0.00    0.00    0.00   20.00
15:14:16     all   77.42    0.00    2.23    0.00    0.00    0.99    0.00    0.00    0.00   19.35
15:14:17     all   81.57    0.00    1.26    0.00    0.00    0.51    0.00    0.00    0.00   16.67
15:14:18     all   76.25    0.00    1.75    0.00    0.00    1.00    0.00    0.00    0.00   21.00
15:14:19     all   79.80    0.00    1.52    0.00    0.00    0.51    0.00    0.00    0.00   18.18
15:14:20     all   81.66    0.00    1.51    0.00    0.00    1.01    0.00    0.00    0.00   15.83
15:14:21     all   81.20    0.00    1.25    0.00    0.00    1.00    0.00    0.00    0.00   16.54
15:14:22     all   81.00    0.00    2.00    0.00    0.00    1.00    0.00    0.00    0.00   16.00
15:14:23     all   52.64    0.00    0.76    0.00    0.00    0.25    0.00    0.00    0.00   46.35
15:14:24     all    0.00    0.00    0.00    0.00    0.00    0.00    0.00    0.00    0.00  100.00
15:14:25     all    0.00    0.00    0.00    0.00    0.00    0.00    0.00    0.00    0.00  100.00
15:14:26     all    0.00    0.00    0.00    0.00    0.00    0.00    0.00    0.00    0.00  100.00
15:14:27     all    0.00    0.00    0.00    0.00    0.00    0.00    0.00    0.00    0.00  100.00
15:14:28     all   39.05    0.00    1.00    0.00    0.00    0.50    0.00    0.00    0.00   59.45
15:14:29     all   79.65    0.00    1.51    0.25    0.00    0.75    0.00    0.00    0.00   17.84
15:14:30     all   74.13    0.00    2.24    0.00    0.00    1.24    0.00    0.00    0.00   22.39
15:14:31     all   71.03    0.00    2.02    0.00    0.00    1.51    0.00    0.00    0.00   25.44
15:14:32     all   73.18    0.00    1.75    0.00    0.00    1.00    0.00    0.00    0.00   24.06
15:14:33     all   80.75    0.00    1.75    0.00    0.00    0.75    0.00    0.00    0.00   16.75
15:14:34     all   81.20    0.00    1.50    0.00    0.00    1.00    0.00    0.00    0.00   16.29
15:14:35     all   80.00    0.00    1.52    0.00    0.00    1.01    0.00    0.00    0.00   17.47
15:14:36     all   76.50    0.00    1.50    0.00    0.00    0.50    0.00    0.00    0.00   21.50
15:14:37     all   80.81    0.00    1.77    0.00    0.00    0.51    0.00    0.00    0.00   16.92
15:14:38     all   79.15    0.00    1.01    0.00    0.00    1.01    0.00    0.00    0.00   18.84
15:14:39     all   70.43    0.00    1.50    0.00    0.00    1.25    0.00    0.00    0.00   26.82
15:14:40     all   76.71    0.00    1.52    0.00    0.00    0.76    0.00    0.00    0.00   21.01
15:14:41     all   76.00    0.00    2.00    0.00    0.00    0.75    0.00    0.00    0.00   21.25
15:14:42     all   82.32    0.00    1.52    0.00    0.00    0.51    0.00    0.00    0.00   15.66
15:14:43     all   77.61    0.00    2.24    0.00    0.00    1.24    0.00    0.00    0.00   18.91
15:14:44     all   65.49    0.00    2.02    0.00    0.00    1.01    0.00    0.00    0.00   31.49
15:14:45     all   76.63    0.00    1.26    0.00    0.00    1.01    0.00    0.00    0.00   21.11
15:14:46     all   71.61    0.00    1.76    0.25    0.00    0.75    0.00    0.00    0.00   25.63
15:14:47     all   75.95    0.00    1.52    0.00    0.00    1.01    0.00    0.00    0.00   21.52
15:14:48     all   77.36    0.00    1.99    0.00    0.00    1.00    0.00    0.00    0.00   19.65
15:14:49     all   78.20    0.00    1.50    0.00    0.00    0.50    0.00    0.00    0.00   19.80
15:14:50     all   68.84    0.00    1.76    0.00    0.00    1.26    0.00    0.00    0.00   28.14
15:14:51     all   77.22    0.00    1.77    0.00    0.00    0.76    0.00    0.00    0.00   20.25
15:14:52     all   74.06    0.00    1.75    0.00    0.00    1.00    0.00    0.00    0.00   23.19
15:14:53     all   78.70    0.00    2.51    0.00    0.00    0.75    0.00    0.00    0.00   18.05
15:14:54     all   82.87    0.00    1.51    0.00    0.00    0.50    0.00    0.00    0.00   15.11
15:14:55     all   76.81    0.00    2.00    0.00    0.00    1.00    0.00    0.00    0.00   20.20
15:14:56     all   82.03    0.00    1.52    0.00    0.00    0.51    0.00    0.00    0.00   15.95
15:14:57     all   79.70    0.00    2.23    0.00    0.00    0.99    0.00    0.00    0.00   17.08
15:14:58     all   79.20    0.00    1.75    0.00    0.00    0.75    0.00    0.00    0.00   18.30
15:14:59     all   78.73    0.00    1.01    0.00    0.00    0.76    0.00    0.00    0.00   19.49
15:15:00     all   76.37    0.00    2.24    0.00    0.00    1.00    0.00    0.00    0.00   20.40
15:15:01     all   78.03    0.00    2.27    0.00    0.00    1.01    0.00    0.00    0.00   18.69
15:15:02     all   75.06    0.00    1.75    0.00    0.00    0.50    0.00    0.00    0.00   22.69
15:15:03     all   79.60    0.00    1.26    0.00    0.00    0.76    0.00    0.00    0.00   18.39
15:15:04     all   77.00    0.00    2.00    0.00    0.00    1.00    0.00    0.00    0.00   20.00
15:15:05     all   72.36    0.00    1.76    0.00    0.00    0.50    0.00    0.00    0.00   25.38
15:15:06     all   73.99    0.00    1.77    0.00    0.00    1.01    0.00    0.00    0.00   23.23
15:15:08     all   78.41    0.00    1.74    0.00    0.00    0.99    0.00    0.00    0.00   18.86
15:15:09     all   77.19    0.00    1.50    0.00    0.00    1.00    0.00    0.00    0.00   20.30
15:15:10     all   80.50    0.00    1.50    0.00    0.00    0.75    0.00    0.00    0.00   17.25
15:15:11     all   79.20    0.00    1.75    0.00    0.00    1.00    0.00    0.00    0.00   18.05
15:15:12     all   76.44    0.00    2.01    0.00    0.00    0.75    0.00    0.00    0.00   20.80
15:15:13     all   78.14    0.00    1.76    0.00    0.00    1.01    0.00    0.00    0.00   19.10
15:15:14     all   79.35    0.00    1.51    0.00    0.00    0.50    0.00    0.00    0.00   18.64
15:15:15     all   67.67    0.00    2.26    0.00    0.00    1.25    0.00    0.00    0.00   28.82
15:15:16     all   77.94    0.00    1.50    0.00    0.00    1.25    0.00    0.00    0.00   19.30
15:15:17     all   26.57    0.00    0.50    0.00    0.00    0.00    0.00    0.00    0.00   72.93
15:15:18     all    0.00    0.00    0.00    0.00    0.00    0.00    0.00    0.00    0.00  100.00
15:15:19     all    0.00    0.00    0.00    0.00    0.00    0.00    0.00    0.00    0.00  100.00
15:15:20     all    0.25    0.00    0.00    0.00    0.00    0.25    0.00    0.00    0.00   99.50
15:15:21     all    2.49    0.00    0.25    0.00    0.00    0.25    0.00    0.00    0.00   97.01
15:15:22     all   71.25    0.00    2.25    0.25    0.00    1.00    0.00    0.00    0.00   25.25
15:15:23     all   79.65    0.00    1.26    0.00    0.00    0.50    0.00    0.00    0.00   18.59
15:15:24     all   79.40    0.00    1.51    0.00    0.00    1.01    0.00    0.00    0.00   18.09
15:15:25     all   81.20    0.00    1.75    0.00    0.00    1.00    0.00    0.00    0.00   16.04
15:15:26     all   75.63    0.00    1.51    0.00    0.00    1.01    0.00    0.00    0.00   21.86
15:15:27     all   76.19    0.00    1.75    0.00    0.00    1.25    0.00    0.00    0.00   20.80
15:15:28     all   76.31    0.00    1.75    0.00    0.00    0.75    0.00    0.00    0.00   21.20
15:15:29     all   81.61    0.00    1.26    0.00    0.00    0.76    0.00    0.00    0.00   16.37
15:15:30     all   78.14    0.00    1.51    0.00    0.00    0.75    0.00    0.00    0.00   19.60
15:15:31     all   71.07    0.00    2.99    0.00    0.00    1.00    0.00    0.00    0.00   24.94
15:15:32     all   77.27    0.00    2.53    0.00    0.00    0.76    0.00    0.00    0.00   19.44
15:15:33     all   81.20    0.00    1.50    0.00    0.00    1.00    0.00    0.00    0.00   16.29
15:15:34     all   79.90    0.00    1.76    0.00    0.00    0.50    0.00    0.00    0.00   17.84
15:15:35     all   75.87    0.00    1.49    0.00    0.00    1.00    0.00    0.00    0.00   21.64
15:15:36     all   78.70    0.00    1.75    0.00    0.00    0.75    0.00    0.00    0.00   18.80
15:15:37     all   78.34    0.00    1.51    0.00    0.00    0.76    0.00    0.00    0.00   19.40
15:15:38     all   79.30    0.00    1.50    0.00    0.00    1.00    0.00    0.00    0.00   18.20
15:15:39     all   81.14    0.00    1.99    0.00    0.00    0.74    0.00    0.00    0.00   16.13
15:15:40     all   82.37    0.00    1.26    0.00    0.00    0.50    0.00    0.00    0.00   15.87
15:15:41     all   76.19    0.00    1.75    0.00    0.00    1.25    0.00    0.00    0.00   20.80
15:15:42     all   77.25    0.00    1.75    0.00    0.00    0.75    0.00    0.00    0.00   20.25
15:15:43     all   80.25    0.00    1.27    0.00    0.00    0.51    0.00    0.00    0.00   17.97
15:15:44     all   72.07    0.00    2.24    0.25    0.00    1.25    0.00    0.00    0.00   24.19
15:15:45     all   79.30    0.00    1.75    0.00    0.00    0.75    0.00    0.00    0.00   18.20
15:15:46     all   78.09    0.00    1.26    0.00    0.00    0.50    0.00    0.00    0.00   20.15
15:15:47     all   76.38    0.00    1.26    0.00    0.00    1.01    0.00    0.00    0.00   21.36
15:15:48     all   75.94    0.00    1.50    0.00    0.00    1.00    0.00    0.00    0.00   21.55
15:15:49     all   70.25    0.00    2.00    0.00    0.00    1.00    0.00    0.00    0.00   26.75
15:15:50     all   80.25    0.00    1.50    0.25    0.00    1.00    0.00    0.00    0.00   17.00
15:15:51     all   78.09    0.00    2.02    0.00    0.00    0.76    0.00    0.00    0.00   19.14
15:15:52     all   69.19    0.00    1.52    0.00    0.00    1.01    0.00    0.00    0.00   28.28
15:15:53     all   77.08    0.00    1.26    0.00    0.00    0.76    0.00    0.00    0.00   20.91
15:15:54     all   84.00    0.00    1.50    0.00    0.00    0.50    0.00    0.00    0.00   14.00
15:15:55     all   70.13    0.00    2.03    0.00    0.00    0.76    0.00    0.00    0.00   27.09
15:15:56     all   78.25    0.00    1.50    0.00    0.00    1.00    0.00    0.00    0.00   19.25
15:15:57     all   75.06    0.00    2.24    0.00    0.00    1.00    0.00    0.00    0.00   21.70
15:15:58     all   78.45    0.00    2.01    0.00    0.00    0.50    0.00    0.00    0.00   19.05
15:15:59     all   68.50    0.00    1.25    0.00    0.00    1.25    0.00    0.00    0.00   29.00
15:16:00     all   75.95    0.00    1.77    0.00    0.00    0.00    0.00    0.00    0.00   22.28
15:16:01     all   79.09    0.00    1.51    0.00    0.00    1.26    0.00    0.00    0.00   18.14
15:16:02     all   74.69    0.00    2.01    0.00    0.00    1.00    0.00    0.00    0.00   22.31
15:16:03     all   67.59    0.00    2.03    0.00    0.00    1.01    0.00    0.00    0.00   29.37
15:16:04     all   79.50    0.00    1.50    0.00    0.00    0.75    0.00    0.00    0.00   18.25
15:16:05     all   78.75    0.00    2.25    0.00    0.00    1.00    0.00    0.00    0.00   18.00
15:16:06     all   77.19    0.00    1.00    0.00    0.00    1.00    0.00    0.00    0.00   20.80
15:16:07     all   79.35    0.00    2.24    0.00    0.00    0.75    0.00    0.00    0.00   17.66
15:16:08     all   76.07    0.00    2.02    0.00    0.00    0.76    0.00    0.00    0.00   21.16
15:16:09     all   73.62    0.00    1.26    0.00    0.00    1.01    0.00    0.00    0.00   24.12
15:16:10     all   85.79    0.00    2.00    0.00    0.00    0.25    0.00    0.00    0.00   11.97
15:16:11     all   77.72    0.00    1.52    0.00    0.00    0.76    0.00    0.00    0.00   20.00
15:16:12     all   66.08    0.00    2.03    0.00    0.00    1.01    0.00    0.00    0.00   30.89
15:16:13     all   76.31    0.00    1.75    0.00    0.00    1.00    0.00    0.00    0.00   20.95
15:16:14     all   81.41    0.00    1.51    0.00    0.00    1.01    0.00    0.00    0.00   16.08
15:16:15     all   75.44    0.00    1.75    0.00    0.00    0.50    0.00    0.00    0.00   22.31
15:16:16     all   83.42    0.00    1.51    0.00    0.00    0.75    0.00    0.00    0.00   14.32
15:16:17     all   77.39    0.00    2.01    0.00    0.00    0.75    0.00    0.00    0.00   19.85
15:16:18     all   78.00    0.00    1.25    0.00    0.00    1.00    0.00    0.00    0.00   19.75
15:16:19     all   82.21    0.00    1.75    0.00    0.00    0.75    0.00    0.00    0.00   15.29
15:16:20     all   80.20    0.00    1.75    0.00    0.00    0.75    0.00    0.00    0.00   17.29
15:16:21     all   68.51    0.00    1.76    0.00    0.00    0.76    0.00    0.00    0.00   28.97
15:16:22     all   86.04    0.00    1.02    0.00    0.00    0.76    0.00    0.00    0.00   12.18
15:16:23     all   74.88    0.00    2.22    0.00    0.00    1.23    0.00    0.00    0.00   21.67
15:16:24     all   74.49    0.00    1.77    0.00    0.00    1.01    0.00    0.00    0.00   22.73
15:16:25     all   77.89    0.00    1.51    0.00    0.00    0.75    0.00    0.00    0.00   19.85
15:16:26     all   86.97    0.00    1.75    0.00    0.00    1.00    0.00    0.00    0.00   10.28
15:16:27     all   82.91    0.00    1.76    0.00    0.00    0.75    0.00    0.00    0.00   14.57
15:16:28     all   79.09    0.00    1.26    0.00    0.00    0.76    0.00    0.00    0.00   18.89
15:16:29     all   71.25    0.00    2.75    0.00    0.00    0.75    0.00    0.00    0.00   25.25
15:16:30     all   80.75    0.00    1.75    0.00    0.00    1.00    0.00    0.00    0.00   16.50
15:16:31     all   84.67    0.00    2.51    0.00    0.00    0.50    0.00    0.00    0.00   12.31
15:16:32     all   75.63    0.00    2.01    0.00    0.00    1.01    0.00    0.00    0.00   21.36
15:16:33     all   72.84    0.00    1.52    0.00    0.00    0.76    0.00    0.00    0.00   24.87
15:16:34     all   82.21    0.00    1.50    0.00    0.00    0.75    0.00    0.00    0.00   15.54
15:16:35     all   87.00    0.00    1.25    0.00    0.00    0.75    0.00    0.00    0.00   11.00
15:16:36     all   65.83    0.00    1.76    0.00    0.00    1.01    0.00    0.00    0.00   31.41
15:16:37     all   80.90    0.00    1.51    0.00    0.00    0.75    0.00    0.00    0.00   16.83
15:16:38     all   86.25    0.00    1.50    0.00    0.00    1.00    0.00    0.00    0.00   11.25
15:16:39     all   74.06    0.00    1.51    0.00    0.00    0.76    0.00    0.00    0.00   23.68
15:16:40     all   88.47    0.00    1.25    0.00    0.00    0.75    0.00    0.00    0.00    9.52
15:16:41     all   76.07    0.00    2.02    0.00    0.00    1.01    0.00    0.00    0.00   20.91
15:16:42     all   75.57    0.00    1.51    0.00    0.00    1.01    0.00    0.00    0.00   21.91
15:16:43     all   78.95    0.00    2.01    0.00    0.00    0.50    0.00    0.00    0.00   18.55
15:16:44     all   67.84    0.00    1.76    0.00    0.00    1.01    0.00    0.00    0.00   29.40
15:16:45     all   81.50    0.00    2.00    0.00    0.00    1.00    0.00    0.00    0.00   15.50
15:16:46     all   77.58    0.00    1.51    0.00    0.00    0.76    0.00    0.00    0.00   20.15
15:16:47     all   76.69    0.00    1.75    0.00    0.00    1.00    0.00    0.00    0.00   20.55
15:16:48     all   78.45    0.00    2.01    0.00    0.00    0.75    0.00    0.00    0.00   18.80
15:16:49     all   70.56    0.00    1.02    0.00    0.00    1.02    0.00    0.00    0.00   27.41
15:16:50     all   71.93    0.00    1.25    0.00    0.00    1.25    0.00    0.00    0.00   25.56
15:16:51     all    0.00    0.00    0.00    0.00    0.00    0.00    0.00    0.00    0.00  100.00
15:16:52     all    0.00    0.00    0.25    0.00    0.00    0.00    0.00    0.00    0.00   99.75
15:16:53     all    0.00    0.00    0.00    0.00    0.00    0.00    0.00    0.00    0.00  100.00
15:16:54     all    0.00    0.00    0.00    0.00    0.00    0.00    0.00    0.00    0.00  100.00
15:16:55     all   15.58    0.00    0.75    0.25    0.00    0.00    0.00    0.00    0.00   83.42
15:16:56     all   75.06    0.00    1.50    0.00    0.00    1.25    0.00    0.00    0.00   22.19
15:16:57     all   77.53    0.00    1.26    0.00    0.00    0.76    0.00    0.00    0.00   20.45
15:16:58     all   80.49    0.00    1.98    0.00    0.00    1.23    0.00    0.00    0.00   16.30
15:16:59     all   80.40    0.00    1.76    0.00    0.00    0.50    0.00    0.00    0.00   17.34
15:17:00     all   73.87    0.00    1.76    0.00    0.00    1.26    0.00    0.00    0.00   23.12
15:17:01     all   73.48    0.00    1.26    0.00    0.00    1.01    0.00    0.00    0.00   24.24
15:17:02     all   77.81    0.00    2.00    0.00    0.00    1.00    0.00    0.00    0.00   19.20
15:17:03     all   80.50    0.00    1.75    0.00    0.00    0.75    0.00    0.00    0.00   17.00
15:17:04     all   80.30    0.00    1.77    0.00    0.00    0.76    0.00    0.00    0.00   17.17
15:17:05     all   77.19    0.00    1.75    0.00    0.00    1.00    0.00    0.00    0.00   20.05
15:17:06     all   79.49    0.00    1.77    0.00    0.00    0.76    0.00    0.00    0.00   17.97
15:17:07     all   76.25    0.00    2.00    0.00    0.00    0.75    0.00    0.00    0.00   21.00
15:17:08     all   80.50    0.00    2.25    0.00    0.00    1.00    0.00    0.00    0.00   16.25
15:17:09     all   80.35    0.00    1.01    0.25    0.00    0.76    0.00    0.00    0.00   17.63
15:17:10     all   72.75    0.00    1.50    0.25    0.00    1.00    0.00    0.00    0.00   24.50
15:17:11     all   79.80    0.00    2.00    0.00    0.00    0.75    0.00    0.00    0.00   17.46
15:17:12     all   84.42    0.00    1.51    0.00    0.00    1.01    0.00    0.00    0.00   13.07
15:17:13     all   80.15    0.00    1.26    0.00    0.00    0.75    0.00    0.00    0.00   17.84
15:17:14     all   65.23    0.00    2.28    0.00    0.00    0.76    0.00    0.00    0.00   31.73
15:17:15     all   78.95    0.00    1.50    0.00    0.00    1.00    0.00    0.00    0.00   18.55
15:17:16     all   79.15    0.00    2.01    0.00    0.00    1.01    0.00    0.00    0.00   17.84
15:17:17     all   76.00    0.00    1.50    0.00    0.00    1.25    0.00    0.00    0.00   21.25
15:17:18     all   68.26    0.00    2.02    0.00    0.00    0.76    0.00    0.00    0.00   28.97
15:17:19     all   81.20    0.00    1.25    0.00    0.00    1.00    0.00    0.00    0.00   16.54
15:17:20     all   82.50    0.00    2.50    0.00    0.00    1.00    0.00    0.00    0.00   14.00
15:17:21     all   73.80    0.00    2.02    0.00    0.00    0.50    0.00    0.00    0.00   23.68
15:17:22     all   76.69    0.00    1.25    0.00    0.00    1.25    0.00    0.00    0.00   20.80
15:17:23     all   79.50    0.00    2.00    0.00    0.00    0.75    0.00    0.00    0.00   17.75
15:17:24     all   69.70    0.00    1.52    0.00    0.00    0.51    0.00    0.00    0.00   28.28
15:17:25     all   80.90    0.00    1.76    0.00    0.00    1.01    0.00    0.00    0.00   16.33
15:17:26     all   68.84    0.00    1.51    0.00    0.00    1.01    0.00    0.00    0.00   28.64
15:17:27     all   80.65    0.00    1.01    0.00    0.00    0.75    0.00    0.00    0.00   17.59
15:17:28     all   76.19    0.00    2.01    0.00    0.00    0.75    0.00    0.00    0.00   21.05
15:17:29     all   75.44    0.00    1.27    0.00    0.00    0.76    0.00    0.00    0.00   22.53
15:17:30     all   74.26    0.00    1.98    0.00    0.00    1.24    0.00    0.00    0.00   22.52
15:17:31     all   78.59    0.00    2.77    0.00    0.00    1.01    0.00    0.00    0.00   17.63
15:17:32     all   77.58    0.00    1.51    0.00    0.00    0.76    0.00    0.00    0.00   20.15
15:17:33     all   73.25    0.00    2.00    0.00    0.00    1.00    0.00    0.00    0.00   23.75
15:17:34     all   79.45    0.00    2.01    0.00    0.00    0.75    0.00    0.00    0.00   17.79
15:17:35     all   75.70    0.00    1.52    0.00    0.00    0.25    0.00    0.00    0.00   22.53
15:17:36     all   72.64    0.00    2.24    0.00    0.00    1.24    0.00    0.00    0.00   23.88
15:17:37     all   70.60    0.00    1.76    0.00    0.00    1.01    0.00    0.00    0.00   26.63
15:17:38     all   64.48    0.00    1.76    0.00    0.00    1.01    0.00    0.00    0.00   32.75
15:17:39     all   74.13    0.00    2.24    0.00    0.00    1.00    0.00    0.00    0.00   22.64
15:17:40     all   76.57    0.00    1.51    0.00    0.00    1.01    0.00    0.00    0.00   20.91
15:17:41     all   73.63    0.00    2.24    0.25    0.00    1.00    0.00    0.00    0.00   22.89
15:17:42     all   72.54    0.00    1.26    0.00    0.00    1.26    0.00    0.00    0.00   24.94
15:17:43     all   78.77    0.00    2.22    0.00    0.00    0.99    0.00    0.00    0.00   18.02
15:17:44     all   80.15    0.00    1.51    0.00    0.00    1.01    0.00    0.00    0.00   17.34
15:17:45     all   78.64    0.00    2.26    0.00    0.00    1.26    0.00    0.00    0.00   17.84
15:17:46     all   76.52    0.00    1.26    0.00    0.00    0.76    0.00    0.00    0.00   21.46
15:17:47     all   74.87    0.00    1.26    0.00    0.00    1.01    0.00    0.00    0.00   22.86
15:17:48     all   71.61    0.00    2.01    0.00    0.00    0.75    0.00    0.00    0.00   25.63
15:17:49     all   76.75    0.00    2.00    0.00    0.00    1.00    0.00    0.00    0.00   20.25
15:17:50     all   76.77    0.00    2.02    0.00    0.00    0.76    0.00    0.00    0.00   20.45
15:17:51     all   66.42    0.00    1.50    0.00    0.00    1.00    0.00    0.00    0.00   31.08
15:17:52     all   77.53    0.00    1.52    0.00    0.00    0.76    0.00    0.00    0.00   20.20
15:17:53     all   78.25    0.00    2.00    0.00    0.00    1.00    0.00    0.00    0.00   18.75
15:17:54     all   79.75    0.00    2.00    0.00    0.00    1.00    0.00    0.00    0.00   17.25
15:17:55     all   76.26    0.00    1.26    0.00    0.00    0.76    0.00    0.00    0.00   21.72
15:17:56     all   68.00    0.00    2.25    0.00    0.00    1.00    0.00    0.00    0.00   28.75
15:17:57     all   79.60    0.00    1.51    0.00    0.00    0.76    0.00    0.00    0.00   18.14
15:17:58     all   71.39    0.00    2.24    0.00    0.00    1.00    0.00    0.00    0.00   25.37
15:17:59     all   75.82    0.00    1.51    0.00    0.00    0.50    0.00    0.00    0.00   22.17
15:18:00     all   77.89    0.00    1.76    0.00    0.00    0.50    0.00    0.00    0.00   19.85
15:18:01     all   78.20    0.00    1.50    0.00    0.00    1.25    0.00    0.00    0.00   19.05
15:18:02     all   76.32    0.00    1.01    0.00    0.00    1.01    0.00    0.00    0.00   21.66
15:18:03     all   79.70    0.00    1.75    0.00    0.00    0.50    0.00    0.00    0.00   18.05
15:18:04     all   70.43    0.00    2.01    0.00    0.00    1.25    0.00    0.00    0.00   26.32
15:18:05     all   79.16    0.00    1.49    0.00    0.00    0.99    0.00    0.00    0.00   18.36
15:18:06     all   79.35    0.00    2.27    0.00    0.00    0.76    0.00    0.00    0.00   17.63
15:18:07     all   78.50    0.00    1.25    0.00    0.00    0.75    0.00    0.00    0.00   19.50
15:18:08     all   79.09    0.00    2.02    0.00    0.00    0.50    0.00    0.00    0.00   18.39
15:18:09     all   79.25    0.00    1.75    0.00    0.00    1.00    0.00    0.00    0.00   18.00
15:18:10     all   78.50    0.00    2.00    0.00    0.00    1.25    0.00    0.00    0.00   18.25
15:18:11     all   78.00    0.00    1.00    0.00    0.00    1.00    0.00    0.00    0.00   20.00
15:18:12     all   79.29    0.00    1.52    0.00    0.00    1.01    0.00    0.00    0.00   18.18
15:18:13     all   73.16    0.00    1.77    0.00    0.00    0.76    0.00    0.00    0.00   24.30
15:18:14     all   80.05    0.00    1.25    0.00    0.00    1.25    0.00    0.00    0.00   17.46
15:18:15     all   79.60    0.00    2.02    0.00    0.00    0.76    0.00    0.00    0.00   17.63
15:18:16     all   79.75    0.00    2.00    0.00    0.00    0.50    0.00    0.00    0.00   17.75
15:18:17     all   67.00    0.00    1.51    0.00    0.00    1.26    0.00    0.00    0.00   30.23
15:18:18     all   70.78    0.00    2.02    0.00    0.00    0.25    0.00    0.00    0.00   26.95
15:18:19     all   78.00    0.00    1.50    0.25    0.00    1.25    0.00    0.00    0.00   19.00
15:18:20     all   77.39    0.00    2.01    0.00    0.00    1.01    0.00    0.00    0.00   19.60
15:18:21     all   81.41    0.00    1.26    0.00    0.00    0.50    0.00    0.00    0.00   16.83
15:18:22     all   65.66    0.00    1.52    0.00    0.00    1.01    0.00    0.00    0.00   31.82
15:18:23     all   78.30    0.00    2.00    0.00    0.00    0.75    0.00    0.00    0.00   18.95
15:18:24     all   80.80    0.00    1.50    0.00    0.00    1.00    0.00    0.00    0.00   16.71
15:18:25     all   80.96    0.00    2.03    0.00    0.00    0.00    0.00    0.00    0.00   17.01
15:18:26     all   76.00    0.00    1.75    0.00    0.00    1.25    0.00    0.00    0.00   21.00
15:18:27     all   80.45    0.00    1.75    0.00    0.00    0.75    0.00    0.00    0.00   17.04
15:18:28     all   80.40    0.00    1.76    0.00    0.00    0.75    0.00    0.00    0.00   17.09
15:18:29     all   66.17    0.00    2.26    0.00    0.00    1.25    0.00    0.00    0.00   30.33
15:18:30     all   74.38    0.00    1.99    0.25    0.00    1.24    0.00    0.00    0.00   22.14
15:18:31     all   76.38    0.00    2.51    0.00    0.00    1.26    0.00    0.00    0.00   19.85
15:18:32     all   80.60    0.00    2.27    0.00    0.00    0.50    0.00    0.00    0.00   16.62
15:18:33     all   76.07    0.00    1.76    0.00    0.00    0.76    0.00    0.00    0.00   21.41
15:18:34     all   77.44    0.00    2.01    0.00    0.00    1.00    0.00    0.00    0.00   19.55
15:18:35     all   48.35    0.00    1.01    0.00    0.00    0.00    0.00    0.00    0.00   50.63
15:18:36     all    0.00    0.00    0.25    0.00    0.00    0.00    0.00    0.00    0.00   99.75
15:18:37     all    0.00    0.00    0.00    0.00    0.00    0.00    0.00    0.00    0.00  100.00
15:18:38     all    0.25    0.00    0.00    0.00    0.00    0.00    0.00    0.00    0.00   99.75
15:18:39     all    0.00    0.00    0.00    0.00    0.00    0.00    0.00    0.00    0.00  100.00
15:18:40     all   49.13    0.00    1.50    0.00    0.00    0.75    0.00    0.00    0.00   48.63
15:18:41     all   77.97    0.00    1.77    0.00    0.00    0.76    0.00    0.00    0.00   19.49
15:18:42     all   77.11    0.00    1.24    0.00    0.00    1.00    0.00    0.00    0.00   20.65
15:18:43     all   79.05    0.00    1.25    0.00    0.00    0.75    0.00    0.00    0.00   18.95
15:18:44     all   80.60    0.00    1.76    0.00    0.00    1.01    0.00    0.00    0.00   16.62
15:18:45     all   78.95    0.00    1.75    0.00    0.00    1.00    0.00    0.00    0.00   18.30
15:18:46     all   64.91    0.00    2.01    0.00    0.00    1.25    0.00    0.00    0.00   31.83
15:18:47     all   75.00    0.00    2.00    0.00    0.00    0.75    0.00    0.00    0.00   22.25
15:18:48     all   77.94    0.00    1.50    0.25    0.00    1.00    0.00    0.00    0.00   19.30
15:18:49     all   77.75    0.00    2.00    0.00    0.00    1.00    0.00    0.00    0.00   19.25
15:18:50     all   70.71    0.00    2.02    0.00    0.00    0.76    0.00    0.00    0.00   26.52
15:18:51     all   70.00    0.00    1.75    0.00    0.00    1.00    0.00    0.00    0.00   27.25
15:18:52     all   77.53    0.00    1.77    0.00    0.00    0.51    0.00    0.00    0.00   20.20
15:18:53     all   84.33    0.00    1.99    0.00    0.00    1.00    0.00    0.00    0.00   12.69
15:18:54     all   83.50    0.00    1.75    0.25    0.00    1.00    0.00    0.00    0.00   13.50
15:18:55     all   76.52    0.00    1.52    0.00    0.00    0.76    0.00    0.00    0.00   21.21
15:18:56     all   77.33    0.00    1.26    0.00    0.00    0.76    0.00    0.00    0.00   20.65
15:18:57     all   80.75    0.00    1.75    0.00    0.00    1.00    0.00    0.00    0.00   16.50
15:18:58     all   81.25    0.00    1.50    0.00    0.00    1.25    0.00    0.00    0.00   16.00
15:18:59     all   79.45    0.00    1.25    0.00    0.00    1.00    0.00    0.00    0.00   18.30
15:19:00     all    0.00    0.00    0.00    0.00    0.00    0.00    0.00    0.00    0.00  100.00
15:19:01     all    0.00    0.00    0.00    0.00    0.00    0.00    0.00    0.00    0.00  100.00
15:19:02     all    0.00    0.00    0.00    0.00    0.00    0.00    0.00    0.00    0.00  100.00
15:19:03     all    0.00    0.00    0.00    0.00    0.00    0.00    0.00    0.00    0.00  100.00
15:19:04     all   29.85    0.00    0.75    0.00    0.00    0.25    0.00    0.00    0.00   69.15
15:19:05     all   76.88    0.00    2.01    0.00    0.00    1.01    0.00    0.00    0.00   20.10
15:19:06     all   69.75    0.00    2.25    0.00    0.00    1.50    0.00    0.00    0.00   26.50
15:19:07     all   78.28    0.00    1.77    0.00    0.00    0.51    0.00    0.00    0.00   19.44
15:19:08     all   77.14    0.00    1.51    0.00    0.00    1.01    0.00    0.00    0.00   20.35
15:19:09     all   67.08    0.00    2.24    0.00    0.00    1.25    0.00    0.00    0.00   29.43
15:19:10     all   77.50    0.00    2.00    0.00    0.00    0.75    0.00    0.00    0.00   19.75
15:19:11     all   78.09    0.00    1.76    0.00    0.00    0.50    0.00    0.00    0.00   19.65
15:19:12     all   79.35    0.00    1.51    0.00    0.00    0.76    0.00    0.00    0.00   18.39
15:19:13     all   79.15    0.00    1.01    0.00    0.00    0.75    0.00    0.00    0.00   19.10
15:19:14     all   78.36    0.00    1.99    0.00    0.00    1.24    0.00    0.00    0.00   18.41
15:19:15     all   74.49    0.00    1.52    0.00    0.00    1.01    0.00    0.00    0.00   22.98
15:19:16     all   83.67    0.00    1.51    0.00    0.00    0.75    0.00    0.00    0.00   14.07
15:19:17     all   79.30    0.00    1.75    0.25    0.00    1.00    0.00    0.00    0.00   17.71
15:19:18     all   73.99    0.00    1.77    0.00    0.00    1.01    0.00    0.00    0.00   23.23
15:19:19     all   73.18    0.00    2.01    0.00    0.00    0.75    0.00    0.00    0.00   24.06
15:19:20     all   79.90    0.00    1.51    0.00    0.00    1.01    0.00    0.00    0.00   17.59
15:19:21     all   74.87    0.00    2.01    0.00    0.00    1.01    0.00    0.00    0.00   22.11
15:19:22     all   71.32    0.00    2.24    0.00    0.00    0.50    0.00    0.00    0.00   25.94
15:19:23     all   76.83    0.00    1.26    0.00    0.00    0.76    0.00    0.00    0.00   21.16
15:19:24     all   72.43    0.00    2.01    0.00    0.00    0.75    0.00    0.00    0.00   24.81
15:19:25     all   80.90    0.00    1.76    0.00    0.00    0.50    0.00    0.00    0.00   16.83
15:19:26     all   82.62    0.00    1.51    0.00    0.00    0.76    0.00    0.00    0.00   15.11
15:19:27     all   80.40    0.00    2.01    0.00    0.00    1.01    0.00    0.00    0.00   16.58
15:19:28     all   74.75    0.00    1.01    0.00    0.00    0.76    0.00    0.00    0.00   23.48
15:19:29     all   74.37    0.00    1.51    0.25    0.00    1.26    0.00    0.00    0.00   22.61
15:19:30     all   76.92    0.00    2.23    0.00    0.00    0.99    0.00    0.00    0.00   19.85
15:19:31     all   76.07    0.00    3.02    0.00    0.00    1.01    0.00    0.00    0.00   19.90
15:19:32     all   78.36    0.00    1.49    0.00    0.00    1.00    0.00    0.00    0.00   19.15
15:19:33     all   80.81    0.00    2.02    0.00    0.00    0.25    0.00    0.00    0.00   16.92
15:19:34     all   76.63    0.00    1.01    0.00    0.00    1.01    0.00    0.00    0.00   21.36
15:19:35     all   80.35    0.00    1.76    0.00    0.00    0.76    0.00    0.00    0.00   17.13
15:19:36     all   73.43    0.00    1.50    0.00    0.00    0.75    0.00    0.00    0.00   24.31
15:19:37     all   71.54    0.00    1.76    0.00    0.00    1.26    0.00    0.00    0.00   25.44
15:19:38     all   75.57    0.00    1.76    0.00    0.00    0.76    0.00    0.00    0.00   21.91
15:19:39     all   80.35    0.00    1.76    0.00    0.00    0.50    0.00    0.00    0.00   17.38
15:19:40     all   79.30    0.00    1.50    0.25    0.00    1.00    0.00    0.00    0.00   17.96
15:19:41     all   78.55    0.00    1.75    0.00    0.00    1.00    0.00    0.00    0.00   18.70
15:19:42     all   80.40    0.00    2.01    0.00    0.00    0.50    0.00    0.00    0.00   17.09
15:19:43     all   75.00    0.00    1.01    0.00    0.00    0.76    0.00    0.00    0.00   23.23
15:19:44     all   80.75    0.00    2.00    0.00    0.00    0.75    0.00    0.00    0.00   16.50
15:19:45     all   77.14    0.00    1.51    0.00    0.00    0.75    0.00    0.00    0.00   20.60
15:19:46     all   70.28    0.00    1.51    0.00    0.00    0.76    0.00    0.00    0.00   27.46
15:19:47     all   50.00    0.00    1.26    0.00    0.00    0.75    0.00    0.00    0.00   47.99
15:19:48     all    0.00    0.00    0.00    0.00    0.00    0.00    0.00    0.00    0.00  100.00
15:19:49     all    0.25    0.00    0.00    0.00    0.00    0.00    0.00    0.00    0.00   99.75
15:19:50     all    0.00    0.00    0.00    0.00    0.00    0.00    0.00    0.00    0.00  100.00
15:19:51     all    0.25    0.00    0.00    0.25    0.00    0.00    0.00    0.00    0.00   99.50
15:19:52     all   54.41    0.00    1.26    0.00    0.00    0.50    0.00    0.00    0.00   43.83
15:19:53     all   76.13    0.00    2.01    0.00    0.00    0.75    0.00    0.00    0.00   21.11
15:19:54     all   64.91    0.00    1.75    0.00    0.00    1.50    0.00    0.00    0.00   31.83
15:19:55     all   80.55    0.00    1.50    0.00    0.00    0.75    0.00    0.00    0.00   17.21
15:19:56     all   77.69    0.00    1.75    0.00    0.00    1.00    0.00    0.00    0.00   19.55
15:19:57     all   82.03    0.00    1.77    0.00    0.00    0.51    0.00    0.00    0.00   15.70
15:19:58     all   78.50    0.00    1.25    0.00    0.00    0.75    0.00    0.00    0.00   19.50
15:19:59     all   69.52    0.00    2.02    0.00    0.00    0.76    0.00    0.00    0.00   27.71
15:20:00     all   73.87    0.00    1.76    0.00    0.00    1.51    0.00    0.00    0.00   22.86
15:20:01     all   79.65    0.00    1.51    0.00    0.00    0.25    0.00    0.00    0.00   18.59
15:20:02     all   79.50    0.00    1.75    0.00    0.00    1.25    0.00    0.00    0.00   17.50
15:20:03     all   78.28    0.00    1.77    0.00    0.00    0.51    0.00    0.00    0.00   19.44
15:20:04     all   79.80    0.00    1.75    0.00    0.00    0.75    0.00    0.00    0.00   17.71
15:20:05     all   76.75    0.00    1.50    0.00    0.00    1.25    0.00    0.00    0.00   20.50
15:20:06     all   80.15    0.00    1.76    0.00    0.00    0.50    0.00    0.00    0.00   17.59
15:20:07     all   79.09    0.00    2.27    0.00    0.00    0.50    0.00    0.00    0.00   18.14
15:20:08     all   76.26    0.00    1.26    0.00    0.00    0.76    0.00    0.00    0.00   21.72
15:20:09     all   69.15    0.00    1.99    0.00    0.00    1.49    0.00    0.00    0.00   27.36
15:20:10     all   69.70    0.00    2.02    0.00    0.00    0.76    0.00    0.00    0.00   27.53
15:20:11     all   78.39    0.00    1.26    0.00    0.00    1.01    0.00    0.00    0.00   19.35
15:20:12     all   79.15    0.00    2.01    0.00    0.00    0.75    0.00    0.00    0.00   18.09
15:20:13     all   77.56    0.00    1.75    0.00    0.00    1.00    0.00    0.00    0.00   19.70
15:20:14     all   75.25    0.00    1.77    0.00    0.00    0.51    0.00    0.00    0.00   22.47
15:20:15     all   77.64    0.00    1.76    0.00    0.00    1.01    0.00    0.00    0.00   19.60
15:20:16     all   78.20    0.00    1.25    0.00    0.00    1.00    0.00    0.00    0.00   19.55
15:20:17     all   78.20    0.00    2.26    0.00    0.00    0.75    0.00    0.00    0.00   18.80
15:20:18     all   68.77    0.00    1.76    0.00    0.00    1.26    0.00    0.00    0.00   28.21
15:20:19     all   80.45    0.00    1.75    0.00    0.00    0.25    0.00    0.00    0.00   17.54
15:20:20     all   78.89    0.00    1.76    0.00    0.00    0.75    0.00    0.00    0.00   18.59
15:20:21     all   68.92    0.00    1.50    0.00    0.00    1.00    0.00    0.00    0.00   28.57
15:20:22     all   77.35    0.00    1.53    0.00    0.00    0.76    0.00    0.00    0.00   20.36
15:20:23     all   75.00    0.00    2.00    0.00    0.00    1.00    0.00    0.00    0.00   22.00
15:20:24     all   63.73    0.00    2.02    0.00    0.00    1.26    0.00    0.00    0.00   33.00
15:20:25     all   77.83    0.00    1.26    0.00    0.00    1.01    0.00    0.00    0.00   19.90
15:20:26     all   74.44    0.00    2.01    0.00    0.00    1.00    0.00    0.00    0.00   22.56
15:20:27     all   69.52    0.00    2.27    0.00    0.00    0.76    0.00    0.00    0.00   27.46
15:20:28     all   79.05    0.00    2.00    0.00    0.00    0.50    0.00    0.00    0.00   18.45
15:20:29     all   78.14    0.00    1.51    0.00    0.00    0.75    0.00    0.00    0.00   19.60
15:20:30     all   77.25    0.00    1.75    0.00    0.00    0.75    0.00    0.00    0.00   20.25
15:20:31     all   77.58    0.00    2.77    0.00    0.00    0.76    0.00    0.00    0.00   18.89
15:20:32     all   71.93    0.00    1.50    0.00    0.00    0.50    0.00    0.00    0.00   26.07
15:20:33     all   74.56    0.00    2.02    0.00    0.00    1.26    0.00    0.00    0.00   22.17
15:20:34     all   80.10    0.00    1.26    0.00    0.00    0.25    0.00    0.00    0.00   18.39
15:20:35     all   78.25    0.00    2.00    0.00    0.00    1.00    0.00    0.00    0.00   18.75
15:20:36     all   78.84    0.00    1.76    0.00    0.00    1.01    0.00    0.00    0.00   18.39
15:20:37     all   78.14    0.00    1.26    0.00    0.00    1.01    0.00    0.00    0.00   19.60
15:20:38     all   66.42    0.00    1.50    0.00    0.00    0.75    0.00    0.00    0.00   31.33
15:20:39     all    0.25    0.00    0.00    0.00    0.00    0.00    0.00    0.00    0.00   99.75
15:20:40     all    0.00    0.00    0.00    0.25    0.00    0.00    0.00    0.00    0.00   99.75
15:20:41     all    0.00    0.00    0.00    0.00    0.00    0.00    0.00    0.00    0.00  100.00
15:20:42     all    0.00    0.00    0.00    0.00    0.00    0.00    0.00    0.00    0.00  100.00
15:20:43     all   18.55    0.00    0.75    0.00    0.00    0.25    0.00    0.00    0.00   80.45
15:20:44     all   77.75    0.00    2.00    0.00    0.00    0.75    0.00    0.00    0.00   19.50
15:20:45     all   79.30    0.00    1.25    0.00    0.00    1.00    0.00    0.00    0.00   18.45
15:20:46     all   77.02    0.00    2.02    0.00    0.00    0.76    0.00    0.00    0.00   20.20
15:20:47     all   69.42    0.00    2.01    0.00    0.00    0.75    0.00    0.00    0.00   27.82
15:20:48     all   81.55    0.00    1.50    0.00    0.00    1.25    0.00    0.00    0.00   15.71
15:20:49     all   84.42    0.00    1.51    0.00    0.00    0.75    0.00    0.00    0.00   13.32
15:20:50     all   77.86    0.00    1.99    0.00    0.00    1.24    0.00    0.00    0.00   18.91
15:20:51     all   69.80    0.00    1.27    0.00    0.00    0.51    0.00    0.00    0.00   28.43
15:20:52     all   63.07    0.00    2.01    0.00    0.00    1.01    0.00    0.00    0.00   33.92
15:20:53     all   80.20    0.00    1.75    0.00    0.00    0.75    0.00    0.00    0.00   17.29
15:20:54     all   78.84    0.00    1.76    0.00    0.00    0.76    0.00    0.00    0.00   18.64
15:20:55     all   78.70    0.00    1.25    0.00    0.00    0.75    0.00    0.00    0.00   19.30
15:20:56     all   70.50    0.00    2.00    0.00    0.00    1.25    0.00    0.00    0.00   26.25
15:20:57     all   82.16    0.00    1.76    0.00    0.00    0.75    0.00    0.00    0.00   15.33
15:20:58     all   73.67    0.00    1.77    0.25    0.00    0.51    0.00    0.00    0.00   23.80
15:20:59     all   78.11    0.00    2.24    0.00    0.00    1.00    0.00    0.00    0.00   18.66
15:21:00     all   77.27    0.00    1.77    0.00    0.00    0.76    0.00    0.00    0.00   20.20
15:21:01     all   81.20    0.00    1.75    0.00    0.00    0.50    0.00    0.00    0.00   16.54
15:21:02     all   70.28    0.00    2.02    0.00    0.00    1.01    0.00    0.00    0.00   26.70
15:21:03     all   80.00    0.00    1.50    0.00    0.00    1.25    0.00    0.00    0.00   17.25
15:21:04     all   75.88    0.00    1.26    0.00    0.00    0.50    0.00    0.00    0.00   22.36
15:21:05     all   79.45    0.00    2.01    0.00    0.00    0.75    0.00    0.00    0.00   17.79
15:21:06     all   79.90    0.00    1.51    0.00    0.00    1.01    0.00    0.00    0.00   17.59
15:21:07     all   79.35    0.00    1.26    0.00    0.00    0.50    0.00    0.00    0.00   18.89
15:21:08     all   78.75    0.00    1.75    0.00    0.00    1.00    0.00    0.00    0.00   18.50
15:21:09     all   80.86    0.00    2.02    0.00    0.00    1.01    0.00    0.00    0.00   16.12
15:21:10     all   76.25    0.00    1.50    0.00    0.00    0.75    0.00    0.00    0.00   21.50
15:21:11     all   80.10    0.00    1.76    0.00    0.00    1.01    0.00    0.00    0.00   17.13
15:21:12     all   79.45    0.00    1.75    0.00    0.00    1.00    0.00    0.00    0.00   17.79
15:21:13     all   80.40    0.00    1.76    0.00    0.00    1.26    0.00    0.00    0.00   16.58
15:21:14     all   74.31    0.00    1.51    0.00    0.00    0.25    0.00    0.00    0.00   23.93
15:21:15     all   72.18    0.00    2.01    0.00    0.00    1.25    0.00    0.00    0.00   24.56
15:21:16     all   81.50    0.00    1.75    0.00    0.00    1.00    0.00    0.00    0.00   15.75
15:21:17     all   72.18    0.00    2.01    0.00    0.00    1.00    0.00    0.00    0.00   24.81
15:21:18     all   78.39    0.00    2.01    0.00    0.00    1.01    0.00    0.00    0.00   18.59
15:21:19     all   77.19    0.00    1.25    0.00    0.00    0.50    0.00    0.00    0.00   21.05
15:21:20     all   74.56    0.00    1.26    0.00    0.00    1.01    0.00    0.00    0.00   23.17
15:21:21     all   78.84    0.00    1.51    0.25    0.00    1.01    0.00    0.00    0.00   18.39
15:21:22     all   85.43    0.00    1.51    0.00    0.00    0.75    0.00    0.00    0.00   12.31
15:21:23     all   78.39    0.00    1.01    0.00    0.00    1.01    0.00    0.00    0.00   19.60
15:21:24     all   80.45    0.00    2.26    0.00    0.00    0.50    0.00    0.00    0.00   16.79
15:21:25     all   74.87    0.00    1.51    0.00    0.00    0.75    0.00    0.00    0.00   22.86
15:21:26     all   71.32    0.00    2.49    0.00    0.00    1.00    0.00    0.00    0.00   25.19
15:21:27     all   79.70    0.00    1.00    0.50    0.00    0.75    0.00    0.00    0.00   18.05
15:21:28     all   79.75    0.00    1.75    0.00    0.00    1.00    0.00    0.00    0.00   17.50
15:21:29     all   77.08    0.00    1.76    0.00    0.00    0.50    0.00    0.00    0.00   20.65
15:21:30     all   73.82    0.00    2.24    0.00    0.00    1.25    0.00    0.00    0.00   22.69
15:21:31     all   75.57    0.00    2.77    0.00    0.00    1.01    0.00    0.00    0.00   20.65
15:21:32     all   76.77    0.00    1.26    0.00    0.00    1.01    0.00    0.00    0.00   20.96
15:21:33     all   82.21    0.00    1.75    0.25    0.00    0.25    0.00    0.00    0.00   15.54
15:21:34     all   76.13    0.00    1.26    0.00    0.00    1.01    0.00    0.00    0.00   21.61
15:21:35     all   75.50    0.00    2.50    0.00    0.00    1.25    0.00    0.00    0.00   20.75
15:21:36     all   84.71    0.00    1.25    0.00    0.00    0.75    0.00    0.00    0.00   13.28
15:21:37     all   84.29    0.00    1.50    0.00    0.00    0.50    0.00    0.00    0.00   13.72
15:21:38     all   79.85    0.00    1.51    0.00    0.00    1.26    0.00    0.00    0.00   17.38
15:21:39     all   76.75    0.00    1.50    0.00    0.00    1.00    0.00    0.00    0.00   20.75
15:21:40     all   80.70    0.00    1.50    0.00    0.00    0.50    0.00    0.00    0.00   17.29
15:21:41     all   76.77    0.00    1.26    0.00    0.00    1.01    0.00    0.00    0.00   20.96
15:21:42     all   84.54    0.00    2.00    0.00    0.00    1.00    0.00    0.00    0.00   12.47
15:21:43     all   70.20    0.00    1.77    0.00    0.00    0.76    0.00    0.00    0.00   27.27
15:21:44     all   78.30    0.00    2.00    0.00    0.00    1.00    0.00    0.00    0.00   18.70
15:21:45     all   79.29    0.00    1.26    0.00    0.00    0.76    0.00    0.00    0.00   18.69
15:21:46     all   77.64    0.00    1.51    0.00    0.00    1.01    0.00    0.00    0.00   19.85
15:21:47     all   75.13    0.00    1.51    0.00    0.00    1.01    0.00    0.00    0.00   22.36
15:21:48     all   81.91    0.00    1.51    0.00    0.00    0.75    0.00    0.00    0.00   15.83
15:21:49     all   74.88    0.00    2.24    0.00    0.00    1.24    0.00    0.00    0.00   21.64
15:21:50     all   85.71    0.00    1.00    0.00    0.00    1.00    0.00    0.00    0.00   12.28
15:21:51     all   77.44    0.00    1.75    0.00    0.00    1.00    0.00    0.00    0.00   19.80
15:21:52     all   76.52    0.00    2.02    0.00    0.00    0.76    0.00    0.00    0.00   20.71
15:21:53     all   75.56    0.00    1.75    0.25    0.00    1.25    0.00    0.00    0.00   21.20
15:21:54     all   76.63    0.00    1.76    0.00    0.00    0.50    0.00    0.00    0.00   21.11
15:21:55     all   80.70    0.00    1.00    0.00    0.00    0.75    0.00    0.00    0.00   17.54
15:21:56     all   77.31    0.00    2.99    0.00    0.00    1.00    0.00    0.00    0.00   18.70
15:21:57     all   80.10    0.00    1.01    0.00    0.00    1.01    0.00    0.00    0.00   17.88
15:21:58     all   79.50    0.00    2.00    0.00    0.00    1.00    0.00    0.00    0.00   17.50
15:21:59     all   80.65    0.00    1.51    0.00    0.00    0.50    0.00    0.00    0.00   17.34
15:22:00     all   75.82    0.00    1.76    0.00    0.00    0.50    0.00    0.00    0.00   21.91
15:22:01     all   77.44    0.00    1.75    0.00    0.00    1.00    0.00    0.00    0.00   19.80
15:22:02     all   82.03    0.00    1.27    0.00    0.00    0.51    0.00    0.00    0.00   16.20
15:22:03     all   68.00    0.00    2.25    0.00    0.00    1.00    0.00    0.00    0.00   28.75
15:22:04     all   78.14    0.00    1.76    0.00    0.00    0.75    0.00    0.00    0.00   19.35
15:22:05     all   79.40    0.00    1.76    0.00    0.00    1.01    0.00    0.00    0.00   17.84
15:22:06     all   70.35    0.00    1.26    0.00    0.00    0.75    0.00    0.00    0.00   27.64
15:22:07     all   80.95    0.00    2.01    0.00    0.00    0.50    0.00    0.00    0.00   16.54
15:22:08     all   79.24    0.00    1.27    0.25    0.00    0.76    0.00    0.00    0.00   18.48
15:22:09     all   77.44    0.00    1.25    0.00    0.00    1.00    0.00    0.00    0.00   20.30
15:22:10     all   73.95    0.00    1.99    0.00    0.00    1.49    0.00    0.00    0.00   22.58
15:22:11     all   77.10    0.00    1.53    0.00    0.00    0.76    0.00    0.00    0.00   20.61
15:22:12     all   78.05    0.00    1.75    0.00    0.00    1.00    0.00    0.00    0.00   19.20
15:22:13     all   74.25    0.00    2.25    0.00    0.00    1.00    0.00    0.00    0.00   22.50
15:22:14     all   72.98    0.00    1.52    0.00    0.00    0.51    0.00    0.00    0.00   25.00
15:22:15     all   75.25    0.00    2.00    0.00    0.00    1.00    0.00    0.00    0.00   21.75
15:22:16     all   67.17    0.00    1.52    0.00    0.00    0.76    0.00    0.00    0.00   30.56
15:22:17     all   78.39    0.00    2.01    0.00    0.00    0.75    0.00    0.00    0.00   18.84
15:22:18     all   79.15    0.00    1.76    0.00    0.00    1.01    0.00    0.00    0.00   18.09
15:22:19     all   79.30    0.00    1.25    0.00    0.00    0.75    0.00    0.00    0.00   18.70
15:22:20     all   75.00    0.00    1.75    0.00    0.00    1.00    0.00    0.00    0.00   22.25
15:22:21     all   84.13    0.00    1.76    0.00    0.00    0.25    0.00    0.00    0.00   13.85
15:22:22     all   76.13    0.00    1.76    0.00    0.00    0.75    0.00    0.00    0.00   21.36
15:22:23     all   75.69    0.00    1.50    0.00    0.00    0.75    0.00    0.00    0.00   22.06
15:22:24     all   77.14    0.00    1.76    0.00    0.00    1.01    0.00    0.00    0.00   20.10
15:22:25     all   73.48    0.00    2.02    0.00    0.00    1.01    0.00    0.00    0.00   23.48
15:22:26     all   82.00    0.00    1.50    0.00    0.00    0.75    0.00    0.00    0.00   15.75
15:22:27     all   76.94    0.00    1.50    0.00    0.00    0.50    0.00    0.00    0.00   21.05
15:22:28     all   68.59    0.00    2.26    0.00    0.00    1.26    0.00    0.00    0.00   27.89
15:22:29     all   80.20    0.00    1.25    0.00    0.00    0.75    0.00    0.00    0.00   17.79
15:22:30     all   82.29    0.00    1.25    0.00    0.00    0.75    0.00    0.00    0.00   15.71
15:22:31     all   78.48    0.00    2.78    0.00    0.00    0.25    0.00    0.00    0.00   18.48
15:22:32     all   77.94    0.00    1.50    0.00    0.00    0.75    0.00    0.00    0.00   19.80
15:22:33     all   65.24    0.00    1.51    0.00    0.00    1.51    0.00    0.00    0.00   31.74
15:22:34     all   80.70    0.00    1.75    0.00    0.00    0.25    0.00    0.00    0.00   17.29
15:22:35     all   78.70    0.00    2.26    0.00    0.00    1.00    0.00    0.00    0.00   18.05
15:22:36     all   75.69    0.00    1.50    0.00    0.00    0.75    0.00    0.00    0.00   22.06
15:22:37     all   75.13    0.00    2.01    0.00    0.00    1.01    0.00    0.00    0.00   21.86
15:22:38     all   81.80    0.00    2.24    0.00    0.00    1.00    0.00    0.00    0.00   14.96
15:22:39     all   74.94    0.00    2.01    0.25    0.00    0.75    0.00    0.00    0.00   22.06
15:22:40     all   69.83    0.00    1.75    0.00    0.00    1.00    0.00    0.00    0.00   27.43
15:22:41     all   77.14    0.00    1.26    0.00    0.00    1.01    0.00    0.00    0.00   20.60
15:22:42     all   78.55    0.00    2.00    0.00    0.00    1.25    0.00    0.00    0.00   18.20
15:22:43     all   81.31    0.00    1.77    0.00    0.00    0.25    0.00    0.00    0.00   16.67
15:22:44     all   73.12    0.00    2.26    0.25    0.00    1.26    0.00    0.00    0.00   23.12
15:22:45     all   77.86    0.00    1.49    0.00    0.00    1.24    0.00    0.00    0.00   19.40
15:22:46     all   77.58    0.00    1.76    0.00    0.00    0.76    0.00    0.00    0.00   19.90
15:22:47     all   78.14    0.00    1.51    0.00    0.00    0.75    0.00    0.00    0.00   19.60
15:22:48     all   78.80    0.00    1.75    0.00    0.00    1.00    0.00    0.00    0.00   18.45
15:22:49     all   77.25    0.00    1.25    0.00    0.00    1.00    0.00    0.00    0.00   20.50
15:22:50     all   71.68    0.00    1.28    0.00    0.00    0.51    0.00    0.00    0.00   26.53
15:22:51     all   75.62    0.00    1.49    0.00    0.00    0.75    0.00    0.00    0.00   22.14
15:22:52     all   77.66    0.00    1.52    0.00    0.00    0.25    0.00    0.00    0.00   20.56
15:22:53     all   79.45    0.00    1.75    0.00    0.00    0.75    0.00    0.00    0.00   18.05
15:22:54     all   81.75    0.00    1.25    0.00    0.00    1.25    0.00    0.00    0.00   15.75
15:22:55     all   77.00    0.00    2.25    0.00    0.00    0.50    0.00    0.00    0.00   20.25
15:22:56     all   77.69    0.00    1.25    0.00    0.00    0.75    0.00    0.00    0.00   20.30
15:22:57     all   77.58    0.00    1.51    0.00    0.00    1.01    0.00    0.00    0.00   19.90
15:22:58     all   72.93    0.00    2.01    0.00    0.00    0.75    0.00    0.00    0.00   24.31
15:22:59     all   78.70    0.00    1.75    0.00    0.00    0.75    0.00    0.00    0.00   18.80
15:23:00     all   71.00    0.00    2.00    0.00    0.00    0.75    0.00    0.00    0.00   26.25
15:23:01     all   75.62    0.00    2.49    0.00    0.00    1.24    0.00    0.00    0.00   20.65
15:23:02     all   76.63    0.00    1.51    0.00    0.00    0.75    0.00    0.00    0.00   21.11
15:23:03     all   80.10    0.00    1.26    0.00    0.00    1.01    0.00    0.00    0.00   17.63
15:23:04     all   82.12    0.00    1.51    0.00    0.00    1.01    0.00    0.00    0.00   15.37
15:23:05     all   79.09    0.00    1.01    0.00    0.00    1.01    0.00    0.00    0.00   18.89
15:23:06     all   76.94    0.00    1.75    0.00    0.00    1.00    0.00    0.00    0.00   20.30
15:23:07     all   81.45    0.00    1.75    0.00    0.00    0.75    0.00    0.00    0.00   16.04
15:23:08     all   74.94    0.00    1.50    0.00    0.00    0.75    0.00    0.00    0.00   22.81
15:23:09     all   74.62    0.00    2.01    0.00    0.00    1.01    0.00    0.00    0.00   22.36
15:23:10     all   79.90    0.00    1.51    0.00    0.00    0.75    0.00    0.00    0.00   17.84
15:23:11     all   81.41    0.00    1.76    0.00    0.00    0.50    0.00    0.00    0.00   16.33
15:23:12     all   78.50    0.00    1.75    0.00    0.00    0.75    0.00    0.00    0.00   19.00
15:23:13     all   78.14    0.00    1.26    0.00    0.00    1.01    0.00    0.00    0.00   19.60
15:23:14     all   79.45    0.00    1.75    0.00    0.00    1.00    0.00    0.00    0.00   17.79
15:23:15     all   82.62    0.00    1.51    0.00    0.00    0.76    0.00    0.00    0.00   15.11
15:23:16     all   81.25    0.00    1.75    0.00    0.00    1.00    0.00    0.00    0.00   16.00
15:23:17     all   81.25    0.00    1.50    0.00    0.00    1.00    0.00    0.00    0.00   16.25
15:23:18     all   84.09    0.00    1.52    0.00    0.00    0.51    0.00    0.00    0.00   13.89
15:23:19     all   82.50    0.00    1.75    0.25    0.00    1.00    0.00    0.00    0.00   14.50
15:23:20     all   76.81    0.00    1.75    0.00    0.00    0.75    0.00    0.00    0.00   20.70
15:23:21     all   66.50    0.00    2.00    0.00    0.00    1.25    0.00    0.00    0.00   30.25
15:23:22     all   85.06    0.00    1.77    0.00    0.00    0.51    0.00    0.00    0.00   12.66
15:23:23     all   75.56    0.00    1.75    0.00    0.00    1.00    0.00    0.00    0.00   21.70
15:23:24     all   82.79    0.00    1.50    0.25    0.00    0.50    0.00    0.00    0.00   14.96
15:23:25     all   74.06    0.00    2.02    0.00    0.00    1.01    0.00    0.00    0.00   22.92
15:23:26     all   76.69    0.00    1.75    0.00    0.00    1.00    0.00    0.00    0.00   20.55
15:23:27     all   74.19    0.00    1.50    0.00    0.00    1.00    0.00    0.00    0.00   23.31
15:23:28     all   75.19    0.00    2.01    0.00    0.00    0.75    0.00    0.00    0.00   22.06
15:23:29     all   80.20    0.00    1.50    0.00    0.00    1.00    0.00    0.00    0.00   17.29
15:23:30     all   79.75    0.00    1.77    0.00    0.00    0.25    0.00    0.00    0.00   18.23
15:23:31     all   77.81    0.00    2.99    0.00    0.00    1.25    0.00    0.00    0.00   17.96
15:23:32     all   83.88    0.00    1.51    0.00    0.00    1.01    0.00    0.00    0.00   13.60
15:23:33     all   72.86    0.00    1.76    0.00    0.00    0.75    0.00    0.00    0.00   24.62
15:23:34     all   78.25    0.00    1.75    0.00    0.00    1.00    0.00    0.00    0.00   19.00
15:23:35     all   80.86    0.00    1.26    0.00    0.00    0.76    0.00    0.00    0.00   17.13
15:23:36     all   78.36    0.00    1.74    0.00    0.00    1.24    0.00    0.00    0.00   18.66
15:23:37     all   78.89    0.00    1.76    0.00    0.00    0.50    0.00    0.00    0.00   18.84
15:23:38     all   79.15    0.00    1.76    0.00    0.00    1.01    0.00    0.00    0.00   18.09
15:23:39     all   66.08    0.00    1.76    0.00    0.00    1.01    0.00    0.00    0.00   31.16
15:23:40     all   82.21    0.00    1.50    0.00    0.00    1.25    0.00    0.00    0.00   15.04
15:23:41     all   76.69    0.00    2.26    0.00    0.00    1.00    0.00    0.00    0.00   20.05
15:23:42     all   83.67    0.00    1.76    0.25    0.00    0.25    0.00    0.00    0.00   14.07
15:23:43     all   74.62    0.00    2.26    0.00    0.00    0.75    0.00    0.00    0.00   22.36
15:23:44     all   78.45    0.00    1.50    0.00    0.00    0.75    0.00    0.00    0.00   19.30
15:23:45     all   81.11    0.00    1.51    0.00    0.00    0.50    0.00    0.00    0.00   16.88
15:23:46     all   80.75    0.00    1.50    0.00    0.00    1.50    0.00    0.00    0.00   16.25
15:23:47     all   77.02    0.00    1.77    0.00    0.00    0.51    0.00    0.00    0.00   20.71
15:23:48     all   77.06    0.00    1.50    0.00    0.00    1.00    0.00    0.00    0.00   20.45
15:23:49     all   80.60    0.00    2.02    0.00    0.00    0.50    0.00    0.00    0.00   16.88
15:23:50     all   78.64    0.00    1.76    0.00    0.00    1.26    0.00    0.00    0.00   18.34
15:23:51     all   77.64    0.00    1.76    0.00    0.00    0.75    0.00    0.00    0.00   19.85
15:23:52     all   79.50    0.00    1.50    0.00    0.00    1.00    0.00    0.00    0.00   18.00
15:23:53     all   71.18    0.00    2.01    0.00    0.00    0.75    0.00    0.00    0.00   26.07
15:23:54     all   71.11    0.00    1.76    0.00    0.00    1.01    0.00    0.00    0.00   26.13
15:23:55     all   81.16    0.00    1.51    0.00    0.00    0.75    0.00    0.00    0.00   16.58
15:23:56     all   79.09    0.00    1.51    0.00    0.00    0.76    0.00    0.00    0.00   18.64
15:23:57     all   79.25    0.00    1.50    0.00    0.00    1.00    0.00    0.00    0.00   18.25
15:23:58     all   77.64    0.00    2.01    0.00    0.00    1.01    0.00    0.00    0.00   19.35
15:23:59     all   78.20    0.00    1.00    0.00    0.00    1.25    0.00    0.00    0.00   19.55
15:24:00     all   77.58    0.00    1.76    0.00    0.00    0.76    0.00    0.00    0.00   19.90
15:24:01     all   75.44    0.00    1.75    0.00    0.00    1.25    0.00    0.00    0.00   21.55
15:24:02     all   82.00    0.00    1.75    0.00    0.00    0.50    0.00    0.00    0.00   15.75
15:24:03     all   76.57    0.00    2.02    0.25    0.00    1.01    0.00    0.00    0.00   20.15
15:24:04     all   80.35    0.00    1.26    0.00    0.00    0.76    0.00    0.00    0.00   17.63
15:24:05     all   76.26    0.00    1.77    0.00    0.00    1.01    0.00    0.00    0.00   20.96
15:24:06     all   81.30    0.00    2.00    0.00    0.00    0.50    0.00    0.00    0.00   16.21
15:24:07     all   71.03    0.00    1.26    0.00    0.00    0.76    0.00    0.00    0.00   26.95
15:24:08     all   78.00    0.00    1.75    0.00    0.00    1.25    0.00    0.00    0.00   19.00
15:24:09     all   74.94    0.00    1.77    0.00    0.00    0.76    0.00    0.00    0.00   22.53
15:24:10     all   76.00    0.00    2.00    0.00    0.00    1.00    0.00    0.00    0.00   21.00
15:24:11     all   80.40    0.00    1.51    0.00    0.00    0.50    0.00    0.00    0.00   17.59
15:24:12     all   75.00    0.00    1.25    0.00    0.00    1.00    0.00    0.00    0.00   22.75
15:24:13     all   79.05    0.00    1.75    0.00    0.00    1.00    0.00    0.00    0.00   18.20
15:24:14     all   79.40    0.00    1.26    0.00    0.00    1.01    0.00    0.00    0.00   18.34
15:24:15     all   79.80    0.00    1.77    0.00    0.00    0.25    0.00    0.00    0.00   18.18
15:24:16     all   81.11    0.00    1.51    0.00    0.00    1.01    0.00    0.00    0.00   16.37
15:24:17     all   75.57    0.00    1.76    0.00    0.00    0.76    0.00    0.00    0.00   21.91
15:24:18     all   75.75    0.00    1.50    0.25    0.00    1.00    0.00    0.00    0.00   21.50
15:24:19     all   81.00    0.00    1.50    0.00    0.00    1.00    0.00    0.00    0.00   16.50
15:24:20     all   79.75    0.00    1.27    0.00    0.00    0.76    0.00    0.00    0.00   18.23
15:24:21     all   80.30    0.00    1.50    0.00    0.00    1.00    0.00    0.00    0.00   17.21
15:24:22     all   80.45    0.00    2.01    0.00    0.00    0.50    0.00    0.00    0.00   17.04
15:24:23     all   70.45    0.00    1.77    0.00    0.00    1.01    0.00    0.00    0.00   26.77
15:24:24     all   75.87    0.00    1.99    0.00    0.00    0.75    0.00    0.00    0.00   21.39
15:24:25     all   73.55    0.00    2.02    0.00    0.00    1.01    0.00    0.00    0.00   23.43
15:24:26     all    0.00    0.00    0.00    0.00    0.00    0.00    0.00    0.00    0.00  100.00
15:24:27     all    0.25    0.00    0.00    0.00    0.00    0.00    0.00    0.00    0.00   99.75
15:24:28     all    0.25    0.00    0.00    0.00    0.00    0.00    0.00    0.00    0.00   99.75
15:24:29     all    0.00    0.00    0.00    0.25    0.00    0.00    0.00    0.00    0.00   99.75
15:24:30     all    9.50    0.00    0.75    0.00    0.00    0.25    0.00    0.00    0.00   89.50
15:24:31     all   78.20    0.00    3.26    0.00    0.00    1.00    0.00    0.00    0.00   17.54
15:24:32     all   80.51    0.00    1.52    0.00    0.00    0.76    0.00    0.00    0.00   17.22
15:24:33     all   77.31    0.00    1.50    0.00    0.00    1.00    0.00    0.00    0.00   20.20
15:24:34     all   81.16    0.00    1.51    0.00    0.00    0.50    0.00    0.00    0.00   16.83
15:24:35     all   78.75    0.00    2.00    0.00    0.00    1.00    0.00    0.00    0.00   18.25
15:24:36     all   80.81    0.00    1.52    0.00    0.00    0.25    0.00    0.00    0.00   17.42
15:24:37     all   78.89    0.00    1.51    0.00    0.00    1.01    0.00    0.00    0.00   18.59
15:24:38     all   80.55    0.00    1.75    0.00    0.00    1.00    0.00    0.00    0.00   16.71
15:24:39     all   68.34    0.00    2.26    0.00    0.00    0.75    0.00    0.00    0.00   28.64
15:24:40     all   80.81    0.00    1.52    0.00    0.00    0.76    0.00    0.00    0.00   16.92
15:24:41     all   78.25    0.00    2.00    0.00    0.00    1.00    0.00    0.00    0.00   18.75
15:24:42     all   79.75    0.00    1.77    0.00    0.00    0.51    0.00    0.00    0.00   17.97
15:24:43     all   66.75    0.00    2.00    0.00    0.00    1.00    0.00    0.00    0.00   30.25
15:24:44     all   77.25    0.00    1.75    0.00    0.00    1.00    0.00    0.00    0.00   20.00
15:24:45     all   76.44    0.00    1.50    0.00    0.00    1.00    0.00    0.00    0.00   21.05
15:24:46     all   76.25    0.00    1.50    0.00    0.00    1.00    0.00    0.00    0.00   21.25
15:24:47     all   73.05    0.00    1.76    0.00    0.00    0.76    0.00    0.00    0.00   24.43
15:24:48     all   82.96    0.00    1.50    0.00    0.00    0.75    0.00    0.00    0.00   14.79
15:24:49     all   72.04    0.00    2.52    0.00    0.00    0.76    0.00    0.00    0.00   24.69
15:24:50     all   79.70    0.00    2.01    0.00    0.00    1.00    0.00    0.00    0.00   17.29
15:24:51     all   75.95    0.00    1.52    0.00    0.00    0.51    0.00    0.00    0.00   22.03
15:24:52     all   81.44    0.00    1.98    0.00    0.00    1.49    0.00    0.00    0.00   15.10
15:24:53     all   77.25    0.00    1.75    0.00    0.00    0.75    0.00    0.00    0.00   20.25
15:24:54     all   77.33    0.00    1.26    0.00    0.00    1.01    0.00    0.00    0.00   20.40
15:24:55     all   77.19    0.00    1.50    0.00    0.00    0.75    0.00    0.00    0.00   20.55
15:24:56     all   79.09    0.00    1.51    0.00    0.00    0.76    0.00    0.00    0.00   18.64
15:24:57     all   76.62    0.00    1.74    0.00    0.00    1.24    0.00    0.00    0.00   20.40
15:24:58     all   70.43    0.00    2.01    0.25    0.00    1.00    0.00    0.00    0.00   26.32
15:24:59     all   73.93    0.00    1.50    0.00    0.00    0.75    0.00    0.00    0.00   23.81
Average:     all   73.08    0.00    1.63    0.01    0.00    0.82    0.00    0.00    0.00   24.46
