Linux 6.8.0-1064-azure (csb-bench-host-azure) 	08/15/26 	_x86_64_	(4 CPU)

18:58:43     CPU    %usr   %nice    %sys %iowait    %irq   %soft  %steal  %guest  %gnice   %idle
18:58:44     all    9.32    0.00    3.53    0.00    0.00    0.00    0.00    0.00    0.00   87.15
18:58:45     all    3.53    0.00    1.01    0.00    0.00    0.50    0.00    0.00    0.00   94.96
18:58:46     all   22.05    0.00   13.33    0.26    0.00    9.74    0.00    0.00    0.00   54.62
18:58:47     all   22.19    0.00   16.07    0.00    0.00   13.01    0.00    0.00    0.00   48.72
18:58:48     all   21.03    0.00   18.72    0.00    0.00   14.36    0.00    0.00    0.00   45.90
18:58:49     all   20.41    0.00   21.45    0.00    0.00   13.44    0.00    0.00    0.00   44.70
18:58:50     all   20.16    0.00   19.90    0.00    0.00   14.47    0.00    0.00    0.00   45.48
18:58:51     all   21.68    0.00   20.15    0.00    0.00   14.80    0.00    0.00    0.00   43.37
18:58:52     all   20.51    0.00   21.54    0.00    0.00   13.59    0.00    0.00    0.00   44.36
18:58:53     all   21.34    0.00   24.16    0.00    0.00   15.17    0.00    0.00    0.00   39.33
18:58:54     all   22.51    0.00   21.99    0.00    0.00   14.58    0.00    0.00    0.00   40.92
18:58:55     all   20.66    0.00   20.15    0.00    0.00   14.80    0.00    0.00    0.00   44.39
18:58:56     all   20.30    0.00   20.05    0.00    0.00   14.72    0.00    0.00    0.00   44.92
18:58:57     all   20.87    0.00   21.63    0.00    0.00   15.27    0.00    0.00    0.00   42.24
18:58:58     all   20.88    0.00   23.20    0.26    0.00   15.21    0.00    0.00    0.00   40.46
18:58:59     all   20.30    0.00   24.87    0.00    0.00   15.23    0.00    0.00    0.00   39.59
18:59:00     all   20.93    0.00   21.96    0.00    0.00   14.21    0.00    0.00    0.00   42.89
18:59:01     all   19.90    0.00   18.37    0.00    0.00   14.54    0.00    0.00    0.00   47.19
18:59:02     all   21.16    0.00   25.69    0.00    0.00   14.61    0.00    0.00    0.00   38.54
18:59:03     all   21.28    0.00   25.13    0.00    0.00   14.10    0.00    0.00    0.00   39.49
18:59:04     all   22.36    0.00   24.87    0.00    0.00   15.58    0.00    0.00    0.00   37.19
18:59:05     all   21.35    0.00   23.18    0.00    0.00   15.36    0.00    0.00    0.00   40.10
18:59:06     all   21.07    0.00   20.56    0.00    0.00   14.97    0.00    0.00    0.00   43.40
18:59:07     all   21.03    0.00   23.33    0.00    0.00   14.87    0.00    0.00    0.00   40.77
18:59:08     all   20.76    0.00   25.06    0.00    0.00   15.19    0.00    0.00    0.00   38.99
18:59:09     all   21.74    0.00   25.06    0.00    0.00   14.07    0.00    0.00    0.00   39.13
18:59:10     all   21.57    0.00   20.81    0.25    0.00   13.96    0.00    0.00    0.00   43.40
18:59:11     all   20.66    0.00   20.92    0.00    0.00   15.82    0.00    0.00    0.00   42.60
18:59:12     all   22.19    0.00   19.13    0.00    0.00   15.56    0.00    0.00    0.00   43.11
18:59:13     all   21.59    0.00   17.48    0.00    0.00   14.14    0.00    0.00    0.00   46.79
18:59:14     all   21.28    0.00   17.18    0.00    0.00   15.38    0.00    0.00    0.00   46.15
18:59:15     all   21.52    0.00   17.47    0.00    0.00   15.70    0.00    0.00    0.00   45.32
18:59:16     all   20.97    0.00   22.51    0.26    0.00   14.58    0.00    0.00    0.00   41.69
18:59:17     all   20.56    0.00   23.35    0.00    0.00   14.21    0.00    0.00    0.00   41.88
18:59:18     all   20.15    0.00   26.53    0.00    0.00   15.31    0.00    0.00    0.00   38.01
18:59:19     all   19.95    0.00   23.79    0.00    0.00   13.55    0.00    0.00    0.00   42.71
18:59:20     all   21.37    0.00   23.41    0.00    0.00   14.50    0.00    0.00    0.00   40.71
18:59:21     all   21.17    0.00   20.66    0.26    0.00   15.31    0.00    0.00    0.00   42.60
18:59:22     all   21.39    0.00   25.26    0.00    0.00   14.95    0.00    0.00    0.00   38.40
18:59:23     all   20.16    0.00   23.51    0.00    0.00   13.95    0.00    0.00    0.00   42.38
18:59:24     all   21.11    0.00   24.37    0.00    0.00   15.33    0.00    0.00    0.00   39.20
18:59:25     all   21.48    0.00   23.79    0.00    0.00   15.09    0.00    0.00    0.00   39.64
18:59:26     all   21.34    0.00   21.08    0.00    0.00   14.14    0.00    0.00    0.00   43.44
18:59:27     all   22.03    0.00   25.82    0.00    0.00   14.43    0.00    0.00    0.00   37.72
18:59:28     all   20.81    0.00   24.87    0.00    0.00   15.74    0.00    0.00    0.00   38.58
18:59:29     all   21.12    0.00   26.21    0.00    0.00   14.50    0.00    0.00    0.00   38.17
18:59:30     all   21.77    0.00   23.54    0.00    0.00   14.43    0.00    0.00    0.00   40.25
18:59:31     all   18.91    0.00   21.50    0.00    0.00   15.54    0.00    0.00    0.00   44.04
18:59:32     all   20.72    0.00   24.55    0.00    0.00   15.35    0.00    0.00    0.00   39.39
18:59:33     all   21.12    0.00   25.70    0.00    0.00   13.99    0.00    0.00    0.00   39.19
18:59:34     all   21.68    0.00   26.02    0.00    0.00   15.05    0.00    0.00    0.00   37.24
18:59:35     all   22.28    0.00   21.77    0.00    0.00   14.94    0.00    0.00    0.00   41.01
18:59:36     all   22.02    0.00   21.24    0.00    0.00   15.28    0.00    0.00    0.00   41.45
18:59:37     all   20.15    0.00   24.18    0.00    0.00   16.12    0.00    0.00    0.00   39.55
18:59:38     all   21.13    0.00   25.26    0.00    0.00   14.43    0.00    0.00    0.00   39.18
18:59:39     all   21.23    0.00   22.76    0.00    0.00   14.32    0.00    0.00    0.00   41.69
18:59:40     all   20.66    0.00   20.66    0.00    0.00   15.82    0.00    0.00    0.00   42.86
18:59:41     all   20.62    0.00   21.91    0.00    0.00   15.46    0.00    0.00    0.00   42.01
18:59:42     all   21.17    0.00   20.41    0.00    0.00   14.03    0.00    0.00    0.00   44.39
18:59:43     all   21.08    0.00   21.85    0.00    0.00   15.17    0.00    0.00    0.00   41.90
18:59:44     all   21.74    0.00   20.97    0.00    0.00   15.35    0.00    0.00    0.00   41.94
18:59:45     all   21.34    0.00   21.85    0.00    0.00   14.40    0.00    0.00    0.00   42.42
18:59:46     all   20.51    0.00   19.49    0.00    0.00   14.36    0.00    0.00    0.00   45.64
18:59:47     all   22.39    0.00   24.43    0.00    0.00   16.28    0.00    0.00    0.00   36.90
18:59:48     all   21.12    0.00   25.45    0.00    0.00   15.27    0.00    0.00    0.00   38.17
18:59:49     all   21.21    0.00   23.23    0.00    0.00   15.40    0.00    0.00    0.00   40.15
18:59:50     all   19.80    0.00   20.56    0.00    0.00   14.72    0.00    0.00    0.00   44.92
18:59:51     all   20.57    0.00   20.82    0.26    0.00   14.65    0.00    0.00    0.00   43.70
18:59:52     all   19.59    0.00   24.94    0.00    0.00   15.01    0.00    0.00    0.00   40.46
18:59:53     all   21.85    0.00   23.91    0.00    0.00   14.91    0.00    0.00    0.00   39.33
18:59:54     all   22.73    0.00   24.24    0.00    0.00   15.40    0.00    0.00    0.00   37.63
18:59:55     all   21.48    0.00   19.69    0.00    0.00   14.07    0.00    0.00    0.00   44.76
18:59:56     all   20.76    0.00   24.81    0.00    0.00   16.20    0.00    0.00    0.00   38.23
18:59:57     all   21.17    0.00   23.98    0.00    0.00   14.54    0.00    0.00    0.00   40.31
18:59:58     all   21.46    0.00   25.51    0.00    0.00   15.66    0.00    0.00    0.00   37.37
18:59:59     all   21.48    0.00   24.30    0.00    0.00   15.86    0.00    0.00    0.00   38.36
19:00:00     all   22.22    0.00   21.19    0.00    0.00   13.95    0.00    0.00    0.00   42.64
19:00:01     all   20.31    0.00   24.42    0.26    0.00   15.94    0.00    0.00    0.00   39.07
19:00:02     all   22.05    0.00   25.90    0.00    0.00   15.13    0.00    0.00    0.00   36.92
19:00:03     all   21.72    0.00   25.76    0.00    0.00   15.91    0.00    0.00    0.00   36.62
19:00:04     all   20.97    0.00   24.04    0.00    0.00   14.07    0.00    0.00    0.00   40.92
19:00:05     all   21.57    0.00   18.78    0.00    0.00   15.23    0.00    0.00    0.00   44.42
19:00:06     all   21.07    0.00   23.35    0.00    0.00   15.23    0.00    0.00    0.00   40.36
19:00:07     all   22.94    0.00   24.48    0.00    0.00   13.66    0.00    0.00    0.00   38.92
19:00:08     all   21.12    0.00   25.19    0.00    0.00   15.01    0.00    0.00    0.00   38.68
19:00:09     all   20.88    0.00   24.74    0.00    0.00   15.46    0.00    0.00    0.00   38.92
19:00:10     all   21.16    0.00   17.63    0.00    0.00   14.86    0.00    0.00    0.00   46.35
19:00:11     all   21.99    0.00   25.58    0.00    0.00   14.83    0.00    0.00    0.00   37.60
19:00:12     all   19.39    0.00   23.72    0.00    0.00   14.54    0.00    0.00    0.00   42.35
19:00:13     all   21.03    0.00   24.87    0.00    0.00   15.64    0.00    0.00    0.00   38.46
19:00:14     all   21.17    0.00   26.02    0.00    0.00   15.56    0.00    0.00    0.00   37.24
19:00:15     all   20.92    0.00   19.13    0.00    0.00   14.54    0.00    0.00    0.00   45.41
19:00:16     all   21.91    0.00   18.04    0.00    0.00   15.21    0.00    0.00    0.00   44.85
19:00:17     all   22.42    0.00   12.63    0.00    0.00   17.01    0.00    0.00    0.00   47.94
19:00:18     all   23.77    0.00   10.85    0.00    0.00   15.25    0.00    0.00    0.00   50.13
19:00:19     all   22.39    0.00   11.45    0.25    0.00   17.05    0.00    0.00    0.00   48.85
19:00:20     all   23.51    0.00   12.40    0.00    0.00   15.76    0.00    0.00    0.00   48.32
19:00:21     all   23.79    0.00   11.51    0.00    0.00   16.11    0.00    0.00    0.00   48.59
19:00:22     all   23.29    0.00   11.65    0.00    0.00   17.22    0.00    0.00    0.00   47.85
19:00:23     all   24.16    0.00   11.83    0.00    0.00   15.17    0.00    0.00    0.00   48.84
19:00:24     all   24.43    0.00   11.96    0.00    0.00   15.27    0.00    0.00    0.00   48.35
19:00:25     all   21.50    0.00    9.84    0.00    0.00   15.54    0.00    0.00    0.00   53.11
19:00:26     all   24.87    0.00   11.28    0.51    0.00   14.87    0.00    0.00    0.00   48.46
19:00:27     all   24.05    0.00   12.15    0.00    0.00   16.46    0.00    0.00    0.00   47.34
19:00:28     all   23.21    0.00   11.73    0.00    0.00   17.09    0.00    0.00    0.00   47.96
19:00:29     all   24.55    0.00   12.14    0.00    0.00   17.05    0.00    0.00    0.00   46.25
19:00:30     all   22.25    0.00   11.51    0.00    0.00   15.35    0.00    0.00    0.00   50.90
19:00:31     all   22.51    0.00   13.30    0.00    0.00   17.39    0.00    0.00    0.00   46.80
19:00:32     all   23.39    0.00   11.83    0.00    0.00   15.17    0.00    0.00    0.00   49.61
19:00:33     all   22.14    0.00   11.70    0.00    0.00   16.54    0.00    0.00    0.00   49.62
19:00:34     all   22.66    0.00   13.02    0.00    0.00   15.89    0.00    0.00    0.00   48.44
19:00:35     all   23.18    0.00   10.94    0.00    0.00   15.62    0.00    0.00    0.00   50.26
19:00:36     all   22.80    0.00   11.66    0.00    0.00   16.84    0.00    0.00    0.00   48.70
19:00:37     all   22.31    0.00   11.54    0.00    0.00   15.38    0.00    0.00    0.00   50.77
19:00:38     all   22.22    0.00   12.14    0.00    0.00   16.28    0.00    0.00    0.00   49.35
19:00:39     all   20.88    0.00   14.18    0.00    0.00   14.69    0.00    0.00    0.00   50.26
19:00:40     all   23.32    0.00   11.40    0.00    0.00   15.54    0.00    0.00    0.00   49.74
19:00:41     all   22.22    0.00   11.37    0.00    0.00   16.28    0.00    0.00    0.00   50.13
19:00:42     all   23.21    0.00   12.50    0.26    0.00   15.82    0.00    0.00    0.00   48.21
19:00:43     all   21.54    0.00   13.08    0.00    0.00   14.62    0.00    0.00    0.00   50.77
19:00:44     all   20.16    0.00   13.95    0.00    0.00   14.47    0.00    0.00    0.00   51.42
19:00:45     all   21.37    0.00   13.49    0.00    0.00   14.76    0.00    0.00    0.00   50.38
19:00:46     all   21.08    0.00   13.62    0.00    0.00   15.17    0.00    0.00    0.00   50.13
19:00:47     all   20.52    0.00   14.29    0.00    0.00   14.81    0.00    0.00    0.00   50.39
19:00:48     all   20.87    0.00   14.25    0.00    0.00   16.03    0.00    0.00    0.00   48.85
19:00:49     all   22.22    0.00   13.64    0.00    0.00   14.39    0.00    0.00    0.00   49.75
19:00:50     all   21.48    0.00   14.32    0.00    0.00   14.58    0.00    0.00    0.00   49.62
19:00:51     all   20.97    0.00   14.07    0.00    0.00   15.09    0.00    0.00    0.00   49.87
19:00:52     all   21.34    0.00   19.28    0.00    0.00   14.65    0.00    0.00    0.00   44.73
19:00:53     all   21.57    0.00   26.65    0.00    0.00   15.99    0.00    0.00    0.00   35.79
19:00:54     all   21.32    0.00   25.38    0.00    0.00   15.23    0.00    0.00    0.00   38.07
19:00:55     all   22.34    0.00   25.38    0.00    0.00   15.74    0.00    0.00    0.00   36.55
19:00:56     all   20.25    0.00   26.08    0.00    0.00   14.94    0.00    0.00    0.00   38.73
19:00:57     all   20.93    0.00   23.26    0.00    0.00   14.47    0.00    0.00    0.00   41.34
19:00:58     all   20.66    0.00   25.26    0.00    0.00   15.82    0.00    0.00    0.00   38.27
19:00:59     all   20.26    0.00   26.15    0.00    0.00   14.87    0.00    0.00    0.00   38.72
19:01:00     all   22.08    0.00   23.35    0.00    0.00   14.72    0.00    0.00    0.00   39.85
19:01:01     all   21.27    0.00   25.06    0.00    0.00   14.68    0.00    0.00    0.00   38.99
19:01:02     all   21.37    0.00   23.92    0.00    0.00   15.01    0.00    0.00    0.00   39.69
19:01:03     all   21.54    0.00   24.62    0.00    0.00   14.62    0.00    0.00    0.00   39.23
19:01:04     all   21.94    0.00   25.51    0.00    0.00   15.05    0.00    0.00    0.00   37.50
19:01:05     all   22.47    0.00   24.75    0.25    0.00   15.40    0.00    0.00    0.00   37.12
19:01:06     all   20.46    0.00   25.06    0.00    0.00   15.09    0.00    0.00    0.00   39.39
19:01:07     all   21.77    0.00   21.01    0.00    0.00   14.94    0.00    0.00    0.00   42.28
19:01:08     all   22.82    0.00   24.36    0.00    0.00   15.38    0.00    0.00    0.00   37.44
19:01:09     all   20.36    0.00   24.23    0.00    0.00   13.40    0.00    0.00    0.00   42.01
19:01:10     all   20.96    0.00   24.24    0.25    0.00   16.67    0.00    0.00    0.00   37.88
19:01:11     all   21.85    0.00   25.19    0.00    0.00   13.88    0.00    0.00    0.00   39.07
19:01:12     all   20.31    0.00   23.65    0.00    0.00   14.91    0.00    0.00    0.00   41.13
19:01:13     all   21.13    0.00   25.26    0.00    0.00   14.18    0.00    0.00    0.00   39.43
19:01:14     all   20.66    0.00   22.70    0.00    0.00   16.07    0.00    0.00    0.00   40.56
19:01:15     all   21.71    0.00   23.26    0.00    0.00   14.47    0.00    0.00    0.00   40.57
19:01:16     all   21.41    0.00   25.19    0.00    0.00   14.61    0.00    0.00    0.00   38.79
19:01:17     all   20.46    0.00   20.97    0.00    0.00   13.04    0.00    0.00    0.00   45.52
19:01:18     all   21.85    0.00   24.42    0.00    0.00   15.42    0.00    0.00    0.00   38.30
19:01:19     all   19.70    0.00   25.25    0.00    0.00   13.89    0.00    0.00    0.00   41.16
19:01:20     all   21.96    0.00   24.03    0.00    0.00   14.47    0.00    0.00    0.00   39.53
19:01:21     all   19.95    0.00   22.54    0.00    0.00   13.47    0.00    0.00    0.00   44.04
19:01:22     all   20.56    0.00   20.81    0.00    0.00   14.21    0.00    0.00    0.00   44.42
19:01:23     all   21.97    0.00   25.00    0.00    0.00   15.15    0.00    0.00    0.00   37.88
19:01:24     all   22.28    0.00   24.56    0.00    0.00   15.70    0.00    0.00    0.00   37.47
19:01:25     all   21.48    0.00   24.04    0.00    0.00   15.35    0.00    0.00    0.00   39.13
19:01:26     all   21.19    0.00   24.29    0.00    0.00   14.73    0.00    0.00    0.00   39.79
19:01:27     all   21.39    0.00   21.91    0.00    0.00   14.18    0.00    0.00    0.00   42.53
19:01:28     all   21.57    0.00   24.62    0.00    0.00   14.97    0.00    0.00    0.00   38.83
19:01:30     all   20.61    0.00   24.17    0.00    0.00   14.50    0.00    0.00    0.00   40.71
19:01:31     all   21.32    0.00   25.38    0.25    0.00   15.48    0.00    0.00    0.00   37.56
19:01:32     all   20.61    0.00   24.68    0.00    0.00   13.99    0.00    0.00    0.00   40.71
19:01:33     all   20.15    0.00   20.41    0.00    0.00   13.78    0.00    0.00    0.00   45.66
19:01:34     all   21.34    0.00   14.14    0.00    0.00   14.40    0.00    0.00    0.00   50.13
19:01:35     all   20.51    0.00   15.64    0.00    0.00   15.64    0.00    0.00    0.00   48.21
19:01:36     all   21.28    0.00   16.15    0.00    0.00   14.62    0.00    0.00    0.00   47.95
19:01:37     all   21.56    0.00   16.62    0.00    0.00   14.81    0.00    0.00    0.00   47.01
19:01:38     all   20.72    0.00   18.16    0.00    0.00   16.11    0.00    0.00    0.00   45.01
19:01:39     all   22.56    0.00   17.54    0.00    0.00   14.79    0.00    0.00    0.00   45.11
19:01:40     all   20.93    0.00   17.57    0.00    0.00   14.99    0.00    0.00    0.00   46.51
19:01:41     all   21.12    0.00   17.30    0.00    0.00   16.28    0.00    0.00    0.00   45.29
19:01:42     all   21.43    0.00   17.09    0.26    0.00   15.05    0.00    0.00    0.00   46.17
19:01:43     all   20.92    0.00   18.37    0.00    0.00   14.03    0.00    0.00    0.00   46.68
19:01:44     all   20.77    0.00   15.64    0.00    0.00   13.85    0.00    0.00    0.00   49.74
19:01:45     all   19.90    0.00   17.86    0.00    0.00   14.29    0.00    0.00    0.00   47.96
19:01:46     all   20.51    0.00   17.69    0.00    0.00   15.90    0.00    0.00    0.00   45.90
19:01:47     all   21.99    0.00   17.14    0.00    0.00   15.35    0.00    0.00    0.00   45.52
19:01:48     all   21.63    0.00   17.81    0.00    0.00   13.99    0.00    0.00    0.00   46.56
19:01:49     all   19.44    0.00   17.90    0.00    0.00   15.35    0.00    0.00    0.00   47.31
19:01:50     all   20.31    0.00   17.22    0.00    0.00   13.37    0.00    0.00    0.00   49.10
19:01:51     all   21.54    0.00   16.67    0.00    0.00   15.90    0.00    0.00    0.00   45.90
19:01:52     all   20.21    0.00   17.62    0.00    0.00   16.06    0.00    0.00    0.00   46.11
19:01:53     all   21.37    0.00   17.30    0.51    0.00   15.01    0.00    0.00    0.00   45.80
19:01:54     all   20.47    0.00   16.58    0.00    0.00   15.54    0.00    0.00    0.00   47.41
19:01:55     all   19.69    0.00   17.65    0.00    0.00   16.11    0.00    0.00    0.00   46.55
19:01:56     all   21.21    0.00   17.93    0.00    0.00   15.40    0.00    0.00    0.00   45.45
19:01:57     all   21.23    0.00   16.62    0.00    0.00   14.83    0.00    0.00    0.00   47.31
19:01:58     all   21.74    0.00   16.37    0.00    0.00   15.35    0.00    0.00    0.00   46.55
19:01:59     all   20.30    0.00   18.02    0.00    0.00   13.96    0.00    0.00    0.00   47.72
19:02:00     all   20.57    0.00   17.48    0.00    0.00   13.88    0.00    0.00    0.00   48.07
19:02:01     all   20.36    0.00   17.53    0.00    0.00   16.24    0.00    0.00    0.00   45.88
19:02:02     all   21.43    0.00   18.62    0.00    0.00   14.80    0.00    0.00    0.00   45.15
19:02:03     all   22.28    0.00   16.71    0.00    0.00   15.44    0.00    0.00    0.00   45.57
19:02:04     all   21.57    0.00   18.53    0.00    0.00   14.21    0.00    0.00    0.00   45.69
19:02:05     all   21.01    0.00   17.47    0.00    0.00   14.43    0.00    0.00    0.00   47.09
19:02:06     all   20.88    0.00   16.75    0.00    0.00   15.46    0.00    0.00    0.00   46.91
19:02:07     all   21.83    0.00   17.26    0.00    0.00   14.47    0.00    0.00    0.00   46.45
19:02:08     all   21.91    0.00   15.87    0.00    0.00   15.11    0.00    0.00    0.00   47.10
19:02:09     all   20.45    0.00   17.93    0.00    0.00   15.40    0.00    0.00    0.00   46.21
19:02:10     all   21.34    0.00   17.99    0.00    0.00   14.65    0.00    0.00    0.00   46.02
19:02:11     all   20.57    0.00   17.22    0.00    0.00   13.62    0.00    0.00    0.00   48.59
19:02:12     all   21.59    0.00   17.99    0.00    0.00   14.14    0.00    0.00    0.00   46.27
19:02:13     all   21.24    0.00   21.50    0.00    0.00   14.77    0.00    0.00    0.00   42.49
19:02:14     all   20.81    0.00   20.81    0.00    0.00   14.97    0.00    0.00    0.00   43.40
19:02:15     all   21.79    0.00   20.77    0.51    0.00   15.13    0.00    0.00    0.00   41.79
19:02:16     all   20.36    0.00   21.88    0.00    0.00   15.27    0.00    0.00    0.00   42.49
19:02:17     all   21.17    0.00   21.43    0.00    0.00   15.82    0.00    0.00    0.00   41.58
19:02:18     all   21.57    0.00   23.86    0.00    0.00   14.21    0.00    0.00    0.00   40.36
19:02:19     all   20.92    0.00   25.00    0.00    0.00   15.56    0.00    0.00    0.00   38.52
19:02:20     all   20.51    0.00   23.85    0.00    0.00   13.85    0.00    0.00    0.00   41.79
19:02:21     all   22.02    0.00   25.65    0.00    0.00   14.77    0.00    0.00    0.00   37.56
19:02:22     all   21.11    0.00   24.37    0.00    0.00   14.32    0.00    0.00    0.00   40.20
19:02:23     all   21.13    0.00   22.16    0.00    0.00   14.43    0.00    0.00    0.00   42.27
19:02:24     all   21.17    0.00   25.26    0.00    0.00   15.05    0.00    0.00    0.00   38.52
19:02:25     all   20.05    0.00   24.42    0.00    0.00   13.88    0.00    0.00    0.00   41.65
19:02:26     all   22.11    0.00   23.65    0.00    0.00   15.17    0.00    0.00    0.00   39.07
19:02:27     all   21.28    0.00   23.85    0.00    0.00   14.36    0.00    0.00    0.00   40.51
19:02:28     all   20.81    0.00   24.87    0.00    0.00   17.01    0.00    0.00    0.00   37.31
19:02:29     all   19.85    0.00   23.45    0.00    0.00   15.21    0.00    0.00    0.00   41.49
19:02:30     all   21.03    0.00   24.87    0.26    0.00   14.10    0.00    0.00    0.00   39.74
19:02:31     all   21.46    0.00   23.48    0.00    0.00   14.65    0.00    0.00    0.00   40.40
19:02:32     all   20.47    0.00   24.09    0.00    0.00   15.28    0.00    0.00    0.00   40.16
19:02:33     all   21.37    0.00   21.88    0.00    0.00   15.52    0.00    0.00    0.00   41.22
19:02:34     all   21.74    0.00   20.97    0.00    0.00   15.86    0.00    0.00    0.00   41.43
19:02:35     all   19.59    0.00   20.62    0.00    0.00   14.43    0.00    0.00    0.00   45.36
19:02:36     all   20.77    0.00   21.28    0.00    0.00   13.33    0.00    0.00    0.00   44.62
19:02:37     all   21.79    0.00   20.51    0.00    0.00   15.13    0.00    0.00    0.00   42.56
19:02:38     all   21.27    0.00   24.56    0.00    0.00   13.16    0.00    0.00    0.00   41.01
19:02:39     all   21.63    0.00   25.95    0.00    0.00   15.27    0.00    0.00    0.00   37.15
19:02:40     all   20.87    0.00   26.72    0.00    0.00   15.27    0.00    0.00    0.00   37.15
19:02:41     all   21.08    0.00   25.71    0.00    0.00   15.42    0.00    0.00    0.00   37.79
19:02:42     all   20.72    0.00   21.23    0.00    0.00   14.58    0.00    0.00    0.00   43.48
19:02:43     all   21.08    0.00   24.68    0.00    0.00   15.42    0.00    0.00    0.00   38.82
19:02:44     all   20.30    0.00   24.11    0.00    0.00   15.74    0.00    0.00    0.00   39.85
19:02:45     all   21.88    0.00   23.66    0.00    0.00   14.50    0.00    0.00    0.00   39.95
19:02:46     all   21.88    0.00   24.68    0.00    0.00   13.74    0.00    0.00    0.00   39.69
19:02:47     all   20.62    0.00   23.45    0.26    0.00   15.98    0.00    0.00    0.00   39.69
19:02:48     all   21.57    0.00   24.37    0.00    0.00   14.47    0.00    0.00    0.00   39.59
19:02:49     all   21.07    0.00   24.11    0.00    0.00   14.97    0.00    0.00    0.00   39.85
19:02:50     all   20.72    0.00   24.30    0.00    0.00   14.32    0.00    0.00    0.00   40.66
19:02:51     all   21.43    0.00   22.70    0.00    0.00   14.80    0.00    0.00    0.00   41.07
19:02:52     all   22.34    0.00   17.26    0.00    0.00   15.23    0.00    0.00    0.00   45.18
19:02:53     all   21.09    0.00   19.53    0.00    0.00   14.84    0.00    0.00    0.00   44.53
19:02:54     all   21.27    0.00   25.32    0.00    0.00   14.94    0.00    0.00    0.00   38.48
19:02:55     all   22.84    0.00   26.14    0.00    0.00   15.48    0.00    0.00    0.00   35.53
19:02:56     all   21.56    0.00   23.64    0.00    0.00   16.62    0.00    0.00    0.00   38.18
19:02:57     all   20.57    0.00   23.65    0.00    0.00   14.91    0.00    0.00    0.00   40.87
19:02:58     all   21.63    0.00   25.70    0.00    0.00   15.27    0.00    0.00    0.00   37.40
19:02:59     all   21.39    0.00   25.77    0.00    0.00   15.21    0.00    0.00    0.00   37.63
19:03:00     all   21.72    0.00   25.00    0.00    0.00   15.15    0.00    0.00    0.00   38.13
19:03:01     all   21.72    0.00   25.76    0.00    0.00   14.14    0.00    0.00    0.00   38.38
19:03:02     all   22.39    0.00   24.17    0.00    0.00   14.76    0.00    0.00    0.00   38.68
19:03:03     all   21.17    0.00   25.77    0.00    0.00   15.31    0.00    0.00    0.00   37.76
19:03:04     all   20.77    0.00   24.87    0.00    0.00   15.64    0.00    0.00    0.00   38.72
19:03:05     all   21.46    0.00   22.73    0.00    0.00   14.14    0.00    0.00    0.00   41.67
19:03:06     all   20.10    0.00   25.19    0.00    0.00   14.25    0.00    0.00    0.00   40.46
19:03:07     all   21.03    0.00   24.87    0.00    0.00   13.33    0.00    0.00    0.00   40.77
19:03:08     all   21.63    0.00   24.94    0.00    0.00   14.76    0.00    0.00    0.00   38.68
19:03:09     all   22.31    0.00   25.64    0.26    0.00   14.87    0.00    0.00    0.00   36.92
19:03:10     all   20.97    0.00   24.81    0.00    0.00   15.09    0.00    0.00    0.00   39.13
19:03:11     all   19.33    0.00   24.23    0.00    0.00   14.69    0.00    0.00    0.00   41.75
19:03:12     all   20.51    0.00   23.85    0.00    0.00   14.36    0.00    0.00    0.00   41.28
19:03:13     all   22.34    0.00   25.63    0.00    0.00   14.72    0.00    0.00    0.00   37.31
19:03:14     all   21.77    0.00   24.30    0.25    0.00   13.42    0.00    0.00    0.00   40.25
19:03:15     all   20.57    0.00   23.65    0.00    0.00   14.65    0.00    0.00    0.00   41.13
19:03:16     all   21.74    0.00   25.32    0.00    0.00   14.83    0.00    0.00    0.00   38.11
19:03:17     all   21.08    0.00   25.45    0.00    0.00   15.42    0.00    0.00    0.00   38.05
19:03:18     all   21.94    0.00   23.98    0.00    0.00   15.82    0.00    0.00    0.00   38.27
19:03:19     all   21.72    0.00   23.48    0.00    0.00   15.40    0.00    0.00    0.00   39.39
19:03:20     all   21.88    0.00   24.68    0.00    0.00   15.78    0.00    0.00    0.00   37.66
19:03:21     all   22.03    0.00   25.57    0.00    0.00   15.44    0.00    0.00    0.00   36.96
19:03:22     all   21.63    0.00   25.95    0.00    0.00   14.25    0.00    0.00    0.00   38.17
19:03:23     all   20.41    0.00   24.74    0.00    0.00   14.29    0.00    0.00    0.00   40.56
19:03:24     all   21.30    0.00   25.81    0.00    0.00   14.79    0.00    0.00    0.00   38.10
19:03:25     all   21.56    0.00   25.45    0.00    0.00   13.51    0.00    0.00    0.00   39.48
19:03:26     all   22.03    0.00   25.82    0.00    0.00   13.92    0.00    0.00    0.00   38.23
19:03:27     all   19.75    0.00   25.06    0.00    0.00   14.43    0.00    0.00    0.00   40.76
19:03:28     all   21.65    0.00   24.74    0.00    0.00   15.72    0.00    0.00    0.00   37.89
19:03:29     all   20.88    0.00   22.94    0.00    0.00   15.46    0.00    0.00    0.00   40.72
19:03:30     all   20.87    0.00   23.92    0.00    0.00   14.76    0.00    0.00    0.00   40.46
19:03:31     all   21.94    0.00   26.02    0.00    0.00   15.05    0.00    0.00    0.00   36.99
19:03:32     all   21.43    0.00   26.28    0.00    0.00   14.80    0.00    0.00    0.00   37.50
19:03:33     all   20.87    0.00   24.68    0.00    0.00   13.74    0.00    0.00    0.00   40.71
19:03:34     all   20.41    0.00   23.77    0.00    0.00   13.70    0.00    0.00    0.00   42.12
19:03:35     all   18.97    0.00   22.56    0.00    0.00   13.59    0.00    0.00    0.00   44.87
19:03:36     all   21.34    0.00   23.65    0.00    0.00   13.37    0.00    0.00    0.00   41.65
19:03:37     all   21.79    0.00   25.90    0.00    0.00   15.38    0.00    0.00    0.00   36.92
19:03:38     all   21.57    0.00   24.37    0.00    0.00   16.24    0.00    0.00    0.00   37.82
19:03:39     all   21.34    0.00   23.39    0.00    0.00   13.62    0.00    0.00    0.00   41.65
19:03:40     all   22.78    0.00   26.08    0.00    0.00   14.94    0.00    0.00    0.00   36.20
19:03:41     all   22.16    0.00   22.68    0.00    0.00   13.92    0.00    0.00    0.00   41.24
19:03:42     all   20.46    0.00   25.32    0.00    0.00   14.58    0.00    0.00    0.00   39.64
19:03:43     all   23.35    0.00   25.13    0.00    0.00   13.96    0.00    0.00    0.00   37.56
19:03:44     all   21.03    0.00   24.87    0.00    0.00   15.90    0.00    0.00    0.00   38.21
19:03:45     all   22.25    0.00   25.83    0.00    0.00   15.09    0.00    0.00    0.00   36.83
19:03:46     all   20.10    0.00   25.19    0.25    0.00   15.52    0.00    0.00    0.00   38.93
19:03:47     all   21.97    0.00   25.51    0.25    0.00   15.40    0.00    0.00    0.00   36.87
19:03:48     all   21.19    0.00   23.51    0.00    0.00   13.44    0.00    0.00    0.00   41.86
19:03:49     all   21.32    0.00   24.37    0.00    0.00   13.71    0.00    0.00    0.00   40.61
19:03:50     all   20.73    0.00   24.09    0.00    0.00   13.21    0.00    0.00    0.00   41.97
19:03:51     all   21.41    0.00   23.93    0.00    0.00   15.11    0.00    0.00    0.00   39.55
19:03:52     all   19.95    0.00   24.04    0.26    0.00   14.32    0.00    0.00    0.00   41.43
19:03:53     all   22.28    0.00   25.57    0.00    0.00   15.95    0.00    0.00    0.00   36.20
19:03:54     all   21.37    0.00   21.88    0.00    0.00   14.76    0.00    0.00    0.00   41.98
19:03:55     all   20.05    0.00   20.82    0.00    0.00   14.65    0.00    0.00    0.00   44.47
19:03:56     all   20.82    0.00   20.31    0.00    0.00   14.40    0.00    0.00    0.00   44.47
19:03:57     all   20.62    0.00   22.68    0.00    0.00   13.66    0.00    0.00    0.00   43.04
19:03:58     all   21.32    0.00   21.32    0.00    0.00   14.21    0.00    0.00    0.00   43.15
19:03:59     all   20.62    0.00   22.16    0.00    0.00   14.69    0.00    0.00    0.00   42.53
19:04:00     all   21.36    0.00   20.10    0.00    0.00   15.08    0.00    0.00    0.00   43.47
19:04:01     all   22.22    0.00   17.57    0.00    0.00   14.21    0.00    0.00    0.00   45.99
19:04:02     all   20.67    0.00   24.81    0.00    0.00   15.76    0.00    0.00    0.00   38.76
19:04:03     all   20.15    0.00   25.26    0.00    0.00   15.31    0.00    0.00    0.00   39.29
19:04:04     all   21.17    0.00   24.23    0.00    0.00   15.31    0.00    0.00    0.00   39.29
19:04:05     all   20.10    0.00   23.66    0.00    0.00   15.27    0.00    0.00    0.00   40.97
19:04:06     all   21.13    0.00   22.42    0.00    0.00   15.98    0.00    0.00    0.00   40.46
19:04:07     all   21.32    0.00   24.62    0.00    0.00   14.47    0.00    0.00    0.00   39.59
19:04:08     all   20.76    0.00   21.77    0.00    0.00   14.94    0.00    0.00    0.00   42.53
19:04:09     all   20.67    0.00   23.00    0.00    0.00   15.50    0.00    0.00    0.00   40.83
19:04:10     all   20.81    0.00   23.86    0.00    0.00   15.23    0.00    0.00    0.00   40.10
19:04:11     all   20.92    0.00   18.37    0.00    0.00   14.29    0.00    0.00    0.00   46.43
19:04:12     all   20.97    0.00   20.46    0.00    0.00   15.60    0.00    0.00    0.00   42.97
19:04:13     all   21.48    0.00   26.34    0.00    0.00   14.32    0.00    0.00    0.00   37.85
19:04:14     all   20.41    0.00   25.77    0.00    0.00   16.07    0.00    0.00    0.00   37.76
19:04:15     all   21.21    0.00   25.00    0.00    0.00   15.40    0.00    0.00    0.00   38.38
19:04:16     all   21.21    0.00   25.00    0.00    0.00   14.65    0.00    0.00    0.00   39.14
19:04:17     all   21.68    0.00   25.26    0.00    0.00   13.52    0.00    0.00    0.00   39.54
19:04:18     all   21.83    0.00   24.87    0.00    0.00   14.47    0.00    0.00    0.00   38.83
19:04:19     all   21.45    0.00   26.36    0.00    0.00   15.76    0.00    0.00    0.00   36.43
19:04:20     all   21.66    0.00   24.94    0.25    0.00   15.37    0.00    0.00    0.00   37.78
19:04:21     all   20.20    0.00   21.99    0.00    0.00   15.60    0.00    0.00    0.00   42.20
19:04:22     all   21.03    0.00   24.36    0.00    0.00   14.87    0.00    0.00    0.00   39.74
19:04:23     all   22.37    0.00   25.71    0.00    0.00   14.91    0.00    0.00    0.00   37.02
19:04:24     all   21.63    0.00   25.70    0.00    0.00   15.78    0.00    0.00    0.00   36.90
19:04:25     all   21.77    0.00   25.57    0.00    0.00   16.71    0.00    0.00    0.00   35.95
19:04:26     all   18.07    0.00   21.63    0.00    0.00   14.25    0.00    0.00    0.00   46.06
19:04:27     all   21.57    0.00   26.65    0.00    0.00   14.97    0.00    0.00    0.00   36.80
19:04:28     all   21.03    0.00   23.59    0.00    0.00   14.10    0.00    0.00    0.00   41.28
19:04:29     all   22.82    0.00   25.38    0.00    0.00   14.87    0.00    0.00    0.00   36.92
19:04:30     all   21.57    0.00   26.14    0.25    0.00   15.99    0.00    0.00    0.00   36.04
19:04:31     all   20.82    0.00   24.42    0.00    0.00   15.94    0.00    0.00    0.00   38.82
19:04:32     all   20.61    0.00   24.43    0.00    0.00   15.27    0.00    0.00    0.00   39.69
19:04:33     all   20.66    0.00   25.00    0.00    0.00   14.54    0.00    0.00    0.00   39.80
19:04:34     all   21.17    0.00   25.26    0.00    0.00   14.80    0.00    0.00    0.00   38.78
19:04:35     all   20.77    0.00   25.38    0.00    0.00   15.64    0.00    0.00    0.00   38.21
19:04:36     all   22.31    0.00   26.15    0.26    0.00   15.64    0.00    0.00    0.00   35.64
19:04:37     all   21.74    0.00   25.06    0.00    0.00   15.35    0.00    0.00    0.00   37.85
19:04:38     all   21.43    0.00   24.49    0.00    0.00   14.80    0.00    0.00    0.00   39.29
19:04:39     all   20.36    0.00   24.68    0.00    0.00   16.28    0.00    0.00    0.00   38.68
19:04:40     all   22.34    0.00   24.11    0.00    0.00   15.48    0.00    0.00    0.00   38.07
19:04:41     all   21.65    0.00   25.52    0.00    0.00   15.46    0.00    0.00    0.00   37.37
19:04:42     all   22.96    0.00   23.98    0.00    0.00   13.78    0.00    0.00    0.00   39.29
19:04:43     all   20.72    0.00   26.34    0.00    0.00   15.35    0.00    0.00    0.00   37.60
19:04:44     all   21.79    0.00   25.64    0.00    0.00   14.36    0.00    0.00    0.00   38.21
19:04:45     all   18.49    0.00   21.35    0.00    0.00   12.76    0.00    0.00    0.00   47.40
19:04:46     all   20.97    0.00   25.06    0.00    0.00   14.07    0.00    0.00    0.00   39.90
19:04:47     all   22.11    0.00   24.42    0.00    0.00   15.42    0.00    0.00    0.00   38.05
19:04:48     all   21.21    0.00   27.02    0.00    0.00   14.65    0.00    0.00    0.00   37.12
19:04:49     all   21.65    0.00   24.23    0.00    0.00   13.92    0.00    0.00    0.00   40.21
19:04:50     all   21.21    0.00   26.01    0.00    0.00   15.40    0.00    0.00    0.00   37.37
19:04:51     all   20.92    0.00   23.21    0.26    0.00   13.78    0.00    0.00    0.00   41.84
19:04:52     all   21.48    0.00   24.04    0.00    0.00   15.09    0.00    0.00    0.00   39.39
19:04:53     all   21.76    0.00   24.35    0.00    0.00   14.51    0.00    0.00    0.00   39.38
19:04:54     all   21.52    0.00   24.56    0.00    0.00   14.43    0.00    0.00    0.00   39.49
19:04:55     all   22.59    0.00   25.38    0.00    0.00   14.47    0.00    0.00    0.00   37.56
19:04:56     all   21.08    0.00   24.16    0.00    0.00   14.14    0.00    0.00    0.00   40.62
19:04:57     all   21.72    0.00   26.26    0.00    0.00   15.40    0.00    0.00    0.00   36.62
19:04:58     all   20.51    0.00   24.87    0.00    0.00   15.90    0.00    0.00    0.00   38.72
19:04:59     all   21.88    0.00   24.94    0.00    0.00   15.01    0.00    0.00    0.00   38.17
19:05:00     all   21.63    0.00   25.70    0.00    0.00   15.27    0.00    0.00    0.00   37.40
19:05:01     all   20.51    0.00   24.36    0.00    0.00   13.59    0.00    0.00    0.00   41.54
19:05:02     all   20.20    0.00   25.58    0.51    0.00   14.07    0.00    0.00    0.00   39.64
19:05:03     all   21.99    0.00   25.58    0.00    0.00   13.81    0.00    0.00    0.00   38.62
19:05:04     all   21.08    0.00   23.91    0.00    0.00   15.94    0.00    0.00    0.00   39.07
19:05:05     all   21.46    0.00   23.74    0.00    0.00   15.15    0.00    0.00    0.00   39.65
19:05:06     all   21.74    0.00   23.53    0.00    0.00   14.83    0.00    0.00    0.00   39.90
19:05:07     all   21.17    0.00   25.00    0.00    0.00   15.56    0.00    0.00    0.00   38.27
19:05:08     all   21.12    0.00   25.95    0.00    0.00   15.27    0.00    0.00    0.00   37.66
19:05:09     all   20.10    0.00   25.00    0.00    0.00   14.43    0.00    0.00    0.00   40.46
19:05:10     all   20.87    0.00   25.45    0.00    0.00   14.25    0.00    0.00    0.00   39.44
19:05:11     all   20.92    0.00   24.23    0.00    0.00   14.29    0.00    0.00    0.00   40.56
19:05:12     all   20.92    0.00   23.21    0.00    0.00   14.03    0.00    0.00    0.00   41.84
19:05:13     all   21.17    0.00   26.02    0.00    0.00   14.29    0.00    0.00    0.00   38.52
19:05:14     all   19.80    0.00   26.65    0.00    0.00   15.74    0.00    0.00    0.00   37.82
19:05:15     all   20.77    0.00   24.10    0.00    0.00   14.87    0.00    0.00    0.00   40.26
19:05:16     all   18.70    0.00   20.00    0.00    0.00   12.73    0.00    0.00    0.00   48.57
19:05:17     all   20.46    0.00   25.83    0.00    0.00   15.09    0.00    0.00    0.00   38.62
19:05:18     all   21.74    0.00   25.58    0.00    0.00   14.58    0.00    0.00    0.00   38.11
19:05:19     all   21.27    0.00   24.81    0.00    0.00   15.44    0.00    0.00    0.00   38.48
19:05:20     all   20.62    0.00   21.39    0.00    0.00   14.69    0.00    0.00    0.00   43.30
19:05:21     all   20.30    0.00   21.83    0.00    0.00   13.45    0.00    0.00    0.00   44.42
19:05:22     all   20.88    0.00   24.48    0.00    0.00   14.95    0.00    0.00    0.00   39.69
19:05:23     all   22.39    0.00   24.94    0.00    0.00   14.76    0.00    0.00    0.00   37.91
19:05:24     all   20.77    0.00   25.64    0.26    0.00   13.59    0.00    0.00    0.00   39.74
19:05:25     all   21.03    0.00   22.82    0.00    0.00   14.10    0.00    0.00    0.00   42.05
19:05:26     all   20.92    0.00   22.96    0.00    0.00   15.05    0.00    0.00    0.00   41.07
19:05:27     all   18.93    0.00   24.04    0.00    0.00   14.32    0.00    0.00    0.00   42.71
19:05:28     all   20.71    0.00   25.00    0.00    0.00   14.65    0.00    0.00    0.00   39.65
19:05:29     all   21.48    0.00   24.81    0.00    0.00   14.32    0.00    0.00    0.00   39.39
19:05:30     all   21.77    0.00   20.76    0.00    0.00   15.95    0.00    0.00    0.00   41.52
19:05:31     all   21.23    0.00   20.72    0.00    0.00   14.58    0.00    0.00    0.00   43.48
19:05:32     all   21.07    0.00   23.10    0.00    0.00   15.23    0.00    0.00    0.00   40.61
19:05:33     all   21.63    0.00   21.63    0.00    0.00   14.76    0.00    0.00    0.00   41.98
19:05:34     all   22.68    0.00   20.36    0.00    0.00   15.21    0.00    0.00    0.00   41.75
19:05:35     all   20.97    0.00   21.23    0.00    0.00   14.58    0.00    0.00    0.00   43.22
19:05:36     all   20.20    0.00   20.97    0.00    0.00   14.32    0.00    0.00    0.00   44.50
19:05:37     all   20.82    0.00   21.85    0.00    0.00   14.40    0.00    0.00    0.00   42.93
19:05:38     all   21.63    0.00   21.37    0.00    0.00   15.01    0.00    0.00    0.00   41.98
19:05:39     all   20.85    0.00   21.11    0.00    0.00   15.08    0.00    0.00    0.00   42.96
19:05:40     all   21.88    0.00   22.14    0.00    0.00   15.52    0.00    0.00    0.00   40.46
19:05:41     all   21.11    0.00   21.11    0.25    0.00   14.57    0.00    0.00    0.00   42.96
19:05:42     all   21.79    0.00   20.77    0.00    0.00   15.38    0.00    0.00    0.00   42.05
19:05:43     all   20.46    0.00   20.97    0.00    0.00   15.60    0.00    0.00    0.00   42.97
19:05:44     all   21.32    0.00   21.57    0.00    0.00   15.23    0.00    0.00    0.00   41.88
19:05:45     all   21.32    0.00   21.32    0.00    0.00   16.50    0.00    0.00    0.00   40.86
19:05:46     all   20.77    0.00   20.77    0.26    0.00   15.38    0.00    0.00    0.00   42.82
19:05:47     all   22.70    0.00   19.64    0.00    0.00   14.29    0.00    0.00    0.00   43.37
19:05:48     all   20.77    0.00   20.26    0.00    0.00   14.87    0.00    0.00    0.00   44.10
19:05:49     all   21.50    0.00   19.69    0.00    0.00   15.80    0.00    0.00    0.00   43.01
19:05:50     all   20.73    0.00   20.98    0.00    0.00   15.28    0.00    0.00    0.00   43.01
19:05:51     all   20.41    0.00   20.41    0.00    0.00   14.21    0.00    0.00    0.00   44.96
19:05:52     all   20.51    0.00   25.38    0.00    0.00   15.38    0.00    0.00    0.00   38.72
19:05:53     all   21.19    0.00   23.00    0.00    0.00   13.70    0.00    0.00    0.00   42.12
19:05:54     all   21.23    0.00   23.53    0.00    0.00   14.07    0.00    0.00    0.00   41.18
19:05:55     all   21.23    0.00   25.58    0.00    0.00   14.58    0.00    0.00    0.00   38.62
19:05:56     all   21.65    0.00   25.00    0.00    0.00   14.69    0.00    0.00    0.00   38.66
19:05:57     all   21.72    0.00   24.75    0.00    0.00   14.90    0.00    0.00    0.00   38.64
19:05:58     all   20.16    0.00   24.29    0.00    0.00   15.76    0.00    0.00    0.00   39.79
19:05:59     all   21.97    0.00   23.48    0.00    0.00   15.40    0.00    0.00    0.00   39.14
19:06:00     all   21.04    0.00   24.16    0.00    0.00   12.73    0.00    0.00    0.00   42.08
19:06:01     all   21.61    0.00   24.12    0.00    0.00   15.08    0.00    0.00    0.00   39.20
19:06:02     all   21.79    0.00   25.38    0.00    0.00   15.64    0.00    0.00    0.00   37.18
19:06:03     all   21.23    0.00   26.09    0.00    0.00   15.09    0.00    0.00    0.00   37.60
19:06:04     all   20.41    0.00   24.23    0.00    0.00   13.78    0.00    0.00    0.00   41.58
19:06:05     all   21.52    0.00   24.30    0.00    0.00   16.20    0.00    0.00    0.00   37.97
19:06:06     all   21.48    0.00   26.09    0.00    0.00   14.83    0.00    0.00    0.00   37.60
19:06:07     all   20.56    0.00   25.89    0.00    0.00   14.97    0.00    0.00    0.00   38.58
19:06:08     all   22.78    0.00   24.30    0.00    0.00   15.19    0.00    0.00    0.00   37.72
19:06:09     all   20.66    0.00   24.49    0.26    0.00   12.76    0.00    0.00    0.00   41.84
19:06:10     all   22.59    0.00   23.86    0.00    0.00   15.99    0.00    0.00    0.00   37.56
19:06:11     all   20.97    0.00   25.06    0.00    0.00   14.32    0.00    0.00    0.00   39.64
19:06:12     all   21.52    0.00   23.54    0.00    0.00   14.94    0.00    0.00    0.00   40.00
19:06:13     all   22.05    0.00   24.62    0.00    0.00   14.87    0.00    0.00    0.00   38.46
19:06:14     all   20.41    0.00   23.98    0.00    0.00   14.29    0.00    0.00    0.00   41.33
19:06:15     all   21.99    0.00   25.32    0.00    0.00   14.83    0.00    0.00    0.00   37.85
19:06:16     all   21.27    0.00   21.52    0.00    0.00   15.70    0.00    0.00    0.00   41.52
19:06:17     all   21.59    0.00   25.71    0.00    0.00   14.40    0.00    0.00    0.00   38.30
19:06:18     all   20.66    0.00   23.72    0.00    0.00   14.80    0.00    0.00    0.00   40.82
19:06:19     all   21.34    0.00   24.68    0.00    0.00   14.91    0.00    0.00    0.00   39.07
19:06:20     all   21.88    0.00   23.41    0.25    0.00   14.25    0.00    0.00    0.00   40.20
19:06:21     all   21.28    0.00   24.87    0.00    0.00   14.62    0.00    0.00    0.00   39.23
19:06:22     all   21.37    0.00   25.70    0.00    0.00   15.52    0.00    0.00    0.00   37.40
19:06:23     all   21.23    0.00   25.58    0.00    0.00   15.09    0.00    0.00    0.00   38.11
19:06:24     all   22.25    0.00   21.99    0.00    0.00   15.60    0.00    0.00    0.00   40.15
19:06:25     all   21.46    0.00   21.97    0.25    0.00   14.90    0.00    0.00    0.00   41.41
19:06:26     all   20.71    0.00   23.99    0.00    0.00   14.90    0.00    0.00    0.00   40.40
19:06:27     all   20.77    0.00   24.62    0.00    0.00   15.90    0.00    0.00    0.00   38.72
19:06:28     all   22.16    0.00   25.00    0.00    0.00   13.92    0.00    0.00    0.00   38.92
19:06:29     all   20.72    0.00   24.55    0.00    0.00   14.83    0.00    0.00    0.00   39.90
19:06:30     all   22.22    0.00   24.75    0.00    0.00   15.91    0.00    0.00    0.00   37.12
19:06:31     all   20.81    0.00   23.35    0.00    0.00   14.72    0.00    0.00    0.00   41.12
19:06:32     all   20.15    0.00   24.74    0.00    0.00   14.54    0.00    0.00    0.00   40.56
19:06:33     all   20.87    0.00   25.95    0.00    0.00   15.27    0.00    0.00    0.00   37.91
19:06:34     all   20.81    0.00   25.89    0.00    0.00   15.74    0.00    0.00    0.00   37.56
19:06:35     all   20.51    0.00   22.05    0.00    0.00   14.62    0.00    0.00    0.00   42.82
19:06:36     all   20.41    0.00   23.47    0.00    0.00   14.29    0.00    0.00    0.00   41.84
19:06:37     all   20.77    0.00   24.62    0.00    0.00   15.90    0.00    0.00    0.00   38.72
19:06:38     all   21.57    0.00   25.89    0.00    0.00   14.97    0.00    0.00    0.00   37.56
19:06:39     all   21.07    0.00   25.89    0.00    0.00   13.71    0.00    0.00    0.00   39.34
19:06:40     all   21.71    0.00   21.71    0.00    0.00   14.99    0.00    0.00    0.00   41.60
19:06:41     all   21.74    0.00   24.81    0.00    0.00   15.60    0.00    0.00    0.00   37.85
19:06:42     all   21.03    0.00   24.62    0.00    0.00   15.64    0.00    0.00    0.00   38.72
19:06:43     all   21.94    0.00   24.74    0.00    0.00   14.29    0.00    0.00    0.00   39.03
19:06:44     all   21.86    0.00   24.62    0.00    0.00   14.82    0.00    0.00    0.00   38.69
19:06:45     all   21.52    0.00   20.25    0.00    0.00   14.94    0.00    0.00    0.00   43.29
19:06:46     all   21.50    0.00   21.76    0.26    0.00   13.21    0.00    0.00    0.00   43.26
19:06:47     all   19.85    0.00   22.65    0.00    0.00   13.23    0.00    0.00    0.00   44.27
19:06:48     all   21.17    0.00   22.96    0.00    0.00   15.56    0.00    0.00    0.00   40.31
19:06:49     all   21.54    0.00   18.46    0.00    0.00   14.87    0.00    0.00    0.00   45.13
19:06:50     all   20.77    0.00   21.79    0.00    0.00   14.87    0.00    0.00    0.00   42.56
19:06:51     all   20.77    0.00   21.03    0.00    0.00   15.13    0.00    0.00    0.00   43.08
19:06:52     all   19.79    0.00   19.54    0.26    0.00   13.37    0.00    0.00    0.00   47.04
19:06:53     all   21.94    0.00   25.00    0.00    0.00   14.03    0.00    0.00    0.00   39.03
19:06:54     all   21.83    0.00   25.89    0.00    0.00   15.99    0.00    0.00    0.00   36.29
19:06:55     all   19.95    0.00   23.27    0.00    0.00   15.35    0.00    0.00    0.00   41.43
19:06:56     all   22.19    0.00   23.98    0.00    0.00   15.31    0.00    0.00    0.00   38.52
19:06:57     all   20.77    0.00   23.59    0.26    0.00   12.82    0.00    0.00    0.00   42.56
19:06:58     all   21.85    0.00   24.42    0.00    0.00   14.91    0.00    0.00    0.00   38.82
19:06:59     all   21.17    0.00   25.77    0.00    0.00   15.56    0.00    0.00    0.00   37.50
19:07:00     all   21.12    0.00   25.95    0.00    0.00   15.52    0.00    0.00    0.00   37.40
19:07:01     all   21.23    0.00   25.83    0.00    0.00   15.09    0.00    0.00    0.00   37.85
19:07:02     all   21.71    0.00   23.51    0.00    0.00   15.25    0.00    0.00    0.00   39.53
19:07:03     all   21.88    0.00   25.19    0.00    0.00   15.01    0.00    0.00    0.00   37.91
19:07:04     all   21.77    0.00   25.06    0.00    0.00   14.94    0.00    0.00    0.00   38.23
19:07:05     all   20.41    0.00   26.53    0.00    0.00   15.05    0.00    0.00    0.00   38.01
19:07:06     all   21.07    0.00   24.62    0.00    0.00   14.21    0.00    0.00    0.00   40.10
19:07:07     all   21.48    0.00   25.58    0.00    0.00   13.81    0.00    0.00    0.00   39.13
19:07:08     all   20.51    0.00   23.33    0.00    0.00   16.15    0.00    0.00    0.00   40.00
19:07:09     all   20.26    0.00   25.19    0.00    0.00   15.06    0.00    0.00    0.00   39.48
19:07:10     all   21.12    0.00   24.94    0.00    0.00   14.25    0.00    0.00    0.00   39.69
19:07:11     all   20.41    0.00   25.06    0.00    0.00   14.73    0.00    0.00    0.00   39.79
19:07:12     all   22.14    0.00   24.94    0.00    0.00   14.50    0.00    0.00    0.00   38.42
19:07:13     all   22.67    0.00   25.19    0.00    0.00   14.61    0.00    0.00    0.00   37.53
19:07:14     all   21.08    0.00   25.96    0.00    0.00   13.88    0.00    0.00    0.00   39.07
19:07:15     all   21.17    0.00   23.21    0.00    0.00   15.05    0.00    0.00    0.00   40.56
19:07:16     all   21.03    0.00   24.87    0.00    0.00   14.10    0.00    0.00    0.00   40.00
19:07:17     all   21.63    0.00   24.68    0.00    0.00   14.25    0.00    0.00    0.00   39.44
19:07:18     all   21.91    0.00   25.19    0.00    0.00   14.86    0.00    0.00    0.00   38.04
19:07:19     all   19.69    0.00   25.06    0.00    0.00   15.35    0.00    0.00    0.00   39.90
19:07:20     all   21.63    0.00   25.70    0.00    0.00   15.01    0.00    0.00    0.00   37.66
19:07:21     all   20.87    0.00   23.92    0.00    0.00   14.76    0.00    0.00    0.00   40.46
19:07:22     all   20.72    0.00   24.04    0.00    0.00   14.07    0.00    0.00    0.00   41.18
19:07:23     all   21.17    0.00   23.98    0.00    0.00   14.80    0.00    0.00    0.00   40.05
19:07:24     all   21.28    0.00   27.44    0.00    0.00   14.36    0.00    0.00    0.00   36.92
19:07:25     all   22.19    0.00   23.21    0.00    0.00   13.52    0.00    0.00    0.00   41.07
19:07:26     all   21.03    0.00   24.62    0.00    0.00   14.36    0.00    0.00    0.00   40.00
19:07:27     all   21.83    0.00   25.63    0.00    0.00   15.48    0.00    0.00    0.00   37.06
19:07:28     all   20.76    0.00   26.08    0.51    0.00   15.70    0.00    0.00    0.00   36.96
19:07:29     all   20.92    0.00   23.72    0.00    0.00   14.80    0.00    0.00    0.00   40.56
19:07:30     all   20.05    0.00   23.10    0.00    0.00   13.96    0.00    0.00    0.00   42.89
19:07:31     all   21.94    0.00   24.23    0.00    0.00   15.05    0.00    0.00    0.00   38.78
19:07:32     all   21.68    0.00   25.51    0.00    0.00   14.29    0.00    0.00    0.00   38.52
19:07:33     all   21.85    0.00   24.94    0.26    0.00   15.94    0.00    0.00    0.00   37.02
19:07:34     all   20.25    0.00   25.06    0.00    0.00   14.94    0.00    0.00    0.00   39.75
19:07:35     all   20.00    0.00   22.05    0.00    0.00   14.62    0.00    0.00    0.00   43.33
19:07:36     all   21.65    0.00   24.23    0.00    0.00   14.43    0.00    0.00    0.00   39.69
19:07:37     all   22.03    0.00   23.80    0.00    0.00   16.20    0.00    0.00    0.00   37.97
19:07:38     all   21.08    0.00   25.45    0.00    0.00   13.88    0.00    0.00    0.00   39.59
19:07:39     all   18.41    0.00   24.04    0.00    0.00   14.83    0.00    0.00    0.00   42.71
19:07:40     all   21.01    0.00   22.53    0.00    0.00   15.19    0.00    0.00    0.00   41.27
19:07:41     all   21.07    0.00   25.63    0.00    0.00   14.72    0.00    0.00    0.00   38.58
19:07:42     all   22.05    0.00   23.85    0.00    0.00   14.10    0.00    0.00    0.00   40.00
19:07:43     all   21.09    0.00   24.22    0.00    0.00   15.10    0.00    0.00    0.00   39.58
19:07:44     all   20.82    0.00   26.48    0.00    0.00   14.40    0.00    0.00    0.00   38.30
19:07:45     all   21.28    0.00   23.33    0.00    0.00   14.87    0.00    0.00    0.00   40.51
19:07:46     all   20.20    0.00   22.98    0.00    0.00   15.66    0.00    0.00    0.00   41.16
19:07:47     all   21.03    0.00   23.85    0.00    0.00   13.85    0.00    0.00    0.00   41.28
19:07:48     all   20.77    0.00   22.56    0.00    0.00   13.08    0.00    0.00    0.00   43.59
19:07:49     all   21.23    0.00   24.30    0.26    0.00   14.58    0.00    0.00    0.00   39.64
19:07:50     all   21.37    0.00   21.12    0.00    0.00   13.74    0.00    0.00    0.00   43.77
19:07:51     all   22.31    0.00   23.31    0.00    0.00   14.54    0.00    0.00    0.00   39.85
19:07:52     all   20.51    0.00   23.08    0.00    0.00   13.59    0.00    0.00    0.00   42.82
19:07:53     all   20.77    0.00   24.36    0.00    0.00   12.56    0.00    0.00    0.00   42.31
19:07:54     all   21.54    0.00   24.62    0.00    0.00   15.13    0.00    0.00    0.00   38.72
19:07:55     all   20.26    0.00   21.54    0.00    0.00   14.62    0.00    0.00    0.00   43.59
19:07:56     all   22.47    0.00   25.51    0.00    0.00   14.90    0.00    0.00    0.00   37.12
19:07:57     all   20.87    0.00   23.92    0.00    0.00   15.01    0.00    0.00    0.00   40.20
19:07:58     all   19.85    0.00   25.19    0.00    0.00   14.25    0.00    0.00    0.00   40.71
19:07:59     all   21.23    0.00   23.27    0.00    0.00   14.07    0.00    0.00    0.00   41.43
19:08:00     all   21.12    0.00   20.87    0.00    0.00   16.03    0.00    0.00    0.00   41.98
19:08:01     all   21.74    0.00   24.04    0.00    0.00   15.09    0.00    0.00    0.00   39.13
19:08:02     all   21.23    0.00   24.04    0.00    0.00   15.35    0.00    0.00    0.00   39.39
19:08:03     all   20.26    0.00   22.31    0.00    0.00   13.33    0.00    0.00    0.00   44.10
19:08:04     all   21.54    0.00   24.87    0.00    0.00   14.87    0.00    0.00    0.00   38.72
19:08:05     all   20.51    0.00   20.00    0.00    0.00   14.36    0.00    0.00    0.00   45.13
19:08:06     all   22.08    0.00   25.89    0.00    0.00   14.97    0.00    0.00    0.00   37.06
19:08:07     all   20.67    0.00   24.03    0.00    0.00   13.70    0.00    0.00    0.00   41.60
19:08:08     all   21.99    0.00   23.53    0.00    0.00   16.37    0.00    0.00    0.00   38.11
19:08:09     all   21.32    0.00   25.89    0.00    0.00   15.23    0.00    0.00    0.00   37.56
19:08:10     all   23.41    0.00   18.32    0.00    0.00   14.76    0.00    0.00    0.00   43.51
19:08:11     all   20.92    0.00   20.41    0.00    0.00   15.31    0.00    0.00    0.00   43.37
19:08:12     all   21.57    0.00   24.62    0.00    0.00   15.74    0.00    0.00    0.00   38.07
19:08:13     all   21.68    0.00   25.51    0.26    0.00   13.78    0.00    0.00    0.00   38.78
19:08:14     all   22.08    0.00   23.86    0.00    0.00   13.96    0.00    0.00    0.00   40.10
19:08:15     all   21.23    0.00   23.53    0.00    0.00   14.32    0.00    0.00    0.00   40.92
19:08:16     all   21.07    0.00   25.38    0.00    0.00   15.23    0.00    0.00    0.00   38.32
19:08:17     all   16.45    0.00   20.57    0.00    0.00    9.77    0.00    0.00    0.00   53.21
19:08:18     all    8.44    0.00    8.70    0.26    0.00    3.58    0.00    0.00    0.00   79.03
19:08:19     all   17.09    0.00   20.92    0.00    0.00   12.24    0.00    0.00    0.00   49.74
19:08:20     all    5.85    0.00    7.38    0.00    0.00    4.33    0.00    0.00    0.00   82.44
19:08:21     all   20.56    0.00   23.10    0.00    0.00   12.69    0.00    0.00    0.00   43.65
19:08:22     all   12.44    0.00   15.03    0.00    0.00    7.25    0.00    0.00    0.00   65.28
19:08:23     all   19.64    0.00   23.72    0.00    0.00   13.27    0.00    0.00    0.00   43.37
19:08:24     all   19.28    0.00   20.57    0.00    0.00   13.11    0.00    0.00    0.00   47.04
19:08:25     all   20.46    0.00   24.55    0.00    0.00   13.81    0.00    0.00    0.00   41.18
19:08:26     all   20.62    0.00   26.29    0.00    0.00   15.72    0.00    0.00    0.00   37.37
19:08:27     all   20.36    0.00   23.97    0.00    0.00   15.46    0.00    0.00    0.00   40.21
19:08:28     all   20.00    0.00   25.71    0.00    0.00   14.55    0.00    0.00    0.00   39.74
19:08:29     all   22.51    0.00   24.30    0.00    0.00   14.58    0.00    0.00    0.00   38.62
19:08:30     all   20.30    0.00   25.81    0.00    0.00   14.04    0.00    0.00    0.00   39.85
19:08:31     all   20.47    0.00   25.39    0.26    0.00   14.77    0.00    0.00    0.00   39.12
19:08:32     all   21.17    0.00   23.98    0.00    0.00   14.03    0.00    0.00    0.00   40.82
19:08:33     all   20.97    0.00   24.30    0.00    0.00   14.58    0.00    0.00    0.00   40.15
19:08:34     all   20.36    0.00   25.19    0.00    0.00   14.50    0.00    0.00    0.00   39.95
19:08:35     all   22.31    0.00   25.13    0.00    0.00   13.59    0.00    0.00    0.00   38.97
19:08:36     all   20.67    0.00   24.03    0.00    0.00   14.99    0.00    0.00    0.00   40.31
19:08:37     all   20.20    0.00   25.51    0.00    0.00   14.65    0.00    0.00    0.00   39.65
19:08:38     all   20.41    0.00   25.00    0.00    0.00   16.07    0.00    0.00    0.00   38.52
19:08:39     all   21.50    0.00   25.50    0.00    0.00   14.75    0.00    0.00    0.00   38.25
19:08:40     all   21.43    0.00   26.28    0.00    0.00   14.54    0.00    0.00    0.00   37.76
19:08:41     all   21.41    0.00   24.69    0.00    0.00   14.11    0.00    0.00    0.00   39.80
19:08:42     all   21.88    0.00   23.41    0.00    0.00   14.50    0.00    0.00    0.00   40.20
19:08:43     all   22.25    0.00   25.83    0.00    0.00   16.37    0.00    0.00    0.00   35.55
19:08:44     all   20.15    0.00   23.47    0.00    0.00   16.07    0.00    0.00    0.00   40.31
19:08:45     all   20.67    0.00   25.06    0.00    0.00   14.21    0.00    0.00    0.00   40.05
19:08:46     all   21.57    0.00   25.89    0.00    0.00   14.21    0.00    0.00    0.00   38.32
19:08:47     all   21.45    0.00   23.51    0.00    0.00   14.47    0.00    0.00    0.00   40.57
19:08:48     all   20.81    0.00   25.38    0.00    0.00   14.21    0.00    0.00    0.00   39.59
19:08:49     all   22.19    0.00   25.00    0.00    0.00   14.29    0.00    0.00    0.00   38.52
19:08:50     all   22.34    0.00   26.14    0.00    0.00   15.48    0.00    0.00    0.00   36.04
19:08:51     all   21.74    0.00   23.79    0.00    0.00   14.32    0.00    0.00    0.00   40.15
19:08:52     all   21.23    0.00   24.30    0.00    0.00   15.60    0.00    0.00    0.00   38.87
19:08:53     all   20.36    0.00   24.68    0.00    0.00   15.27    0.00    0.00    0.00   39.69
19:08:54     all   21.07    0.00   24.87    0.00    0.00   13.96    0.00    0.00    0.00   40.10
19:08:55     all   21.54    0.00   24.36    0.00    0.00   14.62    0.00    0.00    0.00   39.49
19:08:56     all   21.61    0.00   25.13    0.00    0.00   14.82    0.00    0.00    0.00   38.44
19:08:57     all   21.39    0.00   22.94    0.00    0.00   14.95    0.00    0.00    0.00   40.72
19:08:58     all   20.40    0.00   26.70    0.00    0.00   15.87    0.00    0.00    0.00   37.03
19:08:59     all   21.48    0.00   23.53    0.00    0.00   14.83    0.00    0.00    0.00   40.15
19:09:00     all   21.32    0.00   23.60    0.25    0.00   15.48    0.00    0.00    0.00   39.34
19:09:01     all   20.92    0.00   23.21    0.00    0.00   14.80    0.00    0.00    0.00   41.07
19:09:02     all   21.23    0.00   23.02    0.00    0.00   14.58    0.00    0.00    0.00   41.18
19:09:03     all    7.38    0.00    8.91    0.00    0.00    3.05    0.00    0.00    0.00   80.66
19:09:04     all   17.53    0.00   19.59    0.00    0.00   11.08    0.00    0.00    0.00   51.80
19:09:05     all   10.46    0.00   10.46    0.26    0.00    5.36    0.00    0.00    0.00   73.47
19:09:06     all   11.79    0.00   14.36    0.00    0.00    6.92    0.00    0.00    0.00   66.92
19:09:07     all   15.17    0.00   17.22    0.00    0.00    9.25    0.00    0.00    0.00   58.35
19:09:08     all    8.91    0.00   11.45    0.00    0.00    5.85    0.00    0.00    0.00   73.79
19:09:09     all   16.41    0.00   16.41    0.00    0.00    8.72    0.00    0.00    0.00   58.46
19:09:10     all   16.62    0.00   20.20    0.26    0.00   12.28    0.00    0.00    0.00   50.64
19:09:11     all   21.07    0.00   25.13    0.00    0.00   15.74    0.00    0.00    0.00   38.07
19:09:12     all   22.65    0.00   24.94    0.00    0.00   14.76    0.00    0.00    0.00   37.66
19:09:13     all   19.40    0.00   24.18    0.00    0.00   16.12    0.00    0.00    0.00   40.30
19:09:14     all   21.45    0.00   23.00    0.00    0.00   15.50    0.00    0.00    0.00   40.05
19:09:15     all   22.34    0.00   23.86    0.00    0.00   13.96    0.00    0.00    0.00   39.85
19:09:16     all   22.19    0.00   24.74    0.00    0.00   15.31    0.00    0.00    0.00   37.76
19:09:17     all   21.63    0.00   25.45    0.00    0.00   13.74    0.00    0.00    0.00   39.19
19:09:18     all   20.62    0.00   24.48    0.00    0.00   13.92    0.00    0.00    0.00   40.98
19:09:19     all   19.64    0.00   20.41    0.00    0.00   14.73    0.00    0.00    0.00   45.22
19:09:20     all   21.34    0.00   25.45    0.00    0.00   15.42    0.00    0.00    0.00   37.79
19:09:21     all   21.17    0.00   26.02    0.00    0.00   15.56    0.00    0.00    0.00   37.24
19:09:22     all   21.21    0.00   26.01    0.00    0.00   15.40    0.00    0.00    0.00   37.37
19:09:23     all   19.54    0.00   22.11    0.00    0.00   14.14    0.00    0.00    0.00   44.22
19:09:24     all   21.04    0.00   21.56    0.00    0.00   14.55    0.00    0.00    0.00   42.86
19:09:25     all   20.61    0.00   23.92    0.00    0.00   13.23    0.00    0.00    0.00   42.24
19:09:26     all   22.05    0.00   24.10    0.00    0.00   14.10    0.00    0.00    0.00   39.74
19:09:27     all   21.50    0.00   25.65    0.00    0.00   15.28    0.00    0.00    0.00   37.56
19:09:28     all   22.05    0.00   23.59    0.00    0.00   14.87    0.00    0.00    0.00   39.49
19:09:29     all   20.30    0.00   17.77    0.00    0.00   13.45    0.00    0.00    0.00   48.48
19:09:30     all   20.26    0.00   24.10    0.00    0.00   15.13    0.00    0.00    0.00   40.51
19:09:31     all   21.43    0.00   24.49    0.00    0.00   14.80    0.00    0.00    0.00   39.29
19:09:32     all   21.34    0.00   25.45    0.00    0.00   14.65    0.00    0.00    0.00   38.56
19:09:33     all   21.54    0.00   24.87    0.26    0.00   14.87    0.00    0.00    0.00   38.46
19:09:34     all   20.77    0.00   20.00    0.00    0.00   15.38    0.00    0.00    0.00   43.85
19:09:35     all   21.71    0.00   18.35    0.00    0.00   14.73    0.00    0.00    0.00   45.22
19:09:36     all   20.61    0.00   17.56    0.00    0.00   14.25    0.00    0.00    0.00   47.58
19:09:37     all   20.51    0.00   21.28    0.00    0.00   15.38    0.00    0.00    0.00   42.82
19:09:38     all   21.65    0.00   20.62    0.00    0.00   14.95    0.00    0.00    0.00   42.78
19:09:39     all   20.87    0.00   20.36    0.25    0.00   14.50    0.00    0.00    0.00   44.02
19:09:40     all   21.28    0.00   21.54    0.00    0.00   13.85    0.00    0.00    0.00   43.33
19:09:41     all   21.03    0.00   20.77    0.26    0.00   14.62    0.00    0.00    0.00   43.33
19:09:42     all   20.66    0.00   21.68    0.00    0.00   14.80    0.00    0.00    0.00   42.86
19:09:43     all   21.23    0.00   22.51    0.00    0.00   14.83    0.00    0.00    0.00   41.43
19:09:44     all   20.15    0.00   21.43    0.00    0.00   15.05    0.00    0.00    0.00   43.37
19:09:45     all   21.34    0.00   20.31    0.26    0.00   14.91    0.00    0.00    0.00   43.19
19:09:46     all   21.34    0.00   21.08    0.00    0.00   13.88    0.00    0.00    0.00   43.70
19:09:47     all   21.17    0.00   21.68    0.00    0.00   13.78    0.00    0.00    0.00   43.37
19:09:48     all   20.46    0.00   20.72    0.00    0.00   14.83    0.00    0.00    0.00   43.99
19:09:49     all   20.97    0.00   21.99    0.00    0.00   14.58    0.00    0.00    0.00   42.46
19:09:50     all   20.26    0.00   20.77    0.00    0.00   15.90    0.00    0.00    0.00   43.08
19:09:51     all   21.59    0.00   25.71    0.00    0.00   14.40    0.00    0.00    0.00   38.30
19:09:52     all   21.37    0.00   24.43    0.00    0.00   15.27    0.00    0.00    0.00   38.93
19:09:53     all   22.37    0.00   25.19    0.00    0.00   14.91    0.00    0.00    0.00   37.53
19:09:54     all   20.61    0.00   23.41    0.00    0.00   15.78    0.00    0.00    0.00   40.20
19:09:55     all   21.03    0.00   23.08    0.00    0.00   14.10    0.00    0.00    0.00   41.79
19:09:56     all   21.37    0.00   25.19    0.00    0.00   14.25    0.00    0.00    0.00   39.19
19:09:57     all   21.23    0.00   24.81    0.00    0.00   13.81    0.00    0.00    0.00   40.15
19:09:58     all   21.17    0.00   26.79    0.00    0.00   14.80    0.00    0.00    0.00   37.24
19:09:59     all   20.92    0.00   23.21    0.00    0.00   14.80    0.00    0.00    0.00   41.07
19:10:00     all   21.13    0.00   23.45    0.00    0.00   14.43    0.00    0.00    0.00   40.98
19:10:01     all   22.42    0.00   25.44    0.00    0.00   13.10    0.00    0.00    0.00   39.04
19:10:02     all   22.08    0.00   25.38    0.25    0.00   13.96    0.00    0.00    0.00   38.32
19:10:03     all   21.83    0.00   24.87    0.00    0.00   15.48    0.00    0.00    0.00   37.82
19:10:04     all   20.46    0.00   22.51    0.00    0.00   15.35    0.00    0.00    0.00   41.69
19:10:05     all   19.95    0.00   24.35    0.00    0.00   14.77    0.00    0.00    0.00   40.93
19:10:06     all   22.56    0.00   24.87    0.00    0.00   14.62    0.00    0.00    0.00   37.95
19:10:07     all   20.41    0.00   23.98    0.00    0.00   16.07    0.00    0.00    0.00   39.54
19:10:08     all   20.77    0.00   24.62    0.00    0.00   16.15    0.00    0.00    0.00   38.46
19:10:09     all   20.51    0.00   23.33    0.00    0.00   12.82    0.00    0.00    0.00   43.33
19:10:10     all   22.56    0.00   24.62    0.00    0.00   15.38    0.00    0.00    0.00   37.44
19:10:11     all   21.37    0.00   25.19    0.00    0.00   15.52    0.00    0.00    0.00   37.91
19:10:12     all   22.22    0.00   24.75    0.00    0.00   15.15    0.00    0.00    0.00   37.88
19:10:13     all   21.79    0.00   26.41    0.00    0.00   14.87    0.00    0.00    0.00   36.92
19:10:14     all   21.77    0.00   23.80    0.00    0.00   15.19    0.00    0.00    0.00   39.24
19:10:15     all   21.13    0.00   25.52    0.00    0.00   14.69    0.00    0.00    0.00   38.66
19:10:16     all   21.83    0.00   25.63    0.00    0.00   14.72    0.00    0.00    0.00   37.82
19:10:17     all   21.63    0.00   26.21    0.00    0.00   14.76    0.00    0.00    0.00   37.40
19:10:18     all   22.39    0.00   26.21    0.00    0.00   16.03    0.00    0.00    0.00   35.37
19:10:19     all   21.27    0.00   25.57    0.00    0.00   15.70    0.00    0.00    0.00   37.47
19:10:20     all   22.25    0.00   24.81    0.26    0.00   15.09    0.00    0.00    0.00   37.60
19:10:21     all   21.12    0.00   26.21    0.00    0.00   15.52    0.00    0.00    0.00   37.15
19:10:22     all   21.34    0.00   24.42    0.00    0.00   13.62    0.00    0.00    0.00   40.62
19:10:23     all   21.27    0.00   24.81    0.00    0.00   15.19    0.00    0.00    0.00   38.73
19:10:24     all   21.43    0.00   22.70    0.00    0.00   14.80    0.00    0.00    0.00   41.07
19:10:25     all   20.81    0.00   20.81    0.25    0.00   13.96    0.00    0.00    0.00   44.16
19:10:26     all   21.24    0.00   22.54    0.00    0.00   15.54    0.00    0.00    0.00   40.67
19:10:27     all   21.94    0.00   26.02    0.00    0.00   15.82    0.00    0.00    0.00   36.22
19:10:28     all   20.51    0.00   23.59    0.00    0.00   15.90    0.00    0.00    0.00   40.00
19:10:29     all   21.34    0.00   19.79    0.00    0.00   15.42    0.00    0.00    0.00   43.44
19:10:30     all   20.45    0.00   26.01    0.00    0.00   14.65    0.00    0.00    0.00   38.89
19:10:31     all   22.42    0.00   24.43    0.25    0.00   13.60    0.00    0.00    0.00   39.29
19:10:32     all   21.27    0.00   24.56    0.00    0.00   14.94    0.00    0.00    0.00   39.24
19:10:33     all   20.92    0.00   21.68    0.00    0.00   15.31    0.00    0.00    0.00   42.09
19:10:34     all   22.25    0.00   18.93    0.00    0.00   13.04    0.00    0.00    0.00   45.78
19:10:35     all   19.34    0.00   23.92    0.00    0.00   15.01    0.00    0.00    0.00   41.73
19:10:36     all   21.23    0.00   21.48    0.00    0.00   14.07    0.00    0.00    0.00   43.22
19:10:37     all   21.03    0.00   20.77    0.00    0.00   11.79    0.00    0.00    0.00   46.41
19:10:38     all    7.16    0.00    7.16    0.00    0.00    3.58    0.00    0.00    0.00   82.10
19:10:39     all   21.34    0.00   18.77    0.00    0.00   15.17    0.00    0.00    0.00   44.73
19:10:40     all   20.76    0.00   23.29    0.00    0.00   15.19    0.00    0.00    0.00   40.76
19:10:41     all   21.23    0.00   24.04    0.00    0.00   14.58    0.00    0.00    0.00   40.15
19:10:42     all   19.59    0.00   22.94    0.00    0.00   13.66    0.00    0.00    0.00   43.81
19:10:43     all   21.34    0.00   24.94    0.00    0.00   15.42    0.00    0.00    0.00   38.30
19:10:44     all   21.72    0.00   20.45    0.00    0.00   14.14    0.00    0.00    0.00   43.69
19:10:45     all   21.12    0.00   24.43    0.00    0.00   14.25    0.00    0.00    0.00   40.20
19:10:46     all   22.36    0.00   25.88    0.00    0.00   15.33    0.00    0.00    0.00   36.43
19:10:47     all   19.74    0.00   25.38    0.00    0.00   15.64    0.00    0.00    0.00   39.23
19:10:48     all   21.52    0.00   22.53    0.00    0.00   15.44    0.00    0.00    0.00   40.51
19:10:49     all   21.74    0.00   17.39    0.26    0.00   14.83    0.00    0.00    0.00   45.78
19:10:50     all   21.59    0.00   21.08    0.00    0.00   12.60    0.00    0.00    0.00   44.73
19:10:51     all   21.08    0.00   22.88    0.00    0.00   14.91    0.00    0.00    0.00   41.13
19:10:52     all   22.19    0.00   21.17    0.00    0.00   14.54    0.00    0.00    0.00   42.09
19:10:53     all   21.77    0.00   24.30    0.00    0.00   15.95    0.00    0.00    0.00   37.97
19:10:54     all   21.03    0.00   22.56    0.00    0.00   13.85    0.00    0.00    0.00   42.56
19:10:55     all   21.63    0.00   17.81    0.25    0.00   15.52    0.00    0.00    0.00   44.78
19:10:56     all   20.41    0.00   16.58    0.00    0.00   15.31    0.00    0.00    0.00   47.70
19:10:57     all   21.17    0.00   20.92    0.00    0.00   14.54    0.00    0.00    0.00   43.37
19:10:58     all   20.88    0.00   21.39    0.00    0.00   13.92    0.00    0.00    0.00   43.81
19:10:59     all   21.34    0.00   20.31    0.00    0.00   13.62    0.00    0.00    0.00   44.73
19:11:00     all   21.52    0.00   20.51    0.00    0.00   14.68    0.00    0.00    0.00   43.29
19:11:01     all   20.87    0.00   22.14    0.00    0.00   14.25    0.00    0.00    0.00   42.75
19:11:02     all   21.74    0.00   21.48    0.00    0.00   15.09    0.00    0.00    0.00   41.69
19:11:03     all   20.46    0.00   21.74    0.00    0.00   14.32    0.00    0.00    0.00   43.48
19:11:04     all   21.45    0.00   21.45    0.00    0.00   13.95    0.00    0.00    0.00   43.15
19:11:05     all   21.16    0.00   19.40    0.00    0.00   14.61    0.00    0.00    0.00   44.84
19:11:06     all   20.93    0.00   20.67    0.00    0.00   15.50    0.00    0.00    0.00   42.89
19:11:07     all   21.83    0.00   20.05    0.00    0.00   15.23    0.00    0.00    0.00   42.89
19:11:08     all   21.13    0.00   20.36    0.00    0.00   13.40    0.00    0.00    0.00   45.10
19:11:09     all   21.77    0.00   19.75    0.00    0.00   14.68    0.00    0.00    0.00   43.80
19:11:10     all   20.36    0.00   21.91    0.00    0.00   15.98    0.00    0.00    0.00   41.75
19:11:11     all   21.97    0.00   20.20    0.51    0.00   14.90    0.00    0.00    0.00   42.42
19:11:12     all   19.64    0.00   21.45    0.00    0.00   15.25    0.00    0.00    0.00   43.67
19:11:13     all   23.04    0.00   19.75    0.00    0.00   13.92    0.00    0.00    0.00   43.29
19:11:14     all   20.77    0.00   21.03    0.00    0.00   13.85    0.00    0.00    0.00   44.36
19:11:15     all   20.91    0.00   21.16    0.00    0.00   15.62    0.00    0.00    0.00   42.32
19:11:16     all   21.77    0.00   22.03    0.00    0.00   13.67    0.00    0.00    0.00   42.53
19:11:17     all   21.59    0.00   20.82    0.00    0.00   15.42    0.00    0.00    0.00   42.16
19:11:18     all   21.23    0.00   21.48    0.00    0.00   15.35    0.00    0.00    0.00   41.94
19:11:19     all   21.15    0.00   19.58    0.00    0.00   15.40    0.00    0.00    0.00   43.86
19:11:20     all   20.66    0.00   20.92    0.00    0.00   14.54    0.00    0.00    0.00   43.88
19:11:21     all   20.97    0.00   21.48    0.00    0.00   14.58    0.00    0.00    0.00   42.97
19:11:22     all   21.74    0.00   21.48    0.00    0.00   14.07    0.00    0.00    0.00   42.71
19:11:23     all   21.19    0.00   20.93    0.00    0.00   14.47    0.00    0.00    0.00   43.41
19:11:24     all   21.76    0.00   19.69    0.00    0.00   14.77    0.00    0.00    0.00   43.78
19:11:25     all   19.59    0.00   19.59    0.00    0.00   13.49    0.00    0.00    0.00   47.33
19:11:26     all   20.76    0.00   22.53    0.00    0.00   15.19    0.00    0.00    0.00   41.52
19:11:27     all   21.79    0.00   21.03    0.00    0.00   15.13    0.00    0.00    0.00   42.05
19:11:28     all   21.65    0.00   21.65    0.00    0.00   14.95    0.00    0.00    0.00   41.75
19:11:29     all   21.13    0.00   20.36    0.00    0.00   13.92    0.00    0.00    0.00   44.59
19:11:30     all   20.81    0.00   21.83    0.00    0.00   15.23    0.00    0.00    0.00   42.13
19:11:31     all   21.17    0.00   21.94    0.00    0.00   14.80    0.00    0.00    0.00   42.09
19:11:32     all   19.44    0.00   22.25    0.00    0.00   14.83    0.00    0.00    0.00   43.48
19:11:33     all   22.39    0.00   21.12    0.25    0.00   15.01    0.00    0.00    0.00   41.22
19:11:34     all   20.41    0.00   19.90    0.00    0.00   14.21    0.00    0.00    0.00   45.48
19:11:35     all   21.12    0.00   19.59    0.00    0.00   13.99    0.00    0.00    0.00   45.29
19:11:36     all   21.54    0.00   22.56    0.00    0.00   14.87    0.00    0.00    0.00   41.03
19:11:37     all   21.99    0.00   20.72    0.00    0.00   14.32    0.00    0.00    0.00   42.97
19:11:38     all   22.08    0.00   20.05    0.00    0.00   14.97    0.00    0.00    0.00   42.89
19:11:39     all   20.26    0.00   20.00    0.00    0.00   14.62    0.00    0.00    0.00   45.13
19:11:40     all   21.39    0.00   20.36    0.00    0.00   14.69    0.00    0.00    0.00   43.56
19:11:41     all   20.96    0.00   20.96    0.00    0.00   14.90    0.00    0.00    0.00   43.18
19:11:42     all   21.88    0.00   20.10    0.00    0.00   14.25    0.00    0.00    0.00   43.77
19:11:43     all   21.12    0.00   21.37    0.00    0.00   14.76    0.00    0.00    0.00   42.75
19:11:44     all   20.88    0.00   20.62    0.00    0.00   14.95    0.00    0.00    0.00   43.56
19:11:45     all   20.56    0.00   22.34    0.51    0.00   15.48    0.00    0.00    0.00   41.12
19:11:46     all   20.52    0.00   22.08    0.00    0.00   14.81    0.00    0.00    0.00   42.60
19:11:47     all   20.71    0.00   20.96    0.00    0.00   13.89    0.00    0.00    0.00   44.44
19:11:48     all   21.57    0.00   20.81    0.00    0.00   14.47    0.00    0.00    0.00   43.15
19:11:49     all   21.34    0.00   21.85    0.00    0.00   14.40    0.00    0.00    0.00   42.42
19:11:50     all   21.17    0.00   24.74    0.00    0.00   14.03    0.00    0.00    0.00   40.05
19:11:51     all   21.77    0.00   25.57    0.00    0.00   14.68    0.00    0.00    0.00   37.97
19:11:52     all   21.57    0.00   24.87    0.00    0.00   14.97    0.00    0.00    0.00   38.58
19:11:53     all   21.34    0.00   25.71    0.00    0.00   15.68    0.00    0.00    0.00   37.28
19:11:54     all   20.46    0.00   21.74    0.00    0.00   15.09    0.00    0.00    0.00   42.71
19:11:55     all   20.83    0.00   25.52    0.00    0.00   15.36    0.00    0.00    0.00   38.28
19:11:56     all   21.46    0.00   26.01    0.00    0.00   15.15    0.00    0.00    0.00   37.37
19:11:57     all   21.72    0.00   26.26    0.00    0.00   15.40    0.00    0.00    0.00   36.62
19:11:58     all   20.10    0.00   21.65    0.00    0.00   14.69    0.00    0.00    0.00   43.56
19:11:59     all   21.72    0.00   21.46    0.00    0.00   14.39    0.00    0.00    0.00   42.42
19:12:00     all   21.96    0.00   26.36    0.00    0.00   14.73    0.00    0.00    0.00   36.95
19:12:01     all   21.13    0.00   25.00    0.00    0.00   14.95    0.00    0.00    0.00   38.92
19:12:02     all   21.68    0.00   23.47    0.00    0.00   15.31    0.00    0.00    0.00   39.54
19:12:03     all   21.13    0.00   22.94    0.00    0.00   14.69    0.00    0.00    0.00   41.24
19:12:04     all   21.28    0.00   22.05    0.00    0.00   14.36    0.00    0.00    0.00   42.31
19:12:05     all   21.41    0.00   24.43    0.00    0.00   15.37    0.00    0.00    0.00   38.79
19:12:06     all   21.54    0.00   24.87    0.00    0.00   14.87    0.00    0.00    0.00   38.72
19:12:07     all   20.51    0.00   26.08    0.00    0.00   14.43    0.00    0.00    0.00   38.99
19:12:08     all   21.21    0.00   22.73    0.00    0.00   14.39    0.00    0.00    0.00   41.67
19:12:09     all   21.54    0.00   22.56    0.00    0.00   14.62    0.00    0.00    0.00   41.28
19:12:10     all   20.41    0.00   21.17    0.00    0.00   14.54    0.00    0.00    0.00   43.88
19:12:11     all   22.22    0.00   26.26    0.00    0.00   15.15    0.00    0.00    0.00   36.36
19:12:12     all   20.41    0.00   21.43    0.00    0.00   15.31    0.00    0.00    0.00   42.86
19:12:13     all   21.12    0.00   20.87    0.00    0.00   15.78    0.00    0.00    0.00   42.24
19:12:14     all   21.28    0.00   17.44    0.26    0.00   14.62    0.00    0.00    0.00   46.41
19:12:15     all   23.08    0.00   13.08    0.00    0.00   15.38    0.00    0.00    0.00   48.46
19:12:16     all   20.10    0.00   16.75    0.00    0.00   14.69    0.00    0.00    0.00   48.45
19:12:17     all   21.03    0.00   17.69    0.00    0.00   14.87    0.00    0.00    0.00   46.41
19:12:18     all   21.13    0.00   17.01    0.00    0.00   14.18    0.00    0.00    0.00   47.68
19:12:19     all   20.36    0.00   17.56    0.00    0.00   14.50    0.00    0.00    0.00   47.58
19:12:20     all   22.05    0.00   16.92    0.26    0.00   15.13    0.00    0.00    0.00   45.64
19:12:21     all   21.28    0.00   18.21    0.00    0.00   15.13    0.00    0.00    0.00   45.38
19:12:22     all   20.82    0.00   17.99    0.00    0.00   13.88    0.00    0.00    0.00   47.30
19:12:23     all   20.10    0.00   17.56    0.00    0.00   13.49    0.00    0.00    0.00   48.85
19:12:24     all   20.41    0.00   17.57    0.00    0.00   14.99    0.00    0.00    0.00   47.03
19:12:25     all   18.30    0.00   14.69    0.00    0.00   10.57    0.00    0.00    0.00   56.44
19:12:26     all   11.79    0.00    9.23    0.00    0.00    6.41    0.00    0.00    0.00   72.56
19:12:27     all   12.47    0.00   10.69    0.00    0.00    8.91    0.00    0.00    0.00   67.94
19:12:28     all    9.46    0.00    7.16    0.00    0.00    6.14    0.00    0.00    0.00   77.24
19:12:29     all   18.93    0.00   15.09    0.00    0.00   12.28    0.00    0.00    0.00   53.71
19:12:30     all   10.71    0.00    9.18    0.00    0.00    6.63    0.00    0.00    0.00   73.47
19:12:31     all   21.48    0.00   18.93    0.00    0.00   15.35    0.00    0.00    0.00   44.25
19:12:32     all   20.76    0.00   23.29    0.00    0.00   14.68    0.00    0.00    0.00   41.27
19:12:33     all   20.82    0.00   20.31    0.00    0.00   13.37    0.00    0.00    0.00   45.50
19:12:34     all   21.91    0.00   21.91    0.00    0.00   14.18    0.00    0.00    0.00   42.01
19:12:35     all   21.08    0.00   20.31    0.00    0.00   15.68    0.00    0.00    0.00   42.93
19:12:36     all   20.96    0.00   20.45    0.51    0.00   14.39    0.00    0.00    0.00   43.69
19:12:37     all   20.93    0.00   20.93    0.00    0.00   13.44    0.00    0.00    0.00   44.70
19:12:38     all   20.66    0.00   21.43    0.00    0.00   14.80    0.00    0.00    0.00   43.11
19:12:39     all   20.57    0.00   21.34    0.00    0.00   12.85    0.00    0.00    0.00   45.24
19:12:40     all   20.41    0.00   19.38    0.00    0.00   14.47    0.00    0.00    0.00   45.74
19:12:41     all   21.30    0.00   22.56    0.00    0.00   14.54    0.00    0.00    0.00   41.60
19:12:42     all   21.12    0.00   21.63    0.00    0.00   14.50    0.00    0.00    0.00   42.75
19:12:43     all   20.96    0.00   21.97    0.00    0.00   14.65    0.00    0.00    0.00   42.42
19:12:44     all   20.83    0.00   20.31    0.00    0.00   13.80    0.00    0.00    0.00   45.05
19:12:45     all   19.59    0.00   20.36    0.00    0.00   15.98    0.00    0.00    0.00   44.07
19:12:46     all   19.64    0.00   20.41    0.26    0.00   14.80    0.00    0.00    0.00   44.90
19:12:47     all   20.77    0.00   19.49    0.00    0.00   15.38    0.00    0.00    0.00   44.36
19:12:48     all   21.74    0.00   19.95    0.00    0.00   13.55    0.00    0.00    0.00   44.76
19:12:49     all   20.15    0.00   22.70    0.00    0.00   14.80    0.00    0.00    0.00   42.35
19:12:50     all   22.25    0.00   19.95    0.00    0.00   14.58    0.00    0.00    0.00   43.22
19:12:51     all   21.57    0.00   21.32    0.00    0.00   15.99    0.00    0.00    0.00   41.12
19:12:52     all   21.68    0.00   22.19    0.26    0.00   15.56    0.00    0.00    0.00   40.31
19:12:53     all   21.57    0.00   20.56    0.00    0.00   15.74    0.00    0.00    0.00   42.13
19:12:54     all   21.45    0.00   20.93    0.00    0.00   13.70    0.00    0.00    0.00   43.93
19:12:55     all   20.41    0.00   20.41    0.00    0.00   14.80    0.00    0.00    0.00   44.39
19:12:56     all   20.16    0.00   20.41    0.00    0.00   12.92    0.00    0.00    0.00   46.51
19:12:57     all   21.17    0.00   20.41    0.00    0.00   14.80    0.00    0.00    0.00   43.62
19:12:58     all   22.17    0.00   21.41    0.25    0.00   15.11    0.00    0.00    0.00   41.06
19:12:59     all   21.94    0.00   21.43    0.00    0.00   15.56    0.00    0.00    0.00   41.07
19:13:00     all   21.28    0.00   19.23    0.00    0.00   15.64    0.00    0.00    0.00   43.85
19:13:01     all   20.81    0.00   18.78    0.00    0.00   15.23    0.00    0.00    0.00   45.18
19:13:02     all   20.10    0.00   21.39    0.00    0.00   14.43    0.00    0.00    0.00   44.07
19:13:03     all   20.77    0.00   21.54    0.00    0.00   13.85    0.00    0.00    0.00   43.85
19:13:04     all   20.46    0.00   21.23    0.00    0.00   15.86    0.00    0.00    0.00   42.46
19:13:05     all   21.08    0.00   21.08    0.00    0.00   14.40    0.00    0.00    0.00   43.44
19:13:06     all   21.13    0.00   21.39    0.00    0.00   14.69    0.00    0.00    0.00   42.78
19:13:07     all   19.69    0.00   21.48    0.00    0.00   15.35    0.00    0.00    0.00   43.48
19:13:08     all   20.66    0.00   20.92    0.00    0.00   12.76    0.00    0.00    0.00   45.66
19:13:09     all   21.36    0.00   21.86    0.00    0.00   15.08    0.00    0.00    0.00   41.71
19:13:10     all   22.11    0.00   21.59    0.00    0.00   14.40    0.00    0.00    0.00   41.90
19:13:11     all   20.87    0.00   25.70    0.00    0.00   16.03    0.00    0.00    0.00   37.40
19:13:12     all   20.96    0.00   24.24    0.00    0.00   15.15    0.00    0.00    0.00   39.65
19:13:13     all   21.12    0.00   25.95    0.00    0.00   15.52    0.00    0.00    0.00   37.40
19:13:14     all   20.51    0.00   25.32    0.00    0.00   14.68    0.00    0.00    0.00   39.49
19:13:15     all   21.41    0.00   20.40    0.00    0.00   14.36    0.00    0.00    0.00   43.83
19:13:16     all   20.87    0.00   24.94    0.00    0.00   13.99    0.00    0.00    0.00   40.20
19:13:17     all   21.01    0.00   26.08    0.00    0.00   14.68    0.00    0.00    0.00   38.23
19:13:18     all   20.57    0.00   23.39    0.00    0.00   15.42    0.00    0.00    0.00   40.62
19:13:19     all   20.20    0.00   24.55    0.00    0.00   13.81    0.00    0.00    0.00   41.43
19:13:20     all   21.17    0.00   20.92    0.00    0.00   14.54    0.00    0.00    0.00   43.37
19:13:21     all   22.00    0.00   24.75    0.00    0.00   15.00    0.00    0.00    0.00   38.25
19:13:22     all   21.48    0.00   21.23    0.00    0.00   14.07    0.00    0.00    0.00   43.22
19:13:23     all   22.14    0.00   19.59    0.00    0.00   15.27    0.00    0.00    0.00   43.00
19:13:24     all   21.59    0.00   20.05    0.00    0.00   14.65    0.00    0.00    0.00   43.70
19:13:25     all   22.37    0.00   22.11    0.00    0.00   15.17    0.00    0.00    0.00   40.36
19:13:26     all   21.50    0.00   24.09    0.26    0.00   14.77    0.00    0.00    0.00   39.38
19:13:27     all   20.10    0.00   25.26    0.00    0.00   14.95    0.00    0.00    0.00   39.69
19:13:28     all   21.86    0.00   24.37    0.00    0.00   14.82    0.00    0.00    0.00   38.94
19:13:29     all   20.31    0.00   23.14    0.00    0.00   14.14    0.00    0.00    0.00   42.42
19:13:30     all   21.34    0.00   20.57    0.00    0.00   15.17    0.00    0.00    0.00   42.93
19:13:31     all   21.17    0.00   21.43    0.00    0.00   14.54    0.00    0.00    0.00   42.86
19:13:32     all   20.46    0.00   22.51    0.00    0.00   15.09    0.00    0.00    0.00   41.94
19:13:33     all   21.99    0.00   20.46    0.00    0.00   14.83    0.00    0.00    0.00   42.71
19:13:34     all   22.08    0.00   22.08    0.00    0.00   14.47    0.00    0.00    0.00   41.37
19:13:35     all   21.24    0.00   16.06    0.00    0.00   14.51    0.00    0.00    0.00   48.19
19:13:36     all   21.23    0.00   15.86    0.00    0.00   15.35    0.00    0.00    0.00   47.57
19:13:37     all   21.43    0.00   21.43    0.00    0.00   14.03    0.00    0.00    0.00   43.11
19:13:38     all   22.34    0.00   24.87    0.25    0.00   15.23    0.00    0.00    0.00   37.31
19:13:39     all   21.63    0.00   25.19    0.00    0.00   14.76    0.00    0.00    0.00   38.42
19:13:40     all   21.32    0.00   25.63    0.00    0.00   15.23    0.00    0.00    0.00   37.82
19:13:41     all   20.36    0.00   24.43    0.00    0.00   15.27    0.00    0.00    0.00   39.95
19:13:42     all   20.77    0.00   24.87    0.00    0.00   14.62    0.00    0.00    0.00   39.74
19:13:43     all   21.48    0.00   25.83    0.00    0.00   14.32    0.00    0.00    0.00   38.36
19:13:44     all   20.72    0.00   24.04    0.26    0.00   15.09    0.00    0.00    0.00   39.90
Average:     all   21.00    0.00   22.30    0.02    0.00   14.63    0.00    0.00    0.00   42.05
