Linux 6.8.0-1064-azure (csb-bench-host-azure) 	08/16/26 	_x86_64_	(4 CPU)

05:08:27     CPU    %usr   %nice    %sys %iowait    %irq   %soft  %steal  %guest  %gnice   %idle
05:08:28     all   11.56    0.00    1.51    0.00    0.00    0.00    0.00    0.00    0.00   86.93
05:08:29     all    6.48    0.00    0.25    0.00    0.00    0.50    0.00    0.00    0.00   92.77
05:08:30     all    6.28    0.00    0.50    0.00    0.00    0.25    0.00    0.00    0.00   92.96
05:08:31     all    6.53    0.00    0.25    0.00    0.00    0.50    0.00    0.00    0.00   92.71
05:08:32     all    6.53    0.00    1.01    0.25    0.00    0.00    0.00    0.00    0.00   92.21
05:08:33     all    6.75    0.00    0.50    0.00    0.00    0.25    0.00    0.00    0.00   92.50
05:08:34     all    6.50    0.00    0.50    0.00    0.00    0.50    0.00    0.00    0.00   92.50
05:08:35     all    6.53    0.00    0.50    0.00    0.00    0.25    0.00    0.00    0.00   92.71
05:08:36     all    6.50    0.00    0.50    0.00    0.00    0.25    0.00    0.00    0.00   92.75
05:08:37     all    6.55    0.00    0.25    0.00    0.00    0.50    0.00    0.00    0.00   92.70
05:08:38     all    6.30    0.00    0.50    0.00    0.00    0.25    0.00    0.00    0.00   92.95
05:08:39     all    6.25    0.00    0.50    0.00    0.00    0.25    0.00    0.00    0.00   93.00
05:08:40     all    6.50    0.00    0.25    0.00    0.00    0.50    0.00    0.00    0.00   92.75
05:08:41     all    6.28    0.00    0.25    0.00    0.00    0.50    0.00    0.00    0.00   92.96
05:08:42     all    6.28    0.00    0.50    0.00    0.00    0.25    0.00    0.00    0.00   92.96
05:08:43     all    6.23    0.00    0.50    0.00    0.00    0.50    0.00    0.00    0.00   92.77
05:08:44     all    7.30    0.00    0.00    0.00    0.00    0.50    0.00    0.00    0.00   92.19
05:08:45     all    7.05    0.00    0.25    0.00    0.00    0.25    0.00    0.00    0.00   92.44
05:08:46     all    6.53    0.00    0.50    0.00    0.00    0.25    0.00    0.00    0.00   92.71
05:08:47     all    6.50    0.00    0.25    0.00    0.00    0.25    0.00    0.00    0.00   93.00
05:08:48     all    6.30    0.00    0.76    0.00    0.00    0.25    0.00    0.00    0.00   92.70
05:08:49     all    6.27    0.00    0.25    0.00    0.00    0.50    0.00    0.00    0.00   92.98
05:08:50     all    6.77    0.00    0.50    0.25    0.00    0.25    0.00    0.00    0.00   92.23
05:08:51     all    6.30    0.00    0.50    0.25    0.00    0.25    0.00    0.00    0.00   92.70
05:08:52     all    6.52    0.00    0.50    0.00    0.00    0.00    0.00    0.00    0.00   92.98
05:08:53     all    6.03    0.00    0.50    0.00    0.00    0.25    0.00    0.00    0.00   93.22
05:08:54     all    6.28    0.00    0.25    0.00    0.00    0.25    0.00    0.00    0.00   93.22
05:08:55     all    6.75    0.00    0.50    0.00    0.00    0.25    0.00    0.00    0.00   92.50
05:08:56     all    6.09    0.00    0.25    0.25    0.00    0.00    0.00    0.00    0.00   93.40
05:08:57     all    6.52    0.00    0.25    0.00    0.00    0.50    0.00    0.00    0.00   92.73
05:08:58     all    6.53    0.00    0.50    0.00    0.00    0.25    0.00    0.00    0.00   92.71
05:08:59     all    6.53    0.00    0.75    0.00    0.00    0.00    0.00    0.00    0.00   92.71
05:09:00     all    6.25    0.00    0.25    0.00    0.00    0.25    0.00    0.00    0.00   93.25
05:09:01     all    6.33    0.00    0.25    0.00    0.00    0.00    0.00    0.00    0.00   93.42
05:09:02     all    6.98    0.00    0.50    0.25    0.00    0.25    0.00    0.00    0.00   92.02
05:09:03     all    6.05    0.00    0.25    0.00    0.00    0.50    0.00    0.00    0.00   93.20
05:09:04     all    6.98    0.00    0.50    0.00    0.00    0.00    0.00    0.00    0.00   92.52
05:09:05     all    6.02    0.00    0.75    0.00    0.00    0.75    0.00    0.00    0.00   92.48
05:09:06     all    6.55    0.00    0.00    0.00    0.00    0.00    0.00    0.00    0.00   93.45
05:09:07     all    6.57    0.00    0.25    0.00    0.00    0.25    0.00    0.00    0.00   92.93
05:09:08     all    6.73    0.00    0.75    0.00    0.00    0.25    0.00    0.00    0.00   92.27
05:09:09     all    6.53    0.00    0.00    0.00    0.00    0.50    0.00    0.00    0.00   92.96
05:09:10     all    6.75    0.00    0.75    0.00    0.00    0.25    0.00    0.00    0.00   92.25
05:09:11     all    6.31    0.00    0.25    0.00    0.00    0.25    0.00    0.00    0.00   93.18
05:09:12     all    6.25    0.00    0.75    0.50    0.00    0.25    0.00    0.00    0.00   92.25
05:09:13     all    6.77    0.00    0.25    0.00    0.00    0.50    0.00    0.00    0.00   92.48
05:09:14     all    6.50    0.00    0.50    0.00    0.00    0.50    0.00    0.00    0.00   92.50
05:09:15     all    5.81    0.00    0.51    0.00    0.00    0.25    0.00    0.00    0.00   93.43
05:09:16     all    6.25    0.00    0.50    0.00    0.00    0.50    0.00    0.00    0.00   92.75
05:09:17     all    6.30    0.00    0.50    0.00    0.00    0.25    0.00    0.00    0.00   92.95
05:09:18     all    6.77    0.00    0.75    0.00    0.00    0.25    0.00    0.00    0.00   92.23
05:09:19     all    6.52    0.00    0.25    0.00    0.00    0.25    0.00    0.00    0.00   92.98
05:09:20     all    5.81    0.00    0.25    0.00    0.00    0.25    0.00    0.00    0.00   93.69
05:09:21     all    6.05    0.00    0.50    0.00    0.00    0.25    0.00    0.00    0.00   93.20
05:09:22     all    6.28    0.00    0.25    0.00    0.00    0.25    0.00    0.00    0.00   93.22
05:09:23     all    6.80    0.00    0.50    0.00    0.00    0.25    0.00    0.00    0.00   92.44
05:09:24     all    6.47    0.00    0.50    0.50    0.00    0.75    0.00    0.00    0.00   91.79
05:09:25     all    6.31    0.00    0.25    0.00    0.00    0.25    0.00    0.00    0.00   93.18
05:09:26     all    7.02    0.00    0.25    0.00    0.00    0.25    0.00    0.00    0.00   92.48
05:09:27     all    6.78    0.00    0.25    0.00    0.00    0.25    0.00    0.00    0.00   92.71
05:09:28     all    6.77    0.00    0.25    0.00    0.00    0.25    0.00    0.00    0.00   92.73
05:09:29     all    6.00    0.00    1.00    0.00    0.00    0.25    0.00    0.00    0.00   92.75
05:09:30     all    5.84    0.00    0.25    0.00    0.00    0.00    0.00    0.00    0.00   93.91
05:09:31     all    6.52    0.00    0.50    0.00    0.00    0.25    0.00    0.00    0.00   92.73
05:09:32     all    7.30    0.00    1.01    0.00    0.00    0.00    0.00    0.00    0.00   91.69
05:09:33     all    6.02    0.00    0.75    0.00    0.00    0.25    0.00    0.00    0.00   92.98
05:09:34     all    6.75    0.00    0.25    0.00    0.00    0.25    0.00    0.00    0.00   92.75
05:09:35     all    6.27    0.00    0.50    0.00    0.00    0.50    0.00    0.00    0.00   92.73
05:09:36     all    6.30    0.00    0.25    0.50    0.00    0.00    0.00    0.00    0.00   92.95
05:09:37     all    6.48    0.00    0.50    0.00    0.00    0.50    0.00    0.00    0.00   92.52
05:09:38     all    6.80    0.00    0.25    0.00    0.00    0.00    0.00    0.00    0.00   92.95
05:09:39     all    6.23    0.00    0.75    0.00    0.00    0.50    0.00    0.00    0.00   92.52
05:09:40     all    6.53    0.00    0.25    0.00    0.00    0.25    0.00    0.00    0.00   92.96
05:09:41     all    6.53    0.00    0.50    0.00    0.00    0.50    0.00    0.00    0.00   92.46
05:09:42     all    6.52    0.00    0.25    0.00    0.00    0.50    0.00    0.00    0.00   92.73
05:09:43     all    6.28    0.00    0.50    0.00    0.00    0.25    0.00    0.00    0.00   92.96
05:09:44     all    7.02    0.00    0.50    0.00    0.00    0.25    0.00    0.00    0.00   92.23
05:09:45     all    6.08    0.00    0.51    0.00    0.00    0.25    0.00    0.00    0.00   93.16
05:09:46     all    6.75    0.00    0.50    0.25    0.00    0.25    0.00    0.00    0.00   92.25
05:09:47     all    6.25    0.00    0.75    0.00    0.00    0.50    0.00    0.00    0.00   92.50
05:09:48     all    6.55    0.00    0.25    0.00    0.00    0.25    0.00    0.00    0.00   92.95
05:09:49     all    7.00    0.00    0.50    0.00    0.00    0.25    0.00    0.00    0.00   92.25
05:09:50     all    6.84    0.00    0.25    0.00    0.00    0.25    0.00    0.00    0.00   92.66
05:09:51     all    6.77    0.00    0.50    0.00    0.00    0.25    0.00    0.00    0.00   92.48
05:09:52     all    6.57    0.00    0.25    0.00    0.00    0.25    0.00    0.00    0.00   92.93
05:09:53     all    6.50    0.00    0.75    0.00    0.00    0.25    0.00    0.00    0.00   92.50
05:09:54     all    6.53    0.00    0.25    0.00    0.00    0.25    0.00    0.00    0.00   92.96
05:09:55     all    6.80    0.00    0.25    0.00    0.00    0.00    0.00    0.00    0.00   92.95
05:09:56     all    7.27    0.00    0.50    0.25    0.00    0.25    0.00    0.00    0.00   91.73
05:09:57     all    6.52    0.00    0.25    0.00    0.00    0.25    0.00    0.00    0.00   92.98
05:09:58     all    6.75    0.00    0.50    0.00    0.00    0.25    0.00    0.00    0.00   92.50
05:09:59     all    6.31    0.00    0.25    0.00    0.00    0.25    0.00    0.00    0.00   93.18
05:10:00     all    6.77    0.00    0.50    0.00    0.00    0.00    0.00    0.00    0.00   92.73
05:10:01     all    6.78    0.00    0.75    0.50    0.00    0.25    0.00    0.00    0.00   91.71
05:10:02     all    7.21    0.00    0.50    1.00    0.00    0.75    0.00    0.00    0.00   90.55
05:10:03     all    6.53    0.00    0.25    0.00    0.00    0.25    0.00    0.00    0.00   92.96
05:10:04     all    6.48    0.00    0.75    0.00    0.00    0.50    0.00    0.00    0.00   92.27
05:10:05     all    6.27    0.00    0.25    0.00    0.00    0.25    0.00    0.00    0.00   93.23
05:10:06     all    5.79    0.00    0.25    0.00    0.00    0.25    0.00    0.00    0.00   93.70
05:10:07     all    6.52    0.00    0.50    0.00    0.00    0.25    0.00    0.00    0.00   92.73
05:10:08     all    6.78    0.00    0.25    0.25    0.00    0.25    0.00    0.00    0.00   92.46
05:10:09     all    6.52    0.00    0.25    0.00    0.00    0.50    0.00    0.00    0.00   92.73
05:10:10     all    6.30    0.00    0.25    0.00    0.00    0.25    0.00    0.00    0.00   93.20
05:10:11     all    6.73    0.00    0.75    0.00    0.00    0.50    0.00    0.00    0.00   92.02
05:10:12     all    6.28    0.00    0.25    0.00    0.00    0.25    0.00    0.00    0.00   93.22
05:10:13     all    6.28    0.00    0.25    0.00    0.00    0.50    0.00    0.00    0.00   92.96
05:10:14     all    6.53    0.00    0.75    0.00    0.00    0.25    0.00    0.00    0.00   92.46
05:10:15     all    6.00    0.00    0.25    0.00    0.00    0.50    0.00    0.00    0.00   93.25
05:10:16     all    6.31    0.00    0.51    0.00    0.00    0.00    0.00    0.00    0.00   93.18
05:10:17     all    6.22    0.00    0.75    0.00    0.00    0.75    0.00    0.00    0.00   92.29
05:10:18     all    6.52    0.00    0.50    0.00    0.00    0.50    0.00    0.00    0.00   92.48
05:10:19     all    6.53    0.00    0.50    0.00    0.00    0.00    0.00    0.00    0.00   92.96
05:10:20     all    6.78    0.00    0.25    0.00    0.00    0.25    0.00    0.00    0.00   92.71
05:10:21     all    5.78    0.00    0.50    0.00    0.00    0.25    0.00    0.00    0.00   93.47
05:10:22     all    6.05    0.00    0.50    0.00    0.00    0.25    0.00    0.00    0.00   93.20
05:10:23     all    6.52    0.00    0.25    0.25    0.00    0.25    0.00    0.00    0.00   92.73
05:10:24     all    6.53    0.00    0.50    0.00    0.00    0.25    0.00    0.00    0.00   92.71
05:10:25     all    6.28    0.00    0.50    0.00    0.00    0.25    0.00    0.00    0.00   92.96
05:10:26     all    6.77    0.00    0.25    0.00    0.00    0.50    0.00    0.00    0.00   92.48
05:10:27     all    6.28    0.00    0.00    0.00    0.00    0.75    0.00    0.00    0.00   92.96
05:10:28     all    6.77    0.00    0.25    0.25    0.00    0.25    0.00    0.00    0.00   92.48
05:10:29     all    6.55    0.00    0.25    0.00    0.00    0.00    0.00    0.00    0.00   93.20
05:10:30     all    6.27    0.00    0.25    0.00    0.00    0.50    0.00    0.00    0.00   92.98
05:10:31     all    6.27    0.00    0.50    0.00    0.00    0.25    0.00    0.00    0.00   92.98
05:10:32     all    6.75    0.00    1.50    0.00    0.00    0.50    0.00    0.00    0.00   91.25
05:10:33     all    6.73    0.00    0.25    0.25    0.00    0.50    0.00    0.00    0.00   92.27
05:10:34     all    6.31    0.00    0.25    0.00    0.00    0.00    0.00    0.00    0.00   93.43
05:10:35     all    6.48    0.00    0.50    0.00    0.00    0.75    0.00    0.00    0.00   92.27
05:10:36     all    6.52    0.00    0.25    0.00    0.00    0.25    0.00    0.00    0.00   92.98
05:10:37     all    6.27    0.00    0.25    0.00    0.00    0.50    0.00    0.00    0.00   92.98
05:10:38     all    6.52    0.00    0.50    0.00    0.00    0.25    0.00    0.00    0.00   92.73
05:10:39     all    6.73    0.00    0.50    0.00    0.00    0.25    0.00    0.00    0.00   92.52
05:10:40     all    6.25    0.00    0.50    0.00    0.00    0.75    0.00    0.00    0.00   92.50
05:10:41     all    6.28    0.00    0.25    0.00    0.00    0.25    0.00    0.00    0.00   93.22
05:10:42     all    6.27    0.00    0.25    0.00    0.00    0.75    0.00    0.00    0.00   92.73
05:10:43     all    6.25    0.00    0.50    0.50    0.00    0.25    0.00    0.00    0.00   92.50
05:10:44     all    6.50    0.00    0.25    0.00    0.00    0.50    0.00    0.00    0.00   92.75
05:10:45     all    6.78    0.00    0.25    0.00    0.00    0.00    0.00    0.00    0.00   92.96
05:10:46     all    6.48    0.00    0.50    0.00    0.00    0.50    0.00    0.00    0.00   92.52
05:10:47     all    6.09    0.00    0.25    0.00    0.00    0.00    0.00    0.00    0.00   93.65
05:10:48     all    6.25    0.00    0.50    0.25    0.00    0.25    0.00    0.00    0.00   92.75
05:10:49     all    5.99    0.00    0.75    0.00    0.00    0.50    0.00    0.00    0.00   92.77
05:10:50     all    6.27    0.00    0.25    0.00    0.00    0.50    0.00    0.00    0.00   92.98
05:10:51     all    5.79    0.00    0.25    0.00    0.00    0.25    0.00    0.00    0.00   93.70
05:10:52     all    6.27    0.00    0.25    0.00    0.00    0.25    0.00    0.00    0.00   93.23
05:10:53     all    6.27    0.00    0.75    0.00    0.00    0.50    0.00    0.00    0.00   92.48
05:10:54     all    6.03    0.00    0.00    0.00    0.00    0.25    0.00    0.00    0.00   93.72
05:10:55     all    6.00    0.00    0.50    0.00    0.00    0.75    0.00    0.00    0.00   92.75
05:10:56     all    6.57    0.00    0.25    0.00    0.00    0.00    0.00    0.00    0.00   93.18
05:10:57     all    6.50    0.00    0.50    0.00    0.00    0.25    0.00    0.00    0.00   92.75
05:10:58     all    6.78    0.00    0.25    0.00    0.00    0.50    0.00    0.00    0.00   92.46
05:10:59     all    6.30    0.00    0.25    0.00    0.00    0.25    0.00    0.00    0.00   93.20
05:11:00     all    6.77    0.00    0.25    0.00    0.00    0.25    0.00    0.00    0.00   92.73
05:11:01     all    6.52    0.00    0.50    0.00    0.00    0.50    0.00    0.00    0.00   92.48
05:11:02     all    7.27    0.00    0.25    0.00    0.00    0.25    0.00    0.00    0.00   92.23
05:11:03     all    6.78    0.00    0.25    0.25    0.00    0.25    0.00    0.00    0.00   92.46
05:11:04     all    6.03    0.00    0.25    0.00    0.00    0.25    0.00    0.00    0.00   93.47
05:11:05     all    6.27    0.00    0.50    0.00    0.00    0.25    0.00    0.00    0.00   92.98
05:11:06     all    6.27    0.00    0.25    0.00    0.00    0.25    0.00    0.00    0.00   93.23
05:11:07     all    6.27    0.00    0.25    0.00    0.00    0.75    0.00    0.00    0.00   92.73
05:11:08     all    6.50    0.00    0.50    0.00    0.00    0.00    0.00    0.00    0.00   93.00
05:11:09     all    6.47    0.00    0.75    0.25    0.00    0.50    0.00    0.00    0.00   92.04
05:11:10     all    6.25    0.00    0.50    0.00    0.00    0.25    0.00    0.00    0.00   93.00
05:11:11     all    6.30    0.00    0.00    0.00    0.00    0.25    0.00    0.00    0.00   93.45
05:11:12     all    5.78    0.00    0.50    0.00    0.00    0.25    0.00    0.00    0.00   93.47
05:11:13     all    6.25    0.00    0.75    0.00    0.00    0.00    0.00    0.00    0.00   93.00
05:11:14     all    6.06    0.00    0.25    0.00    0.00    0.25    0.00    0.00    0.00   93.43
05:11:15     all    6.28    0.00    0.25    0.00    0.00    0.25    0.00    0.00    0.00   93.22
05:11:16     all    6.30    0.00    0.25    0.00    0.00    0.00    0.00    0.00    0.00   93.45
05:11:17     all    6.72    0.00    0.75    0.00    0.00    0.25    0.00    0.00    0.00   92.29
05:11:18     all    6.57    0.00    0.25    0.00    0.00    0.25    0.00    0.00    0.00   92.93
05:11:19     all    6.23    0.00    0.25    0.25    0.00    0.50    0.00    0.00    0.00   92.77
05:11:20     all    6.78    0.00    0.25    0.00    0.00    0.25    0.00    0.00    0.00   92.71
05:11:21     all    5.99    0.00    0.50    0.00    0.00    0.50    0.00    0.00    0.00   93.02
05:11:22     all    6.03    0.00    0.50    0.00    0.00    0.75    0.00    0.00    0.00   92.71
05:11:23     all    6.03    0.00    0.25    0.00    0.00    0.25    0.00    0.00    0.00   93.47
05:11:24     all    6.50    0.00    0.25    0.00    0.00    0.50    0.00    0.00    0.00   92.75
05:11:25     all    6.50    0.00    0.50    0.00    0.00    0.50    0.00    0.00    0.00   92.50
05:11:26     all    6.27    0.00    0.25    0.00    0.00    0.25    0.00    0.00    0.00   93.23
05:11:27     all    6.02    0.00    0.25    0.25    0.00    0.50    0.00    0.00    0.00   92.98
05:11:28     all    6.28    0.00    0.50    0.00    0.00    0.25    0.00    0.00    0.00   92.96
05:11:29     all    6.00    0.00    0.25    0.25    0.00    0.50    0.00    0.00    0.00   93.00
05:11:30     all    5.76    0.00    0.50    0.00    0.00    0.25    0.00    0.00    0.00   93.48
05:11:31     all    6.05    0.00    0.25    0.00    0.00    0.25    0.00    0.00    0.00   93.45
05:11:32     all    7.02    0.00    1.50    0.00    0.00    0.50    0.00    0.00    0.00   90.98
05:11:33     all    6.27    0.00    0.50    0.25    0.00    0.25    0.00    0.00    0.00   92.73
05:11:34     all    6.50    0.00    0.75    0.25    0.00    0.50    0.00    0.00    0.00   92.00
05:11:35     all    6.27    0.00    0.50    0.00    0.00    0.00    0.00    0.00    0.00   93.23
05:11:36     all    6.03    0.00    0.50    0.00    0.00    0.25    0.00    0.00    0.00   93.22
05:11:37     all    6.78    0.00    0.25    0.50    0.00    0.25    0.00    0.00    0.00   92.21
05:11:38     all    6.28    0.00    0.00    0.00    0.00    0.25    0.00    0.00    0.00   93.47
05:11:39     all    6.53    0.00    0.50    0.00    0.00    0.50    0.00    0.00    0.00   92.46
05:11:40     all    6.55    0.00    0.00    0.00    0.00    0.25    0.00    0.00    0.00   93.20
05:11:41     all    6.02    0.00    0.75    0.00    0.00    0.25    0.00    0.00    0.00   92.98
05:11:42     all    6.53    0.00    0.25    0.00    0.00    0.25    0.00    0.00    0.00   92.96
05:11:43     all    6.53    0.00    0.50    0.25    0.00    0.50    0.00    0.00    0.00   92.21
05:11:44     all    6.53    0.00    0.50    0.00    0.00    0.25    0.00    0.00    0.00   92.71
05:11:45     all    6.72    0.00    0.50    0.00    0.00    0.50    0.00    0.00    0.00   92.29
05:11:46     all    6.30    0.00    0.00    0.00    0.00    0.50    0.00    0.00    0.00   93.20
05:11:47     all    6.05    0.00    0.25    0.00    0.00    0.25    0.00    0.00    0.00   93.45
05:11:48     all    6.27    0.00    0.75    0.25    0.00    0.25    0.00    0.00    0.00   92.48
05:11:49     all    6.27    0.00    0.50    0.00    0.00    0.50    0.00    0.00    0.00   92.73
05:11:50     all    6.52    0.00    0.25    0.00    0.00    0.25    0.00    0.00    0.00   92.98
05:11:51     all    6.33    0.00    0.25    0.00    0.00    0.25    0.00    0.00    0.00   93.16
05:11:52     all    6.97    0.00    0.50    0.00    0.00    0.75    0.00    0.00    0.00   91.79
05:11:53     all    6.52    0.00    0.50    0.25    0.00    0.25    0.00    0.00    0.00   92.48
05:11:54     all    6.28    0.00    0.50    0.00    0.00    0.25    0.00    0.00    0.00   92.96
05:11:55     all    6.75    0.00    0.50    0.00    0.00    0.50    0.00    0.00    0.00   92.25
05:11:56     all    6.03    0.00    0.25    0.00    0.00    0.50    0.00    0.00    0.00   93.22
05:11:57     all    6.52    0.00    0.50    0.50    0.00    0.25    0.00    0.00    0.00   92.23
05:11:58     all    7.04    0.00    0.50    0.00    0.00    0.25    0.00    0.00    0.00   92.21
05:11:59     all    6.50    0.00    0.75    0.00    0.00    0.50    0.00    0.00    0.00   92.25
05:12:00     all    6.06    0.00    0.25    0.00    0.00    0.25    0.00    0.00    0.00   93.43
05:12:01     all    6.30    0.00    0.50    0.00    0.00    0.25    0.00    0.00    0.00   92.95
05:12:02     all    6.80    0.00    0.25    0.00    0.00    0.25    0.00    0.00    0.00   92.70
05:12:03     all    6.23    0.00    0.50    0.00    0.00    0.75    0.00    0.00    0.00   92.52
05:12:04     all    6.77    0.00    0.25    0.00    0.00    0.50    0.00    0.00    0.00   92.48
05:12:05     all    5.79    0.00    0.76    0.00    0.00    0.25    0.00    0.00    0.00   93.20
05:12:06     all    6.78    0.00    0.25    0.25    0.00    0.25    0.00    0.00    0.00   92.46
05:12:07     all    6.27    0.00    0.25    0.00    0.00    0.25    0.00    0.00    0.00   93.23
05:12:08     all    6.78    0.00    0.25    0.00    0.00    0.25    0.00    0.00    0.00   92.71
05:12:09     all    6.06    0.00    0.51    0.00    0.00    0.51    0.00    0.00    0.00   92.93
05:12:10     all    6.53    0.00    0.50    0.00    0.00    0.00    0.00    0.00    0.00   92.96
05:12:11     all    6.73    0.00    0.50    0.00    0.00    0.25    0.00    0.00    0.00   92.52
05:12:12     all    6.55    0.00    0.25    0.00    0.00    0.25    0.00    0.00    0.00   92.95
05:12:13     all    6.28    0.00    0.50    0.00    0.00    0.25    0.00    0.00    0.00   92.96
05:12:14     all    6.23    0.00    0.50    0.50    0.00    0.50    0.00    0.00    0.00   92.27
05:12:15     all    6.52    0.00    0.75    0.00    0.00    0.50    0.00    0.00    0.00   92.23
05:12:16     all    6.30    0.00    0.25    0.00    0.00    0.25    0.00    0.00    0.00   93.20
05:12:17     all    6.78    0.00    0.25    0.00    0.00    0.00    0.00    0.00    0.00   92.96
05:12:18     all    6.55    0.00    0.50    0.00    0.00    0.25    0.00    0.00    0.00   92.70
05:12:19     all    6.03    0.00    0.50    0.25    0.00    0.00    0.00    0.00    0.00   93.22
05:12:20     all    6.27    0.00    0.75    0.00    0.00    0.50    0.00    0.00    0.00   92.48
05:12:21     all    6.55    0.00    0.25    0.00    0.00    0.25    0.00    0.00    0.00   92.95
05:12:22     all    6.77    0.00    0.50    0.00    0.00    0.25    0.00    0.00    0.00   92.48
05:12:23     all    6.57    0.00    0.25    0.00    0.00    0.25    0.00    0.00    0.00   92.93
05:12:24     all    6.50    0.00    0.25    0.50    0.00    0.25    0.00    0.00    0.00   92.50
05:12:25     all    6.05    0.00    0.50    0.00    0.00    0.25    0.00    0.00    0.00   93.20
05:12:26     all    6.47    0.00    0.75    0.00    0.00    0.75    0.00    0.00    0.00   92.04
05:12:27     all    6.57    0.00    0.00    0.00    0.00    0.76    0.00    0.00    0.00   92.68
05:12:28     all    6.53    0.00    0.50    0.00    0.00    0.25    0.00    0.00    0.00   92.71
05:12:29     all    6.73    0.00    0.25    0.00    0.00    0.25    0.00    0.00    0.00   92.77
05:12:30     all    5.82    0.00    0.51    0.00    0.00    0.25    0.00    0.00    0.00   93.42
05:12:31     all    6.53    0.00    0.50    0.00    0.00    0.00    0.00    0.00    0.00   92.96
05:12:32     all    6.55    0.00    1.01    0.00    0.00    0.50    0.00    0.00    0.00   91.94
05:12:33     all    6.52    0.00    0.50    0.00    0.00    0.50    0.00    0.00    0.00   92.48
05:12:34     all    6.00    0.00    0.75    0.00    0.00    0.25    0.00    0.00    0.00   93.00
05:12:35     all    6.78    0.00    0.25    0.25    0.00    0.25    0.00    0.00    0.00   92.46
05:12:36     all    6.80    0.00    0.25    0.00    0.00    0.25    0.00    0.00    0.00   92.70
05:12:37     all    6.50    0.00    0.50    0.00    0.00    0.50    0.00    0.00    0.00   92.50
05:12:38     all    6.28    0.00    0.25    0.00    0.00    0.50    0.00    0.00    0.00   92.96
05:12:39     all    6.03    0.00    0.75    0.00    0.00    0.00    0.00    0.00    0.00   93.22
05:12:40     all    7.04    0.00    0.25    0.00    0.00    0.50    0.00    0.00    0.00   92.21
05:12:41     all    6.28    0.00    0.25    0.00    0.00    0.50    0.00    0.00    0.00   92.96
05:12:42     all    6.75    0.00    0.25    0.00    0.00    0.25    0.00    0.00    0.00   92.75
05:12:43     all    6.02    0.00    0.75    0.00    0.00    0.25    0.00    0.00    0.00   92.98
05:12:44     all    6.02    0.00    0.50    0.00    0.00    0.75    0.00    0.00    0.00   92.73
05:12:45     all    6.52    0.00    0.75    0.00    0.00    0.25    0.00    0.00    0.00   92.48
05:12:46     all    6.53    0.00    0.25    0.00    0.00    0.50    0.00    0.00    0.00   92.71
05:12:47     all    6.25    0.00    0.50    0.00    0.00    0.50    0.00    0.00    0.00   92.75
05:12:48     all    6.50    0.00    0.50    0.00    0.00    0.25    0.00    0.00    0.00   92.75
05:12:49     all    6.28    0.00    0.25    0.25    0.00    0.25    0.00    0.00    0.00   92.96
05:12:50     all    6.53    0.00    0.00    0.00    0.00    0.25    0.00    0.00    0.00   93.22
05:12:51     all    6.55    0.00    0.50    0.00    0.00    0.25    0.00    0.00    0.00   92.70
05:12:52     all    6.52    0.00    0.25    0.00    0.00    0.50    0.00    0.00    0.00   92.73
05:12:53     all    6.28    0.00    0.50    0.00    0.00    0.25    0.00    0.00    0.00   92.96
05:12:54     all    5.81    0.00    0.51    0.00    0.00    0.00    0.00    0.00    0.00   93.69
05:12:55     all    6.27    0.00    0.25    0.00    0.00    0.25    0.00    0.00    0.00   93.23
05:12:56     all    6.02    0.00    0.50    0.00    0.00    0.50    0.00    0.00    0.00   92.98
05:12:57     all    5.82    0.00    0.25    0.25    0.00    0.25    0.00    0.00    0.00   93.42
05:12:58     all    6.77    0.00    0.25    0.00    0.00    0.50    0.00    0.00    0.00   92.48
05:12:59     all    6.03    0.00    0.50    0.00    0.00    0.25    0.00    0.00    0.00   93.22
05:13:00     all    6.50    0.00    0.50    0.00    0.00    0.25    0.00    0.00    0.00   92.75
05:13:01     all    5.56    0.00    0.51    0.00    0.00    0.00    0.00    0.00    0.00   93.94
05:13:02     all    6.57    0.00    0.00    0.00    0.00    0.25    0.00    0.00    0.00   93.18
05:13:03     all    6.27    0.00    0.50    0.25    0.00    0.25    0.00    0.00    0.00   92.73
05:13:04     all    6.25    0.00    0.50    0.00    0.00    0.50    0.00    0.00    0.00   92.75
05:13:05     all    5.79    0.00    0.50    0.00    0.00    0.50    0.00    0.00    0.00   93.20
05:13:06     all    6.48    0.00    0.75    0.00    0.00    0.00    0.00    0.00    0.00   92.77
05:13:07     all    6.31    0.00    0.25    0.00    0.00    0.25    0.00    0.00    0.00   93.18
05:13:08     all    6.75    0.00    0.25    0.00    0.00    0.25    0.00    0.00    0.00   92.75
05:13:09     all    6.48    0.00    0.75    0.00    0.00    0.75    0.00    0.00    0.00   92.02
05:13:10     all    6.53    0.00    0.25    0.00    0.00    0.00    0.00    0.00    0.00   93.22
05:13:11     all    6.30    0.00    0.25    0.00    0.00    0.50    0.00    0.00    0.00   92.95
05:13:12     all    6.50    0.00    0.75    0.00    0.00    0.25    0.00    0.00    0.00   92.50
05:13:13     all    6.31    0.00    0.25    0.00    0.00    0.00    0.00    0.00    0.00   93.43
05:13:14     all    6.25    0.00    0.75    0.50    0.00    0.25    0.00    0.00    0.00   92.25
05:13:15     all    6.78    0.00    0.50    0.00    0.00    0.25    0.00    0.00    0.00   92.46
05:13:16     all    6.02    0.00    0.50    0.00    0.00    0.50    0.00    0.00    0.00   92.98
05:13:17     all    6.30    0.00    0.50    0.00    0.00    0.25    0.00    0.00    0.00   92.95
05:13:18     all    6.55    0.00    0.25    0.00    0.00    0.25    0.00    0.00    0.00   92.95
05:13:19     all    6.78    0.00    0.25    0.00    0.00    0.00    0.00    0.00    0.00   92.96
05:13:20     all    6.28    0.00    0.50    0.00    0.00    0.25    0.00    0.00    0.00   92.96
05:13:21     all    6.28    0.00    0.25    0.00    0.00    0.25    0.00    0.00    0.00   93.22
05:13:22     all    6.82    0.00    0.25    0.00    0.00    0.00    0.00    0.00    0.00   92.93
05:13:23     all    6.78    0.00    0.50    0.00    0.00    0.25    0.00    0.00    0.00   92.46
05:13:24     all    6.52    0.00    0.50    0.00    0.00    0.00    0.00    0.00    0.00   92.98
05:13:25     all    6.31    0.00    0.25    0.25    0.00    0.25    0.00    0.00    0.00   92.93
05:13:26     all    6.78    0.00    0.25    0.00    0.00    0.00    0.00    0.00    0.00   92.96
05:13:27     all    6.30    0.00    0.50    0.00    0.00    0.25    0.00    0.00    0.00   92.95
05:13:28     all    5.79    0.00    0.25    0.00    0.00    0.25    0.00    0.00    0.00   93.70
05:13:29     all    6.50    0.00    0.75    0.00    0.00    0.50    0.00    0.00    0.00   92.25
05:13:30     all    6.77    0.00    0.25    0.00    0.00    0.25    0.00    0.00    0.00   92.73
05:13:31     all    6.27    0.00    0.50    0.25    0.00    0.25    0.00    0.00    0.00   92.73
05:13:32     all    6.33    0.00    1.01    0.00    0.00    0.25    0.00    0.00    0.00   92.41
05:13:33     all    6.98    0.00    0.50    0.00    0.00    0.50    0.00    0.00    0.00   92.02
05:13:34     all    6.30    0.00    0.50    0.00    0.00    0.00    0.00    0.00    0.00   93.20
05:13:35     all    6.77    0.00    0.25    0.00    0.00    0.25    0.00    0.00    0.00   92.73
05:13:36     all    6.31    0.00    0.25    0.00    0.00    0.25    0.00    0.00    0.00   93.18
05:13:37     all    6.75    0.00    0.50    0.00    0.00    0.25    0.00    0.00    0.00   92.50
05:13:38     all    6.30    0.00    0.25    0.00    0.00    0.00    0.00    0.00    0.00   93.45
05:13:39     all    6.28    0.00    0.50    0.00    0.00    0.50    0.00    0.00    0.00   92.71
05:13:40     all    6.52    0.00    0.50    0.00    0.00    0.50    0.00    0.00    0.00   92.48
05:13:41     all    6.30    0.00    0.50    0.00    0.00    0.25    0.00    0.00    0.00   92.95
05:13:42     all    6.30    0.00    0.25    0.00    0.00    0.00    0.00    0.00    0.00   93.45
05:13:43     all    6.75    0.00    0.00    0.25    0.00    0.50    0.00    0.00    0.00   92.50
05:13:44     all    6.80    0.00    0.50    0.00    0.00    0.00    0.00    0.00    0.00   92.70
05:13:45     all    7.05    0.00    0.25    0.00    0.00    0.25    0.00    0.00    0.00   92.44
05:13:46     all    6.77    0.00    0.25    0.00    0.00    0.25    0.00    0.00    0.00   92.73
05:13:47     all    6.78    0.00    0.50    0.00    0.00    0.00    0.00    0.00    0.00   92.71
05:13:48     all    6.80    0.00    0.50    0.25    0.00    0.00    0.00    0.00    0.00   92.44
05:13:49     all    7.04    0.00    0.25    0.00    0.00    0.25    0.00    0.00    0.00   92.46
05:13:50     all    6.53    0.00    0.25    0.00    0.00    0.25    0.00    0.00    0.00   92.96
05:13:51     all    6.95    0.00    1.24    0.00    0.00    0.50    0.00    0.00    0.00   91.32
05:13:52     all    6.78    0.00    0.00    0.00    0.00    0.50    0.00    0.00    0.00   92.71
05:13:53     all    6.78    0.00    0.50    0.25    0.00    0.25    0.00    0.00    0.00   92.21
05:13:54     all    6.75    0.00    0.25    0.00    0.00    0.25    0.00    0.00    0.00   92.75
05:13:55     all    6.53    0.00    0.25    0.00    0.00    0.25    0.00    0.00    0.00   92.96
05:13:56     all    6.52    0.00    0.50    0.00    0.00    0.00    0.00    0.00    0.00   92.98
05:13:57     all    7.02    0.00    0.25    0.00    0.00    0.50    0.00    0.00    0.00   92.23
05:13:58     all    6.52    0.00    0.50    0.50    0.00    0.25    0.00    0.00    0.00   92.23
05:13:59     all    6.80    0.00    0.00    0.00    0.00    0.25    0.00    0.00    0.00   92.95
05:14:00     all    7.54    0.00    0.50    0.00    0.00    0.25    0.00    0.00    0.00   91.71
05:14:01     all    7.27    0.00    0.50    0.00    0.00    0.25    0.00    0.00    0.00   91.98
05:14:02     all    7.04    0.00    0.25    0.00    0.00    0.25    0.00    0.00    0.00   92.46
05:14:03     all    7.07    0.00    0.25    0.00    0.00    0.00    0.00    0.00    0.00   92.68
05:14:04     all    6.78    0.00    0.25    0.00    0.00    0.25    0.00    0.00    0.00   92.71
05:14:05     all    6.52    0.00    0.75    0.00    0.00    0.25    0.00    0.00    0.00   92.48
05:14:06     all    6.53    0.00    0.25    0.00    0.00    0.25    0.00    0.00    0.00   92.96
05:14:07     all    6.53    0.00    0.25    0.00    0.00    0.25    0.00    0.00    0.00   92.96
05:14:08     all    6.77    0.00    0.50    0.25    0.00    0.50    0.00    0.00    0.00   91.98
05:14:09     all    6.77    0.00    0.50    0.00    0.00    0.50    0.00    0.00    0.00   92.23
05:14:10     all    7.21    0.00    0.75    0.00    0.00    0.50    0.00    0.00    0.00   91.54
05:14:11     all    7.07    0.00    0.25    0.00    0.00    0.25    0.00    0.00    0.00   92.42
05:14:12     all    6.78    0.00    0.50    0.00    0.00    0.00    0.00    0.00    0.00   92.71
05:14:13     all    6.48    0.00    0.75    0.00    0.00    0.50    0.00    0.00    0.00   92.27
05:14:14     all    6.57    0.00    0.25    0.25    0.00    0.25    0.00    0.00    0.00   92.68
05:14:15     all    6.98    0.00    0.25    0.00    0.00    0.50    0.00    0.00    0.00   92.27
05:14:16     all    6.35    0.00    0.00    0.00    0.00    0.00    0.00    0.00    0.00   93.65
05:14:17     all    7.50    0.00    0.50    0.00    0.00    0.25    0.00    0.00    0.00   91.75
05:14:18     all    7.27    0.00    0.25    0.00    0.00    0.25    0.00    0.00    0.00   92.23
05:14:19     all    6.05    0.00    0.25    0.25    0.00    0.25    0.00    0.00    0.00   93.20
05:14:20     all    7.00    0.00    0.25    0.00    0.00    0.25    0.00    0.00    0.00   92.50
05:14:21     all    6.77    0.00    0.75    0.00    0.00    0.00    0.00    0.00    0.00   92.48
05:14:22     all    6.52    0.00    0.25    0.00    0.00    0.50    0.00    0.00    0.00   92.73
05:14:23     all    6.53    0.00    0.25    0.00    0.00    0.25    0.00    0.00    0.00   92.96
05:14:24     all    6.25    0.00    0.75    0.25    0.00    0.25    0.00    0.00    0.00   92.50
05:14:25     all    6.30    0.00    0.25    0.00    0.00    0.00    0.00    0.00    0.00   93.45
05:14:26     all    6.73    0.00    0.50    0.00    0.00    0.50    0.00    0.00    0.00   92.27
05:14:27     all    6.55    0.00    0.25    0.00    0.00    0.25    0.00    0.00    0.00   92.95
05:14:28     all    7.00    0.00    0.50    0.00    0.00    0.25    0.00    0.00    0.00   92.25
05:14:29     all    6.31    0.00    0.25    0.25    0.00    0.25    0.00    0.00    0.00   92.93
05:14:30     all    6.53    0.00    0.00    0.00    0.00    0.25    0.00    0.00    0.00   93.22
05:14:31     all    6.52    0.00    0.25    0.00    0.00    0.25    0.00    0.00    0.00   92.98
05:14:32     all    6.27    0.00    1.00    0.00    0.00    0.50    0.00    0.00    0.00   92.23
05:14:33     all    6.48    0.00    0.75    0.25    0.00    0.75    0.00    0.00    0.00   91.77
05:14:34     all    6.52    0.00    0.25    0.00    0.00    0.25    0.00    0.00    0.00   92.98
05:14:35     all    6.31    0.00    0.25    0.00    0.00    0.25    0.00    0.00    0.00   93.18
05:14:36     all    6.98    0.00    0.25    0.00    0.00    0.25    0.00    0.00    0.00   92.52
05:14:37     all    6.30    0.00    0.25    0.00    0.00    0.25    0.00    0.00    0.00   93.20
05:14:38     all    6.53    0.00    0.25    0.00    0.00    0.25    0.00    0.00    0.00   92.96
05:14:39     all    6.97    0.00    0.75    0.00    0.00    0.25    0.00    0.00    0.00   92.04
05:14:40     all    6.82    0.00    0.25    0.00    0.00    0.51    0.00    0.00    0.00   92.42
05:14:41     all    6.73    0.00    0.75    0.00    0.00    0.25    0.00    0.00    0.00   92.27
05:14:42     all    5.79    0.00    0.25    0.00    0.00    0.25    0.00    0.00    0.00   93.70
05:14:43     all    6.05    0.00    0.25    0.00    0.00    0.25    0.00    0.00    0.00   93.45
05:14:44     all    6.25    0.00    0.25    0.00    0.00    0.50    0.00    0.00    0.00   93.00
05:14:45     all    6.27    0.00    0.50    0.25    0.00    0.25    0.00    0.00    0.00   92.73
05:14:46     all    6.52    0.00    0.25    0.00    0.00    0.25    0.00    0.00    0.00   92.98
05:14:47     all    6.06    0.00    0.25    0.00    0.00    0.25    0.00    0.00    0.00   93.43
05:14:48     all    6.02    0.00    0.75    0.00    0.00    0.50    0.00    0.00    0.00   92.73
05:14:49     all    6.75    0.00    0.50    0.00    0.00    0.25    0.00    0.00    0.00   92.50
05:14:50     all    5.81    0.00    0.25    0.00    0.00    0.25    0.00    0.00    0.00   93.69
05:14:51     all    6.27    0.00    0.50    0.00    0.00    0.50    0.00    0.00    0.00   92.73
05:14:52     all    6.50    0.00    0.50    0.00    0.00    0.50    0.00    0.00    0.00   92.50
05:14:53     all    6.06    0.00    0.25    0.00    0.00    0.25    0.00    0.00    0.00   93.43
05:14:54     all    6.02    0.00    0.25    0.00    0.00    0.50    0.00    0.00    0.00   93.23
05:14:55     all    6.23    0.00    1.00    0.00    0.00    0.00    0.00    0.00    0.00   92.77
05:14:56     all    6.00    0.00    0.50    0.25    0.00    0.50    0.00    0.00    0.00   92.75
05:14:57     all    6.53    0.00    0.25    0.00    0.00    0.25    0.00    0.00    0.00   92.96
05:14:58     all    6.25    0.00    0.50    0.00    0.00    0.25    0.00    0.00    0.00   93.00
05:14:59     all    6.03    0.00    0.25    0.00    0.00    0.50    0.00    0.00    0.00   93.22
05:15:00     all    6.28    0.00    0.25    0.00    0.00    0.25    0.00    0.00    0.00   93.22
05:15:01     all    6.27    0.00    0.25    0.00    0.00    0.25    0.00    0.00    0.00   93.23
05:15:02     all    6.53    0.00    0.50    0.50    0.00    0.25    0.00    0.00    0.00   92.21
05:15:03     all    6.53    0.00    0.25    0.00    0.00    0.00    0.00    0.00    0.00   93.22
05:15:04     all    5.79    0.00    0.25    0.00    0.00    0.25    0.00    0.00    0.00   93.70
05:15:05     all    6.27    0.00    0.50    0.00    0.00    0.25    0.00    0.00    0.00   92.98
05:15:06     all    5.79    0.00    0.25    0.00    0.00    0.50    0.00    0.00    0.00   93.45
05:15:07     all    6.50    0.00    0.25    0.25    0.00    0.25    0.00    0.00    0.00   92.75
05:15:08     all    6.50    0.00    0.50    0.00    0.00    0.50    0.00    0.00    0.00   92.50
05:15:09     all    6.05    0.00    0.25    0.00    0.00    0.25    0.00    0.00    0.00   93.45
05:15:10     all    6.48    0.00    0.50    0.00    0.00    0.50    0.00    0.00    0.00   92.52
05:15:11     all    6.27    0.00    0.50    0.00    0.00    0.00    0.00    0.00    0.00   93.23
05:15:12     all    6.30    0.00    0.25    0.00    0.00    0.25    0.00    0.00    0.00   93.20
05:15:13     all    6.50    0.00    0.50    0.25    0.00    0.25    0.00    0.00    0.00   92.50
05:15:14     all    6.02    0.00    0.25    0.00    0.00    0.25    0.00    0.00    0.00   93.48
05:15:15     all    6.05    0.00    0.25    0.00    0.00    0.25    0.00    0.00    0.00   93.45
05:15:16     all    6.55    0.00    0.00    0.00    0.00    0.25    0.00    0.00    0.00   93.20
05:15:17     all    6.25    0.00    0.50    0.00    0.00    0.25    0.00    0.00    0.00   93.00
05:15:18     all    5.78    0.00    0.75    0.00    0.00    0.25    0.00    0.00    0.00   93.22
05:15:19     all    6.55    0.00    0.00    0.00    0.00    0.25    0.00    0.00    0.00   93.20
05:15:20     all    6.25    0.00    0.25    0.00    0.00    0.50    0.00    0.00    0.00   93.00
05:15:21     all    5.76    0.00    0.75    0.00    0.00    0.25    0.00    0.00    0.00   93.23
05:15:22     all    6.27    0.00    0.25    0.00    0.00    0.25    0.00    0.00    0.00   93.23
05:15:23     all    6.25    0.00    0.25    0.50    0.00    0.50    0.00    0.00    0.00   92.50
05:15:24     all    5.78    0.00    0.25    0.00    0.00    0.25    0.00    0.00    0.00   93.72
05:15:25     all    5.57    0.00    0.51    0.00    0.00    0.25    0.00    0.00    0.00   93.67
05:15:26     all    6.47    0.00    0.50    0.00    0.00    0.50    0.00    0.00    0.00   92.54
05:15:27     all    6.30    0.00    0.25    0.00    0.00    0.00    0.00    0.00    0.00   93.45
05:15:28     all    6.00    0.00    0.75    0.00    0.00    0.50    0.00    0.00    0.00   92.75
05:15:29     all    6.02    0.00    0.25    0.00    0.00    0.50    0.00    0.00    0.00   93.23
05:15:30     all    5.54    0.00    0.25    0.00    0.00    0.25    0.00    0.00    0.00   93.95
05:15:31     all    6.27    0.00    0.50    0.00    0.00    0.25    0.00    0.00    0.00   92.98
05:15:32     all    6.98    0.00    1.00    0.00    0.00    0.50    0.00    0.00    0.00   91.52
05:15:33     all    6.25    0.00    0.75    0.25    0.00    0.25    0.00    0.00    0.00   92.50
05:15:34     all    6.25    0.00    0.25    0.00    0.00    0.75    0.00    0.00    0.00   92.75
05:15:35     all    6.27    0.00    0.50    0.00    0.00    0.25    0.00    0.00    0.00   92.98
05:15:36     all    6.30    0.00    0.25    0.00    0.00    0.00    0.00    0.00    0.00   93.45
05:15:37     all    6.52    0.00    0.50    0.00    0.00    0.50    0.00    0.00    0.00   92.48
05:15:38     all    6.27    0.00    0.25    0.00    0.00    0.50    0.00    0.00    0.00   92.98
05:15:39     all    6.47    0.00    0.50    0.50    0.00    0.25    0.00    0.00    0.00   92.29
05:15:40     all    6.52    0.00    0.25    0.00    0.00    0.50    0.00    0.00    0.00   92.73
05:15:41     all    6.02    0.00    0.75    0.00    0.00    0.25    0.00    0.00    0.00   92.98
05:15:42     all    6.47    0.00    0.25    0.00    0.00    0.50    0.00    0.00    0.00   92.79
05:15:43     all    6.31    0.00    0.25    0.00    0.00    0.25    0.00    0.00    0.00   93.18
05:15:44     all    5.79    0.00    0.50    0.00    0.00    0.25    0.00    0.00    0.00   93.45
05:15:45     all    6.20    0.00    0.74    0.25    0.00    0.50    0.00    0.00    0.00   92.31
05:15:46     all    6.06    0.00    0.51    0.00    0.00    0.25    0.00    0.00    0.00   93.18
05:15:47     all    6.70    0.00    0.50    0.00    0.00    0.74    0.00    0.00    0.00   92.06
05:15:48     all    6.27    0.00    0.25    0.00    0.00    0.25    0.00    0.00    0.00   93.23
05:15:49     all    6.31    0.00    0.25    0.00    0.00    0.25    0.00    0.00    0.00   93.18
05:15:50     all    6.27    0.00    0.25    0.00    0.00    0.25    0.00    0.00    0.00   93.23
05:15:51     all    6.48    0.00    0.50    0.00    0.00    0.75    0.00    0.00    0.00   92.27
05:15:52     all    6.50    0.00    0.75    0.00    0.00    0.25    0.00    0.00    0.00   92.50
05:15:53     all    6.25    0.00    0.25    0.00    0.00    0.50    0.00    0.00    0.00   93.00
05:15:54     all    6.50    0.00    0.50    0.00    0.00    0.25    0.00    0.00    0.00   92.75
05:15:55     all    5.76    0.00    0.25    0.25    0.00    0.75    0.00    0.00    0.00   92.98
05:15:56     all    5.53    0.00    0.50    0.00    0.00    0.25    0.00    0.00    0.00   93.72
05:15:57     all    6.50    0.00    0.25    0.00    0.00    0.50    0.00    0.00    0.00   92.75
05:15:58     all    6.58    0.00    0.25    0.00    0.00    0.00    0.00    0.00    0.00   93.16
05:15:59     all    6.28    0.00    0.25    0.00    0.00    0.25    0.00    0.00    0.00   93.22
05:16:00     all    6.05    0.00    0.25    0.00    0.00    0.00    0.00    0.00    0.00   93.70
05:16:01     all    6.52    0.00    0.25    0.00    0.00    0.25    0.00    0.00    0.00   92.98
05:16:02     all    6.31    0.00    0.51    0.00    0.00    0.00    0.00    0.00    0.00   93.18
05:16:03     all    6.27    0.00    0.50    0.00    0.00    0.50    0.00    0.00    0.00   92.73
05:16:04     all    6.53    0.00    0.50    0.00    0.00    0.50    0.00    0.00    0.00   92.46
05:16:05     all    6.30    0.00    0.00    0.00    0.00    0.25    0.00    0.00    0.00   93.45
05:16:06     all    6.30    0.00    0.25    0.00    0.00    0.00    0.00    0.00    0.00   93.45
05:16:07     all    6.78    0.00    0.25    0.00    0.00    0.25    0.00    0.00    0.00   92.71
05:16:08     all    6.53    0.00    0.75    0.00    0.00    0.25    0.00    0.00    0.00   92.46
05:16:09     all    6.30    0.00    0.25    0.00    0.00    0.25    0.00    0.00    0.00   93.20
05:16:10     all    6.48    0.00    0.50    0.00    0.00    0.50    0.00    0.00    0.00   92.52
05:16:11     all    6.03    0.00    0.25    0.50    0.00    0.25    0.00    0.00    0.00   92.96
05:16:12     all    6.82    0.00    0.25    0.00    0.00    0.00    0.00    0.00    0.00   92.93
05:16:13     all    6.52    0.00    0.00    0.00    0.00    0.25    0.00    0.00    0.00   93.23
05:16:14     all    6.52    0.00    0.75    0.00    0.00    0.25    0.00    0.00    0.00   92.48
05:16:15     all    6.55    0.00    0.50    0.00    0.00    0.00    0.00    0.00    0.00   92.95
05:16:16     all    6.28    0.00    0.25    0.00    0.00    0.25    0.00    0.00    0.00   93.22
05:16:17     all    6.35    0.00    0.00    0.00    0.00    0.25    0.00    0.00    0.00   93.40
05:16:18     all    6.52    0.00    0.25    0.00    0.00    0.50    0.00    0.00    0.00   92.73
05:16:19     all    6.52    0.00    0.25    0.00    0.00    0.25    0.00    0.00    0.00   92.98
05:16:20     all    6.27    0.00    0.50    0.00    0.00    0.25    0.00    0.00    0.00   92.98
05:16:21     all    6.53    0.00    0.50    0.00    0.00    0.00    0.00    0.00    0.00   92.96
05:16:22     all    6.03    0.00    0.25    0.25    0.00    0.75    0.00    0.00    0.00   92.71
05:16:23     all    6.25    0.00    0.75    0.00    0.00    0.25    0.00    0.00    0.00   92.75
05:16:24     all    6.50    0.00    0.25    0.00    0.00    0.50    0.00    0.00    0.00   92.75
05:16:25     all    5.76    0.00    0.50    0.00    0.00    0.50    0.00    0.00    0.00   93.23
05:16:26     all    6.28    0.00    0.25    0.00    0.00    0.25    0.00    0.00    0.00   93.22
05:16:27     all    6.25    0.00    0.50    0.25    0.00    0.50    0.00    0.00    0.00   92.50
05:16:28     all    6.27    0.00    0.25    0.00    0.00    0.50    0.00    0.00    0.00   92.98
05:16:29     all    6.28    0.00    0.25    0.00    0.00    0.50    0.00    0.00    0.00   92.96
05:16:30     all    6.52    0.00    0.25    0.00    0.00    0.25    0.00    0.00    0.00   92.98
05:16:31     all    6.05    0.00    0.25    0.00    0.00    0.25    0.00    0.00    0.00   93.45
05:16:32     all    6.44    0.00    1.49    0.50    0.00    0.50    0.00    0.00    0.00   91.09
05:16:33     all    6.52    0.00    0.50    0.00    0.00    0.25    0.00    0.00    0.00   92.73
05:16:34     all    6.48    0.00    1.00    0.00    0.00    0.25    0.00    0.00    0.00   92.27
05:16:35     all    6.25    0.00    0.25    0.00    0.00    0.75    0.00    0.00    0.00   92.75
05:16:36     all    6.25    0.00    0.75    0.00    0.00    0.25    0.00    0.00    0.00   92.75
05:16:37     all    6.05    0.00    0.25    0.00    0.00    0.25    0.00    0.00    0.00   93.45
05:16:38     all    6.02    0.00    0.25    0.00    0.00    0.50    0.00    0.00    0.00   93.23
05:16:39     all    6.28    0.00    0.50    0.00    0.00    0.50    0.00    0.00    0.00   92.71
05:16:40     all    6.23    0.00    0.50    0.00    0.00    0.50    0.00    0.00    0.00   92.77
05:16:41     all    6.50    0.00    0.50    0.00    0.00    0.50    0.00    0.00    0.00   92.50
05:16:42     all    6.50    0.00    0.25    0.25    0.00    0.25    0.00    0.00    0.00   92.75
05:16:43     all    6.25    0.00    0.25    0.00    0.00    0.50    0.00    0.00    0.00   93.00
05:16:44     all    6.53    0.00    0.50    0.00    0.00    0.00    0.00    0.00    0.00   92.96
05:16:45     all    6.06    0.00    0.25    0.00    0.00    0.25    0.00    0.00    0.00   93.43
05:16:46     all    6.98    0.00    0.75    0.00    0.00    0.50    0.00    0.00    0.00   91.77
05:16:47     all    5.79    0.00    0.25    0.25    0.00    0.25    0.00    0.00    0.00   93.45
05:16:48     all    7.04    0.00    0.00    0.00    0.00    0.25    0.00    0.00    0.00   92.71
05:16:49     all    6.77    0.00    0.50    0.00    0.00    0.00    0.00    0.00    0.00   92.73
05:16:50     all    6.05    0.00    0.25    0.00    0.00    0.25    0.00    0.00    0.00   93.45
05:16:51     all    6.30    0.00    0.25    0.00    0.00    0.00    0.00    0.00    0.00   93.45
05:16:52     all    6.57    0.00    0.51    0.00    0.00    0.25    0.00    0.00    0.00   92.68
05:16:53     all    6.28    0.00    0.25    0.00    0.00    0.25    0.00    0.00    0.00   93.22
05:16:54     all    6.78    0.00    0.25    0.00    0.00    0.50    0.00    0.00    0.00   92.46
05:16:55     all    6.77    0.00    0.50    0.00    0.00    0.00    0.00    0.00    0.00   92.73
05:16:56     all    6.25    0.00    0.75    0.00    0.00    0.25    0.00    0.00    0.00   92.75
05:16:57     all    6.28    0.00    0.25    0.50    0.00    0.50    0.00    0.00    0.00   92.46
05:16:58     all    6.30    0.00    0.25    0.00    0.00    0.25    0.00    0.00    0.00   93.20
05:16:59     all    6.50    0.00    0.50    0.00    0.00    0.25    0.00    0.00    0.00   92.75
05:17:00     all    6.48    0.00    0.25    0.00    0.00    0.75    0.00    0.00    0.00   92.52
05:17:01     all    6.53    0.00    0.25    0.00    0.00    0.25    0.00    0.00    0.00   92.96
05:17:02     all    6.47    0.00    1.00    0.50    0.00    0.25    0.00    0.00    0.00   91.79
05:17:03     all    5.82    0.00    0.25    0.00    0.00    0.25    0.00    0.00    0.00   93.67
05:17:04     all    6.72    0.00    0.75    0.00    0.00    0.50    0.00    0.00    0.00   92.04
05:17:05     all    6.52    0.00    0.25    0.00    0.00    0.25    0.00    0.00    0.00   92.98
05:17:06     all    6.27    0.00    0.50    0.00    0.00    0.50    0.00    0.00    0.00   92.73
05:17:07     all    6.27    0.00    0.25    0.00    0.00    0.25    0.00    0.00    0.00   93.23
05:17:08     all    6.06    0.00    0.25    0.00    0.00    0.51    0.00    0.00    0.00   93.18
05:17:09     all    6.28    0.00    0.50    0.00    0.00    0.25    0.00    0.00    0.00   92.96
05:17:10     all    6.02    0.00    0.50    0.00    0.00    0.50    0.00    0.00    0.00   92.98
05:17:11     all    6.78    0.00    0.00    0.00    0.00    0.50    0.00    0.00    0.00   92.71
05:17:12     all    5.76    0.00    0.50    0.00    0.00    0.50    0.00    0.00    0.00   93.23
05:17:13     all    6.02    0.00    0.75    0.25    0.00    0.00    0.00    0.00    0.00   92.98
05:17:14     all    6.53    0.00    0.25    0.00    0.00    0.00    0.00    0.00    0.00   93.22
05:17:15     all    6.31    0.00    0.51    0.00    0.00    0.25    0.00    0.00    0.00   92.93
05:17:16     all    6.27    0.00    0.25    0.00    0.00    0.25    0.00    0.00    0.00   93.23
05:17:17     all    6.06    0.00    0.00    0.00    0.00    0.25    0.00    0.00    0.00   93.69
05:17:18     all    6.48    0.00    0.75    0.50    0.00    0.50    0.00    0.00    0.00   91.77
05:17:19     all    6.28    0.00    0.50    0.00    0.00    0.25    0.00    0.00    0.00   92.96
05:17:20     all    6.30    0.00    0.50    0.00    0.00    0.25    0.00    0.00    0.00   92.95
05:17:21     all    6.25    0.00    0.25    0.00    0.00    0.50    0.00    0.00    0.00   93.00
05:17:22     all    6.28    0.00    0.50    0.00    0.00    0.25    0.00    0.00    0.00   92.96
05:17:23     all    6.28    0.00    0.25    0.00    0.00    0.25    0.00    0.00    0.00   93.22
05:17:24     all    6.55    0.00    0.25    0.00    0.00    0.25    0.00    0.00    0.00   92.95
05:17:25     all    5.54    0.00    0.50    0.00    0.00    0.50    0.00    0.00    0.00   93.45
05:17:26     all    6.73    0.00    0.50    0.00    0.00    0.50    0.00    0.00    0.00   92.27
05:17:27     all    6.27    0.00    0.25    0.00    0.00    0.25    0.00    0.00    0.00   93.23
05:17:28     all    5.79    0.00    0.25    0.25    0.00    0.25    0.00    0.00    0.00   93.45
05:17:29     all    6.02    0.00    0.50    0.00    0.00    0.25    0.00    0.00    0.00   93.23
05:17:30     all    6.00    0.00    0.25    0.00    0.00    0.50    0.00    0.00    0.00   93.25
05:17:31     all    6.00    0.00    0.50    0.00    0.00    0.50    0.00    0.00    0.00   93.00
05:17:32     all    6.55    0.00    1.01    0.00    0.00    0.25    0.00    0.00    0.00   92.19
05:17:33     all    6.03    0.00    0.50    0.00    0.00    0.50    0.00    0.00    0.00   92.96
05:17:34     all    6.02    0.00    0.50    0.00    0.00    0.50    0.00    0.00    0.00   92.98
05:17:35     all    6.73    0.00    0.50    0.00    0.00    0.25    0.00    0.00    0.00   92.52
05:17:36     all    6.25    0.00    0.25    0.00    0.00    0.50    0.00    0.00    0.00   93.00
05:17:37     all    5.75    0.00    0.75    0.00    0.00    0.25    0.00    0.00    0.00   93.25
05:17:38     all    6.02    0.00    0.25    0.25    0.00    0.50    0.00    0.00    0.00   92.98
05:17:39     all    6.25    0.00    0.50    0.00    0.00    0.50    0.00    0.00    0.00   92.75
05:17:40     all    6.77    0.00    0.25    0.00    0.00    0.25    0.00    0.00    0.00   92.73
05:17:41     all    6.05    0.00    0.25    0.00    0.00    0.50    0.00    0.00    0.00   93.20
05:17:42     all    6.50    0.00    0.25    0.00    0.00    0.25    0.00    0.00    0.00   93.00
05:17:43     all    6.28    0.00    0.25    0.00    0.00    0.50    0.00    0.00    0.00   92.96
05:17:44     all    5.99    0.00    0.75    0.25    0.00    0.25    0.00    0.00    0.00   92.77
05:17:45     all    6.25    0.00    0.25    0.00    0.00    0.50    0.00    0.00    0.00   93.00
05:17:46     all    6.77    0.00    0.50    0.00    0.00    0.50    0.00    0.00    0.00   92.23
05:17:47     all    6.53    0.00    0.25    0.00    0.00    0.25    0.00    0.00    0.00   92.96
05:17:48     all    6.27    0.00    0.25    0.00    0.00    0.25    0.00    0.00    0.00   93.23
05:17:49     all    6.48    0.00    0.25    0.50    0.00    0.50    0.00    0.00    0.00   92.27
05:17:50     all    6.03    0.00    0.50    0.00    0.00    0.25    0.00    0.00    0.00   93.22
05:17:51     all    6.25    0.00    0.50    0.00    0.00    0.25    0.00    0.00    0.00   93.00
05:17:52     all    6.28    0.00    0.25    0.00    0.00    0.50    0.00    0.00    0.00   92.96
05:17:53     all    6.22    0.00    0.75    0.00    0.00    0.50    0.00    0.00    0.00   92.54
05:17:54     all    6.31    0.00    0.25    0.00    0.00    0.00    0.00    0.00    0.00   93.43
05:17:55     all    6.03    0.00    0.25    0.00    0.00    0.50    0.00    0.00    0.00   93.22
05:17:56     all    6.23    0.00    0.50    0.00    0.00    0.25    0.00    0.00    0.00   93.02
05:17:57     all    6.28    0.00    0.25    0.00    0.00    0.50    0.00    0.00    0.00   92.96
05:17:58     all    6.27    0.00    0.25    0.00    0.00    0.25    0.00    0.00    0.00   93.23
05:17:59     all    6.00    0.00    0.50    0.25    0.00    0.25    0.00    0.00    0.00   93.00
05:18:00     all    6.50    0.00    0.25    0.00    0.00    0.50    0.00    0.00    0.00   92.75
05:18:01     all    6.31    0.00    0.25    0.00    0.00    0.00    0.00    0.00    0.00   93.43
05:18:02     all    6.23    0.00    0.50    0.00    0.00    0.50    0.00    0.00    0.00   92.77
05:18:03     all    6.05    0.00    0.25    0.00    0.00    0.25    0.00    0.00    0.00   93.45
05:18:04     all    6.25    0.00    0.50    0.25    0.00    0.50    0.00    0.00    0.00   92.50
05:18:05     all    6.03    0.00    0.25    0.00    0.00    0.25    0.00    0.00    0.00   93.47
05:18:06     all    6.03    0.00    0.50    0.00    0.00    0.25    0.00    0.00    0.00   93.22
05:18:07     all    6.02    0.00    0.50    0.00    0.00    0.75    0.00    0.00    0.00   92.73
05:18:08     all    6.47    0.00    0.75    0.00    0.00    0.25    0.00    0.00    0.00   92.54
05:18:09     all    6.53    0.00    0.25    0.00    0.00    0.50    0.00    0.00    0.00   92.71
05:18:10     all    6.53    0.00    0.25    0.00    0.00    0.50    0.00    0.00    0.00   92.71
05:18:11     all    5.76    0.00    0.50    0.00    0.00    0.25    0.00    0.00    0.00   93.48
05:18:12     all    6.25    0.00    0.50    0.00    0.00    0.50    0.00    0.00    0.00   92.75
05:18:13     all    6.53    0.00    0.25    0.00    0.00    0.25    0.00    0.00    0.00   92.96
05:18:14     all    6.53    0.00    0.50    0.25    0.00    0.25    0.00    0.00    0.00   92.46
05:18:15     all    6.28    0.00    0.50    0.00    0.00    0.00    0.00    0.00    0.00   93.22
05:18:16     all    6.53    0.00    0.25    0.00    0.00    0.25    0.00    0.00    0.00   92.96
05:18:17     all    6.77    0.00    0.25    0.00    0.00    0.25    0.00    0.00    0.00   92.73
05:18:18     all    6.55    0.00    0.25    0.00    0.00    0.25    0.00    0.00    0.00   92.95
05:18:19     all    6.00    0.00    0.75    0.00    0.00    0.25    0.00    0.00    0.00   93.00
05:18:20     all    6.55    0.00    0.25    0.00    0.00    0.00    0.00    0.00    0.00   93.20
05:18:21     all    6.05    0.00    0.50    0.00    0.00    0.25    0.00    0.00    0.00   93.20
05:18:22     all    6.27    0.00    0.25    0.00    0.00    0.50    0.00    0.00    0.00   92.98
05:18:23     all    5.76    0.00    0.75    0.00    0.00    0.25    0.00    0.00    0.00   93.23
05:18:24     all    6.52    0.00    0.25    0.00    0.00    0.00    0.00    0.00    0.00   93.23
05:18:25     all    6.05    0.00    0.25    0.00    0.00    0.25    0.00    0.00    0.00   93.45
05:18:26     all    6.77    0.00    0.50    0.25    0.00    0.25    0.00    0.00    0.00   92.23
05:18:27     all    6.28    0.00    0.25    0.00    0.00    0.00    0.00    0.00    0.00   93.47
05:18:28     all    6.53    0.00    0.50    0.00    0.00    0.25    0.00    0.00    0.00   92.71
05:18:29     all    6.27    0.00    0.25    0.00    0.00    0.50    0.00    0.00    0.00   92.98
05:18:30     all    6.25    0.00    0.50    0.00    0.00    0.25    0.00    0.00    0.00   93.00
05:18:31     all    5.79    0.00    0.50    0.25    0.00    0.25    0.00    0.00    0.00   93.20
05:18:32     all    6.72    0.00    1.49    0.00    0.00    0.50    0.00    0.00    0.00   91.29
05:18:33     all    6.80    0.00    0.25    0.00    0.00    0.25    0.00    0.00    0.00   92.70
05:18:34     all    6.05    0.00    0.50    0.00    0.00    0.00    0.00    0.00    0.00   93.45
05:18:35     all    6.57    0.00    0.25    0.00    0.00    0.25    0.00    0.00    0.00   92.93
05:18:36     all    6.25    0.00    0.50    0.00    0.00    0.00    0.00    0.00    0.00   93.25
05:18:37     all    6.53    0.00    0.50    0.25    0.00    0.25    0.00    0.00    0.00   92.46
05:18:38     all    6.31    0.00    0.25    0.00    0.00    0.00    0.00    0.00    0.00   93.43
05:18:39     all    6.53    0.00    0.25    0.00    0.00    0.50    0.00    0.00    0.00   92.71
05:18:40     all    6.75    0.00    0.75    0.00    0.00    0.25    0.00    0.00    0.00   92.25
05:18:41     all    6.55    0.00    0.25    0.00    0.00    0.25    0.00    0.00    0.00   92.95
05:18:42     all    6.78    0.00    0.25    0.25    0.00    0.00    0.00    0.00    0.00   92.71
05:18:43     all    6.02    0.00    0.50    0.00    0.00    0.25    0.00    0.00    0.00   93.23
05:18:44     all    5.78    0.00    0.75    0.00    0.00    0.25    0.00    0.00    0.00   93.22
05:18:45     all    6.55    0.00    0.50    0.00    0.00    0.00    0.00    0.00    0.00   92.95
05:18:46     all    7.05    0.00    0.00    0.00    0.00    0.25    0.00    0.00    0.00   92.70
05:18:47     all    6.30    0.00    0.50    0.00    0.00    0.25    0.00    0.00    0.00   92.95
05:18:48     all    5.79    0.00    0.25    0.00    0.00    0.25    0.00    0.00    0.00   93.70
05:18:49     all    6.31    0.00    0.25    0.00    0.00    0.00    0.00    0.00    0.00   93.43
05:18:50     all    6.25    0.00    0.50    0.00    0.00    0.50    0.00    0.00    0.00   92.75
05:18:51     all    6.05    0.00    0.50    0.00    0.00    0.25    0.00    0.00    0.00   93.20
05:18:52     all    6.25    0.00    0.75    0.25    0.00    0.25    0.00    0.00    0.00   92.50
05:18:53     all    6.57    0.00    0.00    0.00    0.00    0.25    0.00    0.00    0.00   93.18
05:18:54     all    6.08    0.00    0.25    0.00    0.00    0.00    0.00    0.00    0.00   93.67
05:18:55     all    6.03    0.00    0.50    0.00    0.00    0.00    0.00    0.00    0.00   93.47
05:18:56     all    6.28    0.00    0.25    0.00    0.00    0.50    0.00    0.00    0.00   92.96
05:18:57     all    5.53    0.00    0.50    0.00    0.00    0.25    0.00    0.00    0.00   93.72
05:18:58     all    6.30    0.00    0.50    0.25    0.00    0.25    0.00    0.00    0.00   92.70
05:18:59     all    6.05    0.00    0.25    0.00    0.00    0.25    0.00    0.00    0.00   93.45
05:19:00     all    6.53    0.00    0.00    0.00    0.00    0.25    0.00    0.00    0.00   93.22
05:19:01     all    6.52    0.00    0.75    0.00    0.00    0.25    0.00    0.00    0.00   92.48
05:19:02     all    6.03    0.00    0.50    0.00    0.00    0.25    0.00    0.00    0.00   93.22
05:19:03     all    6.50    0.00    0.25    0.25    0.00    0.25    0.00    0.00    0.00   92.75
05:19:04     all    6.78    0.00    0.50    0.00    0.00    0.25    0.00    0.00    0.00   92.46
05:19:05     all    6.30    0.00    0.25    0.00    0.00    0.25    0.00    0.00    0.00   93.20
05:19:06     all    5.82    0.00    0.25    0.00    0.00    0.00    0.00    0.00    0.00   93.92
05:19:07     all    6.53    0.00    0.25    0.00    0.00    0.25    0.00    0.00    0.00   92.96
05:19:08     all    6.28    0.00    0.50    0.00    0.00    0.25    0.00    0.00    0.00   92.96
05:19:09     all    6.50    0.00    0.75    0.25    0.00    0.25    0.00    0.00    0.00   92.25
05:19:10     all    7.05    0.00    0.25    0.00    0.00    0.00    0.00    0.00    0.00   92.70
05:19:11     all    6.30    0.00    0.25    0.00    0.00    0.25    0.00    0.00    0.00   93.20
05:19:12     all    6.30    0.00    0.25    0.00    0.00    0.00    0.00    0.00    0.00   93.45
05:19:13     all    6.27    0.00    0.50    0.00    0.00    0.25    0.00    0.00    0.00   92.98
05:19:14     all    6.06    0.00    0.51    0.00    0.00    0.25    0.00    0.00    0.00   93.18
05:19:15     all    6.77    0.00    0.50    0.00    0.00    0.00    0.00    0.00    0.00   92.73
05:19:16     all    6.31    0.00    0.25    0.00    0.00    0.25    0.00    0.00    0.00   93.18
05:19:17     all    6.00    0.00    0.75    0.00    0.00    0.50    0.00    0.00    0.00   92.75
05:19:18     all    6.84    0.00    0.00    0.00    0.00    0.00    0.00    0.00    0.00   93.16
05:19:19     all    6.78    0.00    0.50    0.00    0.00    0.25    0.00    0.00    0.00   92.46
05:19:20     all    6.31    0.00    0.25    0.00    0.00    0.25    0.00    0.00    0.00   93.18
05:19:21     all    6.27    0.00    0.50    0.25    0.00    0.00    0.00    0.00    0.00   92.98
05:19:22     all    6.53    0.00    0.25    0.00    0.00    0.25    0.00    0.00    0.00   92.96
05:19:23     all    6.03    0.00    0.75    0.00    0.00    0.50    0.00    0.00    0.00   92.71
05:19:24     all    6.52    0.00    0.50    0.00    0.00    0.25    0.00    0.00    0.00   92.73
05:19:25     all    6.03    0.00    0.25    0.00    0.00    0.50    0.00    0.00    0.00   93.22
05:19:26     all    6.30    0.00    0.25    0.00    0.00    0.00    0.00    0.00    0.00   93.45
05:19:27     all    6.27    0.00    0.50    0.00    0.00    0.50    0.00    0.00    0.00   92.73
05:19:28     all    6.52    0.00    0.25    0.00    0.00    0.50    0.00    0.00    0.00   92.73
05:19:29     all    6.53    0.00    0.25    0.00    0.00    0.50    0.00    0.00    0.00   92.71
05:19:30     all    6.48    0.00    0.25    0.00    0.00    0.25    0.00    0.00    0.00   93.02
05:19:31     all    6.50    0.00    0.50    0.00    0.00    0.25    0.00    0.00    0.00   92.75
05:19:32     all    6.30    0.00    1.26    0.25    0.00    0.50    0.00    0.00    0.00   91.69
05:19:33     all    6.78    0.00    0.00    0.00    0.00    0.25    0.00    0.00    0.00   92.96
05:19:34     all    6.80    0.00    0.25    0.00    0.00    0.25    0.00    0.00    0.00   92.70
05:19:35     all    6.23    0.00    0.75    0.00    0.00    0.50    0.00    0.00    0.00   92.52
05:19:36     all    6.05    0.00    0.25    0.00    0.00    0.25    0.00    0.00    0.00   93.45
05:19:37     all    6.48    0.00    0.50    0.00    0.00    0.25    0.00    0.00    0.00   92.77
05:19:38     all    6.50    0.00    0.50    0.25    0.00    0.50    0.00    0.00    0.00   92.25
05:19:39     all    6.06    0.00    0.25    0.00    0.00    0.00    0.00    0.00    0.00   93.69
05:19:40     all    6.50    0.00    0.25    0.00    0.00    0.50    0.00    0.00    0.00   92.75
05:19:41     all    6.28    0.00    0.50    0.00    0.00    0.25    0.00    0.00    0.00   92.96
05:19:42     all    6.50    0.00    0.50    0.00    0.00    0.25    0.00    0.00    0.00   92.75
05:19:43     all    6.50    0.00    0.25    0.00    0.00    0.25    0.00    0.00    0.00   93.00
05:19:44     all    6.02    0.00    0.25    0.50    0.00    0.25    0.00    0.00    0.00   92.98
05:19:45     all    6.06    0.00    0.25    0.00    0.00    0.25    0.00    0.00    0.00   93.43
05:19:46     all    6.00    0.00    0.25    0.00    0.00    0.75    0.00    0.00    0.00   93.00
05:19:47     all    6.05    0.00    0.25    0.00    0.00    0.00    0.00    0.00    0.00   93.70
05:19:48     all    5.56    0.00    0.25    0.00    0.00    0.25    0.00    0.00    0.00   93.94
05:19:49     all    6.00    0.00    0.50    0.00    0.00    0.50    0.00    0.00    0.00   93.00
05:19:50     all    6.78    0.00    0.25    0.00    0.00    0.00    0.00    0.00    0.00   92.96
05:19:51     all    6.55    0.00    0.25    0.00    0.00    0.25    0.00    0.00    0.00   92.95
05:19:52     all    6.50    0.00    0.50    0.00    0.00    0.25    0.00    0.00    0.00   92.75
05:19:53     all    6.05    0.00    0.25    0.00    0.00    0.25    0.00    0.00    0.00   93.45
05:19:54     all    6.50    0.00    0.75    0.00    0.00    0.50    0.00    0.00    0.00   92.25
05:19:55     all    6.73    0.00    0.50    0.00    0.00    0.50    0.00    0.00    0.00   92.27
05:19:56     all    6.25    0.00    0.25    0.25    0.00    0.50    0.00    0.00    0.00   92.75
05:19:57     all    6.48    0.00    0.50    0.00    0.00    0.25    0.00    0.00    0.00   92.77
05:19:58     all    5.58    0.00    0.25    0.00    0.00    0.25    0.00    0.00    0.00   93.91
05:19:59     all    6.25    0.00    0.50    0.00    0.00    0.25    0.00    0.00    0.00   93.00
05:20:00     all    6.03    0.00    0.25    0.00    0.00    0.25    0.00    0.00    0.00   93.47
05:20:01     all    6.48    0.00    0.50    0.00    0.00    0.25    0.00    0.00    0.00   92.77
05:20:02     all    6.80    0.00    0.50    0.25    0.00    0.00    0.00    0.00    0.00   92.44
05:20:03     all    6.78    0.00    0.25    0.00    0.00    0.25    0.00    0.00    0.00   92.71
05:20:04     all    6.25    0.00    0.75    0.00    0.00    0.25    0.00    0.00    0.00   92.75
05:20:05     all    5.84    0.00    0.25    0.00    0.00    0.00    0.00    0.00    0.00   93.91
05:20:06     all    6.48    0.00    0.25    0.00    0.00    0.25    0.00    0.00    0.00   93.02
05:20:07     all    6.28    0.00    0.50    0.25    0.00    0.25    0.00    0.00    0.00   92.71
05:20:08     all    6.53    0.00    0.25    0.00    0.00    0.00    0.00    0.00    0.00   93.22
05:20:09     all    5.78    0.00    0.50    0.00    0.00    0.25    0.00    0.00    0.00   93.47
05:20:10     all    7.02    0.00    0.25    0.00    0.00    0.25    0.00    0.00    0.00   92.48
05:20:11     all    6.27    0.00    0.25    0.00    0.00    0.25    0.00    0.00    0.00   93.23
05:20:12     all    6.52    0.00    0.50    0.00    0.00    0.25    0.00    0.00    0.00   92.73
05:20:13     all    6.57    0.00    0.25    0.00    0.00    0.25    0.00    0.00    0.00   92.93
05:20:14     all    7.27    0.00    0.25    0.00    0.00    0.25    0.00    0.00    0.00   92.23
05:20:15     all    6.03    0.00    0.50    0.00    0.00    0.25    0.00    0.00    0.00   93.22
05:20:16     all    6.75    0.00    0.25    0.00    0.00    0.25    0.00    0.00    0.00   92.75
05:20:17     all    6.55    0.00    0.25    0.00    0.00    0.00    0.00    0.00    0.00   93.20
05:20:18     all    6.28    0.00    0.50    0.25    0.00    0.25    0.00    0.00    0.00   92.71
05:20:19     all    6.53    0.00    0.50    0.00    0.00    0.25    0.00    0.00    0.00   92.71
05:20:20     all    6.77    0.00    0.25    0.00    0.00    0.50    0.00    0.00    0.00   92.48
05:20:21     all    6.03    0.00    0.50    0.00    0.00    0.50    0.00    0.00    0.00   92.96
05:20:22     all    6.52    0.00    0.75    0.00    0.00    0.25    0.00    0.00    0.00   92.48
05:20:23     all    6.55    0.00    0.25    0.00    0.00    0.00    0.00    0.00    0.00   93.20
05:20:24     all    6.02    0.00    0.50    0.25    0.00    0.25    0.00    0.00    0.00   92.98
05:20:25     all    6.52    0.00    0.50    0.00    0.00    0.25    0.00    0.00    0.00   92.73
05:20:26     all    6.52    0.00    0.25    0.00    0.00    0.25    0.00    0.00    0.00   92.98
05:20:27     all    5.78    0.00    0.50    0.00    0.00    0.25    0.00    0.00    0.00   93.47
05:20:28     all    6.78    0.00    0.50    0.00    0.00    0.25    0.00    0.00    0.00   92.46
05:20:29     all    7.05    0.00    0.25    0.25    0.00    0.00    0.00    0.00    0.00   92.44
05:20:30     all    6.25    0.00    0.50    0.00    0.00    0.25    0.00    0.00    0.00   93.00
05:20:31     all    6.52    0.00    0.25    0.00    0.00    0.25    0.00    0.00    0.00   92.98
05:20:32     all    6.27    0.00    1.50    0.00    0.00    0.75    0.00    0.00    0.00   91.48
05:20:33     all    6.75    0.00    0.50    0.00    0.00    0.00    0.00    0.00    0.00   92.75
05:20:34     all    7.04    0.00    0.00    0.00    0.00    0.50    0.00    0.00    0.00   92.46
05:20:35     all    6.73    0.00    0.50    0.00    0.00    0.50    0.00    0.00    0.00   92.27
05:20:36     all    6.52    0.00    0.25    0.00    0.00    0.25    0.00    0.00    0.00   92.98
05:20:37     all    6.30    0.00    0.25    0.00    0.00    0.25    0.00    0.00    0.00   93.20
05:20:38     all    6.53    0.00    0.50    0.00    0.00    0.25    0.00    0.00    0.00   92.71
05:20:39     all    6.23    0.00    0.50    0.50    0.00    0.25    0.00    0.00    0.00   92.52
05:20:40     all    6.77    0.00    0.25    0.00    0.00    0.25    0.00    0.00    0.00   92.73
05:20:41     all    6.78    0.00    0.25    0.00    0.00    0.25    0.00    0.00    0.00   92.71
05:20:42     all    6.80    0.00    0.25    0.00    0.00    0.00    0.00    0.00    0.00   92.95
05:20:43     all    6.53    0.00    0.25    0.00    0.00    0.25    0.00    0.00    0.00   92.96
05:20:44     all    6.73    0.00    0.50    0.00    0.00    0.50    0.00    0.00    0.00   92.27
05:20:45     all    6.28    0.00    0.25    0.25    0.00    0.50    0.00    0.00    0.00   92.71
05:20:46     all    6.52    0.00    0.50    0.00    0.00    0.00    0.00    0.00    0.00   92.98
05:20:47     all    6.25    0.00    0.50    0.00    0.00    0.50    0.00    0.00    0.00   92.75
05:20:48     all    6.53    0.00    0.25    0.00    0.00    0.00    0.00    0.00    0.00   93.22
05:20:49     all    6.30    0.00    0.25    0.00    0.00    0.50    0.00    0.00    0.00   92.95
05:20:50     all    6.00    0.00    0.50    0.25    0.00    0.25    0.00    0.00    0.00   93.00
05:20:51     all    6.77    0.00    0.25    0.00    0.00    0.50    0.00    0.00    0.00   92.48
05:20:52     all    6.50    0.00    0.25    0.00    0.00    0.50    0.00    0.00    0.00   92.75
05:20:53     all    6.27    0.00    0.25    0.00    0.00    0.50    0.00    0.00    0.00   92.98
05:20:54     all    6.52    0.00    0.50    0.00    0.00    0.25    0.00    0.00    0.00   92.73
05:20:55     all    6.05    0.00    0.50    0.00    0.00    0.25    0.00    0.00    0.00   93.20
05:20:56     all    6.97    0.00    0.25    0.00    0.00    0.50    0.00    0.00    0.00   92.29
05:20:57     all    6.77    0.00    0.50    0.00    0.00    0.25    0.00    0.00    0.00   92.48
05:20:58     all    6.53    0.00    0.50    0.00    0.00    0.25    0.00    0.00    0.00   92.71
05:20:59     all    6.08    0.00    0.25    0.00    0.00    0.25    0.00    0.00    0.00   93.42
05:21:00     all    6.55    0.00    0.76    0.00    0.00    0.00    0.00    0.00    0.00   92.70
05:21:01     all    6.52    0.00    0.50    0.25    0.00    0.25    0.00    0.00    0.00   92.48
05:21:02     all    7.04    0.00    0.25    0.00    0.00    0.00    0.00    0.00    0.00   92.71
05:21:03     all    6.30    0.00    0.25    0.00    0.00    0.00    0.00    0.00    0.00   93.45
05:21:04     all    6.77    0.00    0.50    0.00    0.00    0.25    0.00    0.00    0.00   92.48
05:21:05     all    6.55    0.00    0.50    0.00    0.00    0.25    0.00    0.00    0.00   92.70
05:21:06     all    6.08    0.00    0.25    0.00    0.00    0.25    0.00    0.00    0.00   93.42
05:21:07     all    6.78    0.00    0.50    0.00    0.00    0.00    0.00    0.00    0.00   92.71
05:21:08     all    6.30    0.00    0.50    0.00    0.00    0.25    0.00    0.00    0.00   92.95
05:21:09     all    6.53    0.00    0.25    0.00    0.00    0.00    0.00    0.00    0.00   93.22
05:21:10     all    6.28    0.00    0.25    0.00    0.00    0.25    0.00    0.00    0.00   93.22
05:21:11     all    6.80    0.00    0.76    0.00    0.00    0.00    0.00    0.00    0.00   92.44
05:21:12     all    6.30    0.00    0.25    0.00    0.00    0.25    0.00    0.00    0.00   93.20
05:21:13     all    6.48    0.00    0.25    0.50    0.00    0.25    0.00    0.00    0.00   92.52
05:21:14     all    6.28    0.00    0.75    0.00    0.00    0.00    0.00    0.00    0.00   92.96
05:21:15     all    6.53    0.00    0.25    0.00    0.00    0.25    0.00    0.00    0.00   92.96
05:21:16     all    6.82    0.00    0.25    0.00    0.00    0.00    0.00    0.00    0.00   92.93
05:21:17     all    6.53    0.00    0.75    0.00    0.00    0.25    0.00    0.00    0.00   92.46
05:21:18     all    6.57    0.00    0.25    0.00    0.00    0.25    0.00    0.00    0.00   92.93
05:21:19     all    6.78    0.00    0.75    0.00    0.00    0.25    0.00    0.00    0.00   92.21
05:21:20     all    7.02    0.00    0.25    0.00    0.00    0.25    0.00    0.00    0.00   92.48
05:21:21     all    7.04    0.00    0.75    0.25    0.00    0.25    0.00    0.00    0.00   91.71
05:21:22     all    7.75    0.00    0.50    0.25    0.00    0.25    0.00    0.00    0.00   91.25
05:21:23     all    7.56    0.00    0.50    0.00    0.00    0.00    0.00    0.00    0.00   91.94
05:21:24     all    7.54    0.00    0.50    0.25    0.00    0.25    0.00    0.00    0.00   91.46
05:21:25     all    7.25    0.00    0.75    0.25    0.00    0.50    0.00    0.00    0.00   91.25
05:21:26     all    7.81    0.00    0.76    0.25    0.00    0.00    0.00    0.00    0.00   91.18
05:21:27     all    7.27    0.00    0.75    0.00    0.00    0.25    0.00    0.00    0.00   91.73
05:21:28     all    8.23    0.00    0.75    0.25    0.00    0.50    0.00    0.00    0.00   90.27
05:21:29     all    7.81    0.00    0.25    0.00    0.00    0.00    0.00    0.00    0.00   91.94
05:21:30     all    7.48    0.00    0.50    0.25    0.00    0.50    0.00    0.00    0.00   91.27
05:21:31     all    7.07    0.00    0.51    0.00    0.00    0.25    0.00    0.00    0.00   92.17
05:21:32     all    8.48    0.00    1.50    0.00    0.00    0.25    0.00    0.00    0.00   89.78
05:21:33     all    8.54    0.00    0.50    0.00    0.00    0.25    0.00    0.00    0.00   90.70
05:21:34     all    8.33    0.00    0.25    0.25    0.00    0.25    0.00    0.00    0.00   90.91
05:21:35     all    8.08    0.00    0.76    0.00    0.00    0.25    0.00    0.00    0.00   90.91
05:21:36     all    7.27    0.00    0.50    0.50    0.00    0.25    0.00    0.00    0.00   91.48
05:21:37     all    7.04    0.00    0.25    0.00    0.00    0.50    0.00    0.00    0.00   92.21
05:21:38     all    7.75    0.00    0.75    0.00    0.00    0.00    0.00    0.00    0.00   91.50
05:21:39     all    6.31    0.00    0.51    0.00    0.00    0.00    0.00    0.00    0.00   93.18
05:21:40     all    7.23    0.00    0.25    0.00    0.00    0.25    0.00    0.00    0.00   92.27
05:21:41     all    6.53    0.00    0.25    0.25    0.00    0.25    0.00    0.00    0.00   92.71
05:21:42     all    6.80    0.00    0.50    0.00    0.00    0.00    0.00    0.00    0.00   92.70
05:21:43     all    6.52    0.00    0.50    0.00    0.00    0.25    0.00    0.00    0.00   92.73
05:21:44     all    6.28    0.00    0.50    0.00    0.00    0.25    0.00    0.00    0.00   92.96
05:21:45     all    6.53    0.00    0.00    0.00    0.00    0.50    0.00    0.00    0.00   92.96
05:21:46     all    7.00    0.00    0.25    0.00    0.00    0.00    0.00    0.00    0.00   92.75
05:21:47     all    6.75    0.00    0.50    0.25    0.00    0.75    0.00    0.00    0.00   91.75
05:21:48     all    6.50    0.00    0.25    0.00    0.00    0.75    0.00    0.00    0.00   92.50
05:21:49     all    6.57    0.00    0.25    0.00    0.00    0.25    0.00    0.00    0.00   92.93
05:21:50     all    6.00    0.00    0.25    0.00    0.00    0.50    0.00    0.00    0.00   93.25
05:21:51     all    6.48    0.00    0.75    0.00    0.00    0.25    0.00    0.00    0.00   92.52
05:21:52     all    6.57    0.00    0.25    0.00    0.00    0.25    0.00    0.00    0.00   92.93
05:21:53     all    7.23    0.00    0.50    0.00    0.00    0.25    0.00    0.00    0.00   92.02
05:21:54     all    6.52    0.00    0.50    0.00    0.00    0.25    0.00    0.00    0.00   92.73
05:21:55     all    6.53    0.00    0.25    0.00    0.00    0.25    0.00    0.00    0.00   92.96
05:21:56     all    6.27    0.00    0.50    0.00    0.00    0.50    0.00    0.00    0.00   92.73
05:21:57     all    6.53    0.00    0.25    0.00    0.00    0.25    0.00    0.00    0.00   92.96
05:21:58     all    6.23    0.00    0.75    0.25    0.00    0.50    0.00    0.00    0.00   92.27
05:21:59     all    6.28    0.00    0.25    0.00    0.00    0.50    0.00    0.00    0.00   92.96
05:22:00     all    6.52    0.00    0.25    0.00    0.00    0.25    0.00    0.00    0.00   92.98
05:22:01     all    6.48    0.00    0.50    0.00    0.00    0.50    0.00    0.00    0.00   92.52
05:22:02     all    6.78    0.00    0.25    0.25    0.00    0.50    0.00    0.00    0.00   92.21
05:22:03     all    6.75    0.00    0.50    0.00    0.00    0.25    0.00    0.00    0.00   92.50
05:22:04     all    6.31    0.00    0.25    0.00    0.00    0.25    0.00    0.00    0.00   93.18
05:22:05     all    6.98    0.00    0.25    0.00    0.00    0.50    0.00    0.00    0.00   92.27
05:22:06     all    6.73    0.00    0.75    0.00    0.00    0.25    0.00    0.00    0.00   92.27
05:22:07     all    6.03    0.00    0.50    0.00    0.00    0.50    0.00    0.00    0.00   92.96
05:22:08     all    6.77    0.00    0.25    0.25    0.00    0.50    0.00    0.00    0.00   92.23
05:22:09     all    6.08    0.00    0.25    0.00    0.00    0.00    0.00    0.00    0.00   93.67
05:22:10     all    6.25    0.00    0.50    0.00    0.00    0.25    0.00    0.00    0.00   93.00
05:22:11     all    7.00    0.00    0.25    0.00    0.00    0.50    0.00    0.00    0.00   92.25
05:22:12     all    6.50    0.00    0.25    0.00    0.00    0.25    0.00    0.00    0.00   93.00
05:22:13     all    5.79    0.00    0.50    0.25    0.00    0.25    0.00    0.00    0.00   93.20
05:22:14     all    6.75    0.00    0.25    0.00    0.00    0.75    0.00    0.00    0.00   92.25
05:22:15     all    6.30    0.00    0.25    0.00    0.00    0.25    0.00    0.00    0.00   93.20
05:22:16     all    6.75    0.00    0.50    0.00    0.00    0.25    0.00    0.00    0.00   92.50
05:22:17     all    6.75    0.00    0.50    0.00    0.00    0.50    0.00    0.00    0.00   92.25
05:22:18     all    6.03    0.00    0.75    0.25    0.00    0.25    0.00    0.00    0.00   92.71
05:22:19     all    6.28    0.00    0.25    0.00    0.00    0.50    0.00    0.00    0.00   92.96
05:22:20     all    5.78    0.00    0.25    0.25    0.00    0.25    0.00    0.00    0.00   93.47
05:22:21     all    6.27    0.00    0.25    0.00    0.00    0.50    0.00    0.00    0.00   92.98
05:22:22     all    7.00    0.00    0.25    0.00    0.00    0.25    0.00    0.00    0.00   92.50
05:22:23     all    6.52    0.00    0.50    0.00    0.00    0.25    0.00    0.00    0.00   92.73
05:22:24     all    7.00    0.00    0.25    0.00    0.00    0.50    0.00    0.00    0.00   92.25
05:22:25     all    6.30    0.00    0.25    0.00    0.00    0.25    0.00    0.00    0.00   93.20
05:22:26     all    6.28    0.00    0.25    0.00    0.00    0.25    0.00    0.00    0.00   93.22
05:22:27     all    6.73    0.00    0.50    0.00    0.00    0.25    0.00    0.00    0.00   92.52
05:22:28     all    6.03    0.00    0.25    0.00    0.00    0.50    0.00    0.00    0.00   93.22
05:22:29     all    6.52    0.00    0.25    0.25    0.00    0.50    0.00    0.00    0.00   92.48
05:22:30     all    6.28    0.00    0.25    0.00    0.00    0.00    0.00    0.00    0.00   93.47
05:22:31     all    6.27    0.00    0.50    0.00    0.00    0.50    0.00    0.00    0.00   92.73
05:22:32     all    6.52    0.00    1.50    0.00    0.00    0.50    0.00    0.00    0.00   91.48
05:22:33     all    6.27    0.00    0.25    0.00    0.00    0.50    0.00    0.00    0.00   92.98
05:22:34     all    6.73    0.00    0.75    0.25    0.00    0.00    0.00    0.00    0.00   92.27
05:22:35     all    6.27    0.00    0.25    0.00    0.00    0.75    0.00    0.00    0.00   92.73
05:22:36     all    6.27    0.00    0.25    0.00    0.00    0.50    0.00    0.00    0.00   92.98
05:22:37     all    6.23    0.00    0.50    0.00    0.00    0.25    0.00    0.00    0.00   93.02
05:22:38     all    5.76    0.00    0.25    0.00    0.00    0.50    0.00    0.00    0.00   93.48
05:22:39     all    6.27    0.00    0.50    0.00    0.00    0.50    0.00    0.00    0.00   92.73
05:22:40     all    5.97    0.00    0.50    0.25    0.00    0.25    0.00    0.00    0.00   93.03
05:22:41     all    6.78    0.00    0.25    0.00    0.00    0.25    0.00    0.00    0.00   92.71
05:22:42     all    6.25    0.00    0.50    0.00    0.00    0.50    0.00    0.00    0.00   92.75
05:22:43     all    6.53    0.00    0.50    0.00    0.00    0.25    0.00    0.00    0.00   92.71
05:22:44     all    6.77    0.00    0.25    0.00    0.00    0.50    0.00    0.00    0.00   92.48
05:22:45     all    6.75    0.00    0.25    0.25    0.00    0.25    0.00    0.00    0.00   92.50
05:22:46     all    6.30    0.00    0.25    0.00    0.00    0.25    0.00    0.00    0.00   93.20
05:22:47     all    6.25    0.00    0.50    0.00    0.00    0.75    0.00    0.00    0.00   92.50
05:22:48     all    6.30    0.00    0.25    0.00    0.00    0.25    0.00    0.00    0.00   93.20
05:22:49     all    6.75    0.00    0.75    0.00    0.00    0.25    0.00    0.00    0.00   92.25
05:22:50     all    6.03    0.00    0.25    0.00    0.00    0.50    0.00    0.00    0.00   93.22
05:22:51     all    6.77    0.00    0.50    0.00    0.00    0.25    0.00    0.00    0.00   92.48
05:22:52     all    6.53    0.00    0.25    0.00    0.00    0.50    0.00    0.00    0.00   92.71
05:22:53     all    6.27    0.00    0.25    0.25    0.00    0.25    0.00    0.00    0.00   92.98
05:22:54     all    6.72    0.00    0.50    0.00    0.00    0.50    0.00    0.00    0.00   92.29
05:22:55     all    6.27    0.00    0.75    0.25    0.00    0.25    0.00    0.00    0.00   92.48
05:22:56     all    6.27    0.00    0.25    0.00    0.00    0.50    0.00    0.00    0.00   92.98
05:22:57     all    6.30    0.00    0.50    0.00    0.00    0.00    0.00    0.00    0.00   93.20
05:22:58     all    6.00    0.00    0.25    0.00    0.00    0.50    0.00    0.00    0.00   93.25
05:22:59     all    6.31    0.00    0.51    0.00    0.00    0.00    0.00    0.00    0.00   93.18
05:23:00     all    6.05    0.00    0.25    0.00    0.00    0.50    0.00    0.00    0.00   93.20
05:23:01     all    6.77    0.00    0.25    0.00    0.00    0.25    0.00    0.00    0.00   92.73
05:23:02     all    6.03    0.00    0.50    0.00    0.00    0.50    0.00    0.00    0.00   92.96
05:23:03     all    6.02    0.00    0.50    0.00    0.00    0.50    0.00    0.00    0.00   92.98
05:23:04     all    6.47    0.00    0.50    0.00    0.00    0.50    0.00    0.00    0.00   92.54
05:23:05     all    6.27    0.00    0.50    0.25    0.00    0.25    0.00    0.00    0.00   92.73
05:23:06     all    5.75    0.00    0.25    0.00    0.00    0.50    0.00    0.00    0.00   93.50
05:23:07     all    6.36    0.00    0.25    0.00    0.00    0.00    0.00    0.00    0.00   93.38
05:23:08     all    5.97    0.00    0.75    0.00    0.00    0.50    0.00    0.00    0.00   92.79
05:23:09     all    6.75    0.00    0.50    0.00    0.00    0.25    0.00    0.00    0.00   92.50
05:23:10     all    6.06    0.00    0.25    0.25    0.00    0.25    0.00    0.00    0.00   93.18
05:23:11     all    6.28    0.00    0.50    0.00    0.00    0.25    0.00    0.00    0.00   92.96
05:23:12     all    6.53    0.00    0.25    0.00    0.00    0.25    0.00    0.00    0.00   92.96
05:23:13     all    6.25    0.00    0.50    0.00    0.00    0.50    0.00    0.00    0.00   92.75
05:23:14     all    6.77    0.00    0.25    0.00    0.00    0.25    0.00    0.00    0.00   92.73
05:23:15     all    6.03    0.00    0.25    0.25    0.00    0.75    0.00    0.00    0.00   92.71
05:23:16     all    6.75    0.00    0.25    0.00    0.00    0.25    0.00    0.00    0.00   92.75
05:23:17     all    6.75    0.00    0.50    0.00    0.00    0.25    0.00    0.00    0.00   92.50
05:23:18     all    6.52    0.00    0.75    0.00    0.00    0.25    0.00    0.00    0.00   92.48
05:23:19     all    6.27    0.00    0.25    0.00    0.00    0.75    0.00    0.00    0.00   92.73
05:23:20     all    6.57    0.00    0.25    0.00    0.00    0.00    0.00    0.00    0.00   93.18
05:23:21     all    6.27    0.00    0.25    0.00    0.00    0.75    0.00    0.00    0.00   92.73
05:23:22     all    6.31    0.00    0.51    0.00    0.00    0.00    0.00    0.00    0.00   93.18
05:23:23     all    6.72    0.00    0.25    0.00    0.00    0.50    0.00    0.00    0.00   92.54
05:23:24     all    6.27    0.00    0.50    0.00    0.00    0.25    0.00    0.00    0.00   92.98
05:23:25     all    6.31    0.00    0.25    0.00    0.00    0.00    0.00    0.00    0.00   93.43
05:23:26     all    6.73    0.00    0.25    0.00    0.00    0.50    0.00    0.00    0.00   92.52
05:23:27     all    6.27    0.00    0.50    0.25    0.00    0.25    0.00    0.00    0.00   92.73
Average:     all    6.44    0.00    0.41    0.04    0.00    0.30    0.00    0.00    0.00   92.80
