Linux 6.8.0-1064-azure (csb-bench-host-azure) 	08/15/26 	_x86_64_	(4 CPU)

23:18:27     CPU    %usr   %nice    %sys %iowait    %irq   %soft  %steal  %guest  %gnice   %idle
23:18:28     all    7.79    0.00    2.51    0.00    0.00    0.00    0.00    0.00    0.00   89.70
23:18:29     all    1.76    0.00    0.50    0.25    0.00    0.25    0.00    0.00    0.00   97.24
23:18:30     all    1.01    0.00    0.50    0.00    0.00    0.00    0.00    0.00    0.00   98.49
23:18:31     all    1.50    0.00    1.50    0.00    0.00    1.25    0.00    0.00    0.00   95.74
23:18:32     all    1.01    0.00    0.25    0.00    0.00    0.00    0.00    0.00    0.00   98.74
23:18:33     all    3.03    0.00    2.78    0.00    0.00    0.25    0.00    0.00    0.00   93.94
23:18:34     all    4.36    0.00    3.33    0.00    0.00    0.26    0.00    0.00    0.00   92.05
23:18:35     all    4.63    0.00    2.57    0.26    0.00    0.00    0.00    0.00    0.00   92.54
23:18:36     all    3.56    0.00    3.31    0.00    0.00    0.25    0.00    0.00    0.00   92.88
23:18:37     all    4.35    0.00    3.07    0.00    0.00    0.26    0.00    0.00    0.00   92.33
23:18:38     all    3.05    0.00    2.29    0.00    0.00    0.25    0.00    0.00    0.00   94.40
23:18:39     all    3.87    0.00    1.29    0.00    0.00    0.00    0.00    0.00    0.00   94.85
23:18:40     all    4.60    0.00    1.28    0.00    0.00    0.26    0.00    0.00    0.00   93.86
23:18:41     all    4.90    0.00    1.03    0.00    0.00    0.00    0.00    0.00    0.00   94.07
23:18:42     all    4.33    0.00    2.54    0.00    0.00    0.25    0.00    0.00    0.00   92.88
23:18:43     all    3.85    0.00    3.85    0.00    0.00    0.00    0.00    0.00    0.00   92.31
23:18:44     all    4.07    0.00    3.56    0.00    0.00    0.00    0.00    0.00    0.00   92.37
23:18:45     all    4.59    0.00    2.30    0.00    0.00    0.26    0.00    0.00    0.00   92.86
23:18:46     all    4.60    0.00    1.02    0.00    0.00    0.26    0.00    0.00    0.00   94.12
23:18:47     all    4.35    0.00    1.53    0.00    0.00    0.26    0.00    0.00    0.00   93.86
23:18:48     all    5.12    0.00    1.02    0.00    0.00    0.00    0.00    0.00    0.00   93.86
23:18:49     all    4.63    0.00    1.03    0.00    0.00    0.26    0.00    0.00    0.00   94.09
23:18:50     all    4.91    0.00    1.29    0.00    0.00    0.00    0.00    0.00    0.00   93.80
23:18:51     all    4.09    0.00    4.86    0.00    0.00    0.26    0.00    0.00    0.00   90.79
23:18:52     all    4.36    0.00    1.28    0.26    0.00    0.00    0.00    0.00    0.00   94.10
23:18:53     all    5.61    0.00    1.02    0.00    0.00    0.51    0.00    0.00    0.00   92.86
23:18:54     all    4.12    0.00    1.03    0.00    0.00    0.26    0.00    0.00    0.00   94.59
23:18:55     all    4.09    0.00    1.53    0.00    0.00    0.26    0.00    0.00    0.00   94.12
23:18:56     all    4.65    0.00    0.78    0.00    0.00    0.00    0.00    0.00    0.00   94.57
23:18:57     all    4.35    0.00    3.58    0.00    0.00    0.26    0.00    0.00    0.00   91.82
23:18:58     all    4.38    0.00    1.03    0.00    0.00    0.00    0.00    0.00    0.00   94.59
23:18:59     all    4.86    0.00    1.02    0.00    0.00    0.26    0.00    0.00    0.00   93.86
23:19:00     all    3.86    0.00    1.03    0.00    0.00    0.26    0.00    0.00    0.00   94.86
23:19:01     all    4.09    0.00    0.77    0.00    0.00    0.26    0.00    0.00    0.00   94.88
23:19:02     all    4.63    0.00    1.03    0.00    0.00    0.00    0.00    0.00    0.00   94.34
23:19:03     all    5.37    0.00    1.28    0.00    0.00    0.26    0.00    0.00    0.00   93.09
23:19:04     all    4.08    0.00    3.57    0.51    0.00    0.26    0.00    0.00    0.00   91.58
23:19:05     all    3.85    0.00    3.85    0.00    0.00    0.00    0.00    0.00    0.00   92.31
23:19:06     all    4.59    0.00    4.08    0.00    0.00    0.26    0.00    0.00    0.00   91.07
23:19:07     all    4.62    0.00    4.62    0.00    0.00    0.00    0.00    0.00    0.00   90.77
23:19:08     all    3.80    0.00    4.05    0.00    0.00    0.25    0.00    0.00    0.00   91.90
23:19:09     all    4.12    0.00    4.12    0.00    0.00    0.00    0.00    0.00    0.00   91.75
23:19:10     all    4.12    0.00    3.87    0.00    0.00    0.26    0.00    0.00    0.00   91.75
23:19:11     all    4.60    0.00    4.35    0.00    0.00    0.00    0.00    0.00    0.00   91.05
23:19:12     all    4.62    0.00    4.10    0.00    0.00    0.00    0.00    0.00    0.00   91.28
23:19:13     all    4.36    0.00    4.36    0.00    0.00    0.00    0.00    0.00    0.00   91.28
23:19:14     all    4.62    0.00    4.36    0.00    0.00    0.00    0.00    0.00    0.00   91.03
23:19:15     all    3.88    0.00    4.39    0.00    0.00    0.00    0.00    0.00    0.00   91.73
23:19:16     all    4.59    0.00    4.34    0.26    0.00    0.26    0.00    0.00    0.00   90.56
23:19:17     all    4.60    0.00    4.09    0.00    0.00    0.26    0.00    0.00    0.00   91.05
23:19:18     all    3.85    0.00    3.85    0.00    0.00    0.00    0.00    0.00    0.00   92.31
23:19:19     all    4.09    0.00    5.37    0.00    0.00    0.26    0.00    0.00    0.00   90.28
23:19:20     all    4.11    0.00    3.86    0.00    0.00    0.00    0.00    0.00    0.00   92.03
23:19:21     all    4.36    0.00    4.62    0.00    0.00    0.00    0.00    0.00    0.00   91.03
23:19:22     all    4.10    0.00    4.10    0.00    0.00    0.00    0.00    0.00    0.00   91.79
23:19:23     all    3.83    0.00    3.83    0.26    0.00    0.26    0.00    0.00    0.00   91.84
23:19:24     all    4.39    0.00    3.62    0.00    0.00    0.00    0.00    0.00    0.00   91.99
23:19:25     all    4.36    0.00    4.87    0.00    0.00    0.00    0.00    0.00    0.00   90.77
23:19:26     all    3.84    0.00    4.09    0.00    0.00    0.00    0.00    0.00    0.00   92.07
23:19:27     all    4.09    0.00    4.09    0.00    0.00    0.26    0.00    0.00    0.00   91.56
23:19:28     all    4.60    0.00    4.35    0.00    0.00    0.26    0.00    0.00    0.00   90.79
23:19:29     all    4.35    0.00    4.09    0.00    0.00    0.00    0.00    0.00    0.00   91.56
23:19:30     all    4.10    0.00    4.10    0.00    0.00    0.26    0.00    0.00    0.00   91.54
23:19:31     all    4.08    0.00    4.85    0.00    0.00    0.51    0.00    0.00    0.00   90.56
23:19:32     all    3.85    0.00    2.82    0.00    0.00    0.00    0.00    0.00    0.00   93.33
23:19:33     all    5.12    0.00    4.86    0.26    0.00    0.26    0.00    0.00    0.00   89.51
23:19:34     all    5.84    0.00    4.31    0.51    0.00    0.51    0.00    0.00    0.00   88.83
23:19:35     all    5.91    0.00    4.37    0.00    0.00    0.00    0.00    0.00    0.00   89.72
23:19:36     all    5.38    0.00    4.10    0.00    0.00    0.00    0.00    0.00    0.00   90.51
23:19:37     all    5.13    0.00    5.13    0.00    0.00    0.26    0.00    0.00    0.00   89.49
23:19:38     all    5.14    0.00    2.83    0.51    0.00    0.00    0.00    0.00    0.00   91.52
23:19:39     all    5.33    0.00    3.81    0.25    0.00    0.51    0.00    0.00    0.00   90.10
23:19:40     all    5.10    0.00    4.34    0.00    0.00    0.00    0.00    0.00    0.00   90.56
23:19:41     all    5.66    0.00    4.63    0.00    0.00    0.26    0.00    0.00    0.00   89.46
23:19:42     all    5.87    0.00    3.57    0.00    0.00    0.00    0.00    0.00    0.00   90.56
23:19:43     all    5.14    0.00    4.88    0.00    0.00    0.26    0.00    0.00    0.00   89.72
23:19:44     all    5.88    0.00    4.35    0.51    0.00    0.26    0.00    0.00    0.00   89.00
23:19:45     all    5.32    0.00    3.80    0.25    0.00    0.25    0.00    0.00    0.00   90.38
23:19:46     all    4.86    0.00    5.12    0.00    0.00    0.26    0.00    0.00    0.00   89.77
23:19:47     all    4.83    0.00    5.09    0.25    0.00    0.25    0.00    0.00    0.00   89.57
23:19:48     all    4.08    0.00    5.10    0.00    0.00    0.26    0.00    0.00    0.00   90.56
23:19:49     all    5.63    0.00    5.63    0.51    0.00    0.26    0.00    0.00    0.00   87.98
23:19:50     all    4.07    0.00    4.58    0.00    0.00    0.25    0.00    0.00    0.00   91.09
23:19:51     all    4.58    0.00    4.58    0.00    0.00    0.25    0.00    0.00    0.00   90.59
23:19:52     all    4.60    0.00    4.09    0.00    0.00    0.00    0.00    0.00    0.00   91.30
23:19:53     all    4.06    0.00    3.81    0.00    0.00    0.25    0.00    0.00    0.00   91.88
23:19:54     all    4.34    0.00    3.83    0.00    0.00    0.26    0.00    0.00    0.00   91.58
23:19:55     all    3.83    0.00    5.10    0.00    0.00    0.00    0.00    0.00    0.00   91.07
23:19:56     all    3.59    0.00    4.36    0.00    0.00    0.00    0.00    0.00    0.00   92.05
23:19:57     all    4.85    0.00    4.08    0.00    0.00    0.26    0.00    0.00    0.00   90.82
23:19:58     all    3.82    0.00    4.58    0.00    0.00    0.00    0.00    0.00    0.00   91.60
23:19:59     all    4.06    0.00    3.81    0.00    0.00    0.25    0.00    0.00    0.00   91.88
23:20:00     all    3.81    0.00    3.81    0.25    0.00    0.51    0.00    0.00    0.00   91.62
23:20:01     all    3.83    0.00    4.59    0.00    0.00    0.26    0.00    0.00    0.00   91.33
23:20:02     all    4.34    0.00    4.59    0.00    0.00    0.00    0.00    0.00    0.00   91.07
23:20:03     all    4.34    0.00    4.08    0.00    0.00    0.26    0.00    0.00    0.00   91.33
23:20:04     all    4.59    0.00    4.34    0.00    0.00    0.00    0.00    0.00    0.00   91.07
23:20:05     all    4.33    0.00    4.33    0.25    0.00    0.51    0.00    0.00    0.00   90.59
23:20:06     all    4.63    0.00    3.34    0.00    0.00    0.00    0.00    0.00    0.00   92.03
23:20:07     all    4.36    0.00    4.10    0.00    0.00    0.00    0.00    0.00    0.00   91.54
23:20:08     all    4.09    0.00    4.60    0.00    0.00    0.26    0.00    0.00    0.00   91.05
23:20:09     all    4.63    0.00    4.37    0.00    0.00    0.00    0.00    0.00    0.00   91.00
23:20:10     all    4.35    0.00    4.35    0.00    0.00    0.00    0.00    0.00    0.00   91.30
23:20:11     all    3.59    0.00    4.10    0.26    0.00    0.00    0.00    0.00    0.00   92.05
23:20:12     all    5.12    0.00    4.60    0.00    0.00    0.00    0.00    0.00    0.00   90.28
23:20:13     all    4.11    0.00    3.08    0.00    0.00    0.00    0.00    0.00    0.00   92.80
23:20:14     all    4.65    0.00    1.81    0.00    0.00    0.00    0.00    0.00    0.00   93.54
23:20:15     all    4.86    0.00    0.77    0.00    0.00    0.26    0.00    0.00    0.00   94.12
23:20:16     all    4.09    0.00    1.02    0.00    0.00    0.26    0.00    0.00    0.00   94.63
23:20:17     all    4.65    0.00    1.03    0.00    0.00    0.00    0.00    0.00    0.00   94.32
23:20:18     all    4.60    0.00    1.02    0.00    0.00    0.00    0.00    0.00    0.00   94.37
23:20:19     all    4.09    0.00    1.28    0.00    0.00    0.26    0.00    0.00    0.00   94.37
23:20:20     all    4.88    0.00    1.03    0.00    0.00    0.00    0.00    0.00    0.00   94.09
23:20:21     all    4.60    0.00    1.02    0.00    0.00    0.00    0.00    0.00    0.00   94.37
23:20:22     all    4.59    0.00    1.02    0.26    0.00    0.26    0.00    0.00    0.00   93.88
23:20:23     all    4.37    0.00    1.29    0.00    0.00    0.00    0.00    0.00    0.00   94.34
23:20:24     all    5.38    0.00    1.03    0.00    0.00    0.26    0.00    0.00    0.00   93.33
23:20:25     all    4.63    0.00    1.03    0.00    0.00    0.00    0.00    0.00    0.00   94.34
23:20:26     all    4.36    0.00    1.03    0.00    0.00    0.26    0.00    0.00    0.00   94.36
23:20:27     all    4.62    0.00    1.54    0.00    0.00    0.00    0.00    0.00    0.00   93.85
23:20:28     all    4.62    0.00    1.03    0.00    0.00    0.26    0.00    0.00    0.00   94.10
23:20:29     all    4.40    0.00    1.04    0.00    0.00    0.00    0.00    0.00    0.00   94.56
23:20:30     all    4.60    0.00    1.02    0.00    0.00    0.26    0.00    0.00    0.00   94.12
23:20:31     all    4.29    0.00    2.02    0.00    0.00    1.52    0.00    0.00    0.00   92.17
23:20:32     all    4.62    0.00    1.03    0.51    0.00    0.00    0.00    0.00    0.00   93.85
23:20:33     all    4.62    0.00    1.28    0.00    0.00    0.00    0.00    0.00    0.00   94.10
23:20:34     all    4.64    0.00    1.03    0.00    0.00    0.00    0.00    0.00    0.00   94.33
23:20:35     all    3.87    0.00    1.03    0.00    0.00    0.00    0.00    0.00    0.00   95.10
23:20:36     all    5.37    0.00    1.02    0.00    0.00    0.26    0.00    0.00    0.00   93.35
23:20:37     all    4.64    0.00    1.03    0.00    0.00    0.26    0.00    0.00    0.00   94.07
23:20:38     all    4.60    0.00    1.28    0.00    0.00    0.26    0.00    0.00    0.00   93.86
23:20:39     all    4.86    0.00    1.02    0.00    0.00    0.26    0.00    0.00    0.00   93.86
23:20:40     all    4.90    0.00    1.03    0.00    0.00    0.00    0.00    0.00    0.00   94.07
23:20:41     all    4.86    0.00    1.02    0.00    0.00    0.26    0.00    0.00    0.00   93.86
23:20:42     all    4.62    0.00    0.77    0.26    0.00    0.26    0.00    0.00    0.00   94.10
23:20:43     all    3.87    0.00    0.77    0.00    0.00    0.26    0.00    0.00    0.00   95.10
23:20:44     all    4.36    0.00    0.77    0.00    0.00    0.00    0.00    0.00    0.00   94.87
23:20:45     all    4.36    0.00    1.03    0.00    0.00    0.00    0.00    0.00    0.00   94.62
23:20:46     all    4.09    0.00    1.28    0.00    0.00    0.26    0.00    0.00    0.00   94.37
23:20:47     all    5.14    0.00    1.29    0.00    0.00    0.00    0.00    0.00    0.00   93.57
23:20:48     all    4.37    0.00    0.77    0.00    0.00    0.26    0.00    0.00    0.00   94.60
23:20:49     all    4.37    0.00    1.29    0.00    0.00    0.00    0.00    0.00    0.00   94.34
23:20:50     all    4.60    0.00    1.02    0.00    0.00    0.26    0.00    0.00    0.00   94.12
23:20:51     all    5.43    0.00    1.29    0.00    0.00    0.00    0.00    0.00    0.00   93.28
23:20:52     all    4.35    0.00    1.02    0.26    0.00    0.00    0.00    0.00    0.00   94.37
23:20:53     all    5.15    0.00    1.03    0.00    0.00    0.00    0.00    0.00    0.00   93.81
23:20:54     all    4.88    0.00    1.03    0.00    0.00    0.26    0.00    0.00    0.00   93.83
23:20:55     all    4.62    0.00    1.28    0.00    0.00    0.00    0.00    0.00    0.00   94.10
23:20:56     all    4.64    0.00    1.03    0.00    0.00    0.26    0.00    0.00    0.00   94.07
23:20:57     all    4.62    0.00    1.03    0.00    0.00    0.26    0.00    0.00    0.00   94.10
23:20:58     all    4.62    0.00    1.79    0.00    0.00    0.00    0.00    0.00    0.00   93.59
23:20:59     all    4.86    0.00    0.77    0.00    0.00    0.26    0.00    0.00    0.00   94.12
23:21:00     all    4.09    0.00    0.77    0.00    0.00    0.51    0.00    0.00    0.00   94.63
23:21:01     all    4.64    0.00    1.29    0.00    0.00    0.00    0.00    0.00    0.00   94.07
23:21:02     all    4.59    0.00    1.02    0.26    0.00    0.00    0.00    0.00    0.00   94.13
23:21:03     all    4.10    0.00    1.03    0.00    0.00    0.26    0.00    0.00    0.00   94.62
23:21:04     all    4.87    0.00    1.28    0.00    0.00    0.00    0.00    0.00    0.00   93.85
23:21:05     all    4.33    0.00    4.07    0.00    0.00    0.25    0.00    0.00    0.00   91.35
23:21:06     all    5.13    0.00    4.10    0.00    0.00    0.26    0.00    0.00    0.00   90.51
23:21:07     all    3.58    0.00    3.32    0.26    0.00    0.00    0.00    0.00    0.00   92.84
23:21:08     all    4.35    0.00    4.35    0.00    0.00    0.26    0.00    0.00    0.00   91.05
23:21:09     all    3.33    0.00    4.36    0.00    0.00    0.00    0.00    0.00    0.00   92.31
23:21:10     all    3.83    0.00    4.59    0.00    0.00    0.26    0.00    0.00    0.00   91.33
23:21:11     all    3.86    0.00    4.37    0.00    0.00    0.00    0.00    0.00    0.00   91.77
23:21:12     all    4.11    0.00    4.11    0.00    0.00    0.26    0.00    0.00    0.00   91.52
23:21:13     all    4.10    0.00    4.62    0.00    0.00    0.00    0.00    0.00    0.00   91.28
23:21:14     all    4.35    0.00    4.09    0.00    0.00    0.26    0.00    0.00    0.00   91.30
23:21:15     all    4.35    0.00    4.86    0.00    0.00    0.00    0.00    0.00    0.00   90.79
23:21:16     all    3.86    0.00    4.37    0.00    0.00    0.26    0.00    0.00    0.00   91.52
23:21:17     all    4.09    0.00    4.35    0.26    0.00    0.00    0.00    0.00    0.00   91.30
23:21:18     all    5.38    0.00    4.36    0.00    0.00    0.00    0.00    0.00    0.00   90.26
23:21:19     all    3.88    0.00    4.65    0.00    0.00    0.00    0.00    0.00    0.00   91.47
23:21:20     all    4.09    0.00    4.35    0.00    0.00    0.26    0.00    0.00    0.00   91.30
23:21:21     all    4.36    0.00    4.36    0.00    0.00    0.00    0.00    0.00    0.00   91.28
23:21:22     all    4.10    0.00    4.36    0.00    0.00    0.00    0.00    0.00    0.00   91.54
23:21:23     all    4.08    0.00    4.08    0.26    0.00    0.00    0.00    0.00    0.00   91.58
23:21:24     all    4.07    0.00    4.33    0.00    0.00    0.51    0.00    0.00    0.00   91.09
23:21:25     all    4.09    0.00    4.60    0.00    0.00    0.26    0.00    0.00    0.00   91.05
23:21:26     all    4.35    0.00    3.58    0.00    0.00    0.51    0.00    0.00    0.00   91.56
23:21:27     all    3.81    0.00    3.81    0.00    0.00    0.25    0.00    0.00    0.00   92.13
23:21:28     all    3.32    0.00    3.83    0.51    0.00    0.26    0.00    0.00    0.00   92.09
23:21:29     all    3.82    0.00    3.56    0.00    0.00    0.51    0.00    0.00    0.00   92.11
23:21:30     all    3.58    0.00    3.58    0.00    0.00    0.00    0.00    0.00    0.00   92.84
23:21:31     all    3.80    0.00    5.06    0.00    0.00    0.76    0.00    0.00    0.00   90.38
23:21:32     all    4.05    0.00    4.05    0.25    0.00    0.51    0.00    0.00    0.00   91.14
23:21:33     all    3.56    0.00    2.29    0.00    0.00    0.51    0.00    0.00    0.00   93.64
23:21:34     all    4.11    0.00    1.03    0.00    0.00    0.00    0.00    0.00    0.00   94.86
23:21:35     all    4.29    0.00    1.26    0.00    0.00    0.51    0.00    0.00    0.00   93.94
23:21:36     all    3.84    0.00    1.02    0.00    0.00    0.26    0.00    0.00    0.00   94.88
23:21:37     all    4.12    0.00    1.03    0.00    0.00    0.00    0.00    0.00    0.00   94.85
23:21:38     all    4.58    0.00    1.02    0.00    0.00    0.51    0.00    0.00    0.00   93.89
23:21:39     all    4.33    0.00    1.27    0.00    0.00    0.25    0.00    0.00    0.00   94.15
23:21:40     all    3.83    0.00    1.53    0.26    0.00    0.51    0.00    0.00    0.00   93.88
23:21:41     all    4.31    0.00    1.52    0.00    0.00    0.51    0.00    0.00    0.00   93.65
23:21:42     all    3.85    0.00    1.28    0.00    0.00    0.26    0.00    0.00    0.00   94.62
23:21:43     all    4.08    0.00    1.28    0.00    0.00    0.51    0.00    0.00    0.00   94.13
23:21:44     all    4.09    0.00    1.02    0.00    0.00    0.26    0.00    0.00    0.00   94.63
23:21:45     all    3.83    0.00    0.77    0.26    0.00    0.51    0.00    0.00    0.00   94.64
23:21:46     all    4.33    0.00    1.27    0.00    0.00    0.25    0.00    0.00    0.00   94.15
23:21:47     all    4.59    0.00    1.28    0.00    0.00    0.26    0.00    0.00    0.00   93.88
23:21:48     all    3.33    0.00    1.03    0.00    0.00    0.26    0.00    0.00    0.00   95.38
23:21:49     all    4.08    0.00    1.28    0.00    0.00    0.51    0.00    0.00    0.00   94.13
23:21:50     all    3.82    0.00    1.27    0.00    0.00    0.25    0.00    0.00    0.00   94.66
23:21:51     all    4.06    0.00    1.27    0.51    0.00    0.25    0.00    0.00    0.00   93.91
23:21:52     all    5.37    0.00    1.02    0.00    0.00    0.00    0.00    0.00    0.00   93.61
23:21:53     all    3.78    0.00    0.76    0.00    0.00    1.26    0.00    0.00    0.00   94.21
23:21:54     all    4.60    0.00    1.28    0.00    0.00    0.26    0.00    0.00    0.00   93.86
23:21:55     all    4.65    0.00    1.03    0.00    0.00    0.00    0.00    0.00    0.00   94.32
23:21:56     all    4.88    0.00    1.03    0.00    0.00    0.26    0.00    0.00    0.00   93.83
23:21:57     all    4.90    0.00    1.29    0.00    0.00    0.00    0.00    0.00    0.00   93.81
23:21:58     all    4.86    0.00    0.77    0.26    0.00    0.51    0.00    0.00    0.00   93.61
23:21:59     all    4.36    0.00    1.28    0.00    0.00    0.00    0.00    0.00    0.00   94.36
23:22:00     all    4.91    0.00    1.29    0.00    0.00    0.26    0.00    0.00    0.00   93.54
23:22:01     all    4.37    0.00    1.29    0.00    0.00    0.00    0.00    0.00    0.00   94.34
23:22:02     all    4.87    0.00    0.77    0.00    0.00    0.26    0.00    0.00    0.00   94.10
23:22:03     all    4.34    0.00    1.02    0.00    0.00    0.00    0.00    0.00    0.00   94.64
23:22:04     all    3.62    0.00    2.07    0.26    0.00    0.00    0.00    0.00    0.00   94.06
23:22:05     all    3.99    0.00    1.25    0.00    0.00    1.25    0.00    0.00    0.00   93.52
23:22:06     all    4.35    0.00    1.02    0.00    0.00    0.26    0.00    0.00    0.00   94.37
23:22:07     all    3.58    0.00    0.51    0.00    0.00    0.00    0.00    0.00    0.00   95.91
23:22:08     all    5.14    0.00    1.03    0.00    0.00    0.00    0.00    0.00    0.00   93.83
23:22:09     all    4.62    0.00    1.03    0.00    0.00    0.00    0.00    0.00    0.00   94.36
23:22:10     all    5.10    0.00    1.53    0.51    0.00    0.51    0.00    0.00    0.00   92.35
23:22:11     all    4.10    0.00    4.62    0.00    0.00    0.00    0.00    0.00    0.00   91.28
23:22:12     all    4.10    0.00    4.10    0.00    0.00    0.00    0.00    0.00    0.00   91.79
23:22:13     all    4.33    0.00    4.33    0.00    0.00    0.25    0.00    0.00    0.00   91.09
23:22:14     all    4.35    0.00    4.60    0.00    0.00    0.00    0.00    0.00    0.00   91.05
23:22:15     all    4.08    0.00    5.10    0.00    0.00    0.00    0.00    0.00    0.00   90.82
23:22:16     all    3.85    0.00    4.10    0.00    0.00    0.00    0.00    0.00    0.00   92.05
23:22:17     all    4.34    0.00    4.85    0.00    0.00    0.00    0.00    0.00    0.00   90.82
23:22:18     all    3.85    0.00    3.59    0.00    0.00    0.26    0.00    0.00    0.00   92.31
23:22:19     all    4.35    0.00    4.60    0.00    0.00    0.00    0.00    0.00    0.00   91.05
23:22:20     all    4.34    0.00    4.34    0.00    0.00    0.00    0.00    0.00    0.00   91.33
23:22:21     all    4.63    0.00    4.63    0.00    0.00    0.00    0.00    0.00    0.00   90.75
23:22:22     all    4.59    0.00    4.59    0.00    0.00    0.00    0.00    0.00    0.00   90.82
23:22:23     all    4.37    0.00    4.37    0.00    0.00    0.26    0.00    0.00    0.00   91.00
23:22:24     all    4.33    0.00    3.05    0.00    0.00    0.25    0.00    0.00    0.00   92.37
23:22:25     all    3.82    0.00    4.33    0.25    0.00    0.51    0.00    0.00    0.00   91.09
23:22:26     all    4.12    0.00    4.64    0.00    0.00    0.00    0.00    0.00    0.00   91.24
23:22:27     all    4.36    0.00    4.62    0.00    0.00    0.26    0.00    0.00    0.00   90.77
23:22:28     all    4.11    0.00    4.11    0.00    0.00    0.00    0.00    0.00    0.00   91.77
23:22:29     all    3.86    0.00    4.63    0.00    0.00    0.00    0.00    0.00    0.00   91.52
23:22:30     all    4.10    0.00    4.62    0.00    0.00    0.26    0.00    0.00    0.00   91.03
23:22:31     all    4.38    0.00    4.90    0.00    0.00    0.26    0.00    0.00    0.00   90.46
23:22:32     all    4.10    0.00    4.10    0.00    0.00    0.26    0.00    0.00    0.00   91.54
23:22:33     all    4.09    0.00    4.35    0.00    0.00    0.00    0.00    0.00    0.00   91.56
23:22:34     all    3.58    0.00    4.35    0.00    0.00    0.26    0.00    0.00    0.00   91.82
23:22:35     all    3.87    0.00    3.87    0.00    0.00    0.00    0.00    0.00    0.00   92.27
23:22:36     all    4.07    0.00    3.82    0.25    0.00    0.25    0.00    0.00    0.00   91.60
23:22:37     all    4.37    0.00    3.86    0.00    0.00    0.00    0.00    0.00    0.00   91.77
23:22:38     all    3.84    0.00    3.84    0.00    0.00    0.26    0.00    0.00    0.00   92.07
23:22:39     all    3.58    0.00    4.35    0.00    0.00    0.00    0.00    0.00    0.00   92.07
23:22:40     all    3.80    0.00    4.30    0.00    0.00    0.25    0.00    0.00    0.00   91.65
23:22:41     all    3.59    0.00    3.59    0.00    0.00    0.26    0.00    0.00    0.00   92.56
23:22:42     all    4.34    0.00    4.08    0.26    0.00    0.00    0.00    0.00    0.00   91.33
23:22:43     all    4.31    0.00    4.06    0.00    0.00    0.25    0.00    0.00    0.00   91.37
23:22:44     all    4.37    0.00    4.37    0.00    0.00    0.00    0.00    0.00    0.00   91.26
23:22:45     all    3.82    0.00    3.56    0.00    0.00    0.25    0.00    0.00    0.00   92.37
23:22:46     all    3.82    0.00    3.82    0.00    0.00    0.25    0.00    0.00    0.00   92.11
23:22:47     all    4.34    0.00    5.10    0.00    0.00    0.26    0.00    0.00    0.00   90.31
23:22:48     all    4.11    0.00    3.86    0.00    0.00    0.00    0.00    0.00    0.00   92.03
23:22:49     all    4.34    0.00    4.59    0.00    0.00    0.26    0.00    0.00    0.00   90.82
23:22:50     all    4.08    0.00    4.85    0.00    0.00    0.00    0.00    0.00    0.00   91.07
23:22:51     all    3.31    0.00    4.83    0.00    0.00    0.25    0.00    0.00    0.00   91.60
23:22:52     all    4.07    0.00    4.83    0.25    0.00    0.00    0.00    0.00    0.00   90.84
23:22:53     all    4.33    0.00    3.56    0.00    0.00    0.00    0.00    0.00    0.00   92.11
23:22:54     all    4.33    0.00    4.58    0.00    0.00    0.25    0.00    0.00    0.00   90.84
23:22:55     all    3.82    0.00    4.58    0.00    0.00    0.25    0.00    0.00    0.00   91.35
23:22:56     all    4.37    0.00    4.11    0.00    0.00    0.00    0.00    0.00    0.00   91.52
23:22:57     all    4.31    0.00    4.31    0.51    0.00    0.25    0.00    0.00    0.00   90.61
23:22:58     all    4.08    0.00    4.34    0.00    0.00    0.00    0.00    0.00    0.00   91.58
23:22:59     all    4.08    0.00    4.59    0.00    0.00    0.00    0.00    0.00    0.00   91.33
23:23:00     all    4.36    0.00    3.08    0.00    0.00    0.00    0.00    0.00    0.00   92.56
23:23:01     all    4.59    0.00    1.53    0.00    0.00    0.26    0.00    0.00    0.00   93.62
23:23:02     all    4.08    0.00    1.02    0.00    0.00    0.00    0.00    0.00    0.00   94.90
23:23:03     all    4.35    0.00    1.53    0.00    0.00    0.26    0.00    0.00    0.00   93.86
23:23:04     all    4.63    0.00    1.29    0.00    0.00    0.00    0.00    0.00    0.00   94.09
23:23:05     all    4.83    0.00    1.02    0.00    0.00    0.25    0.00    0.00    0.00   93.89
23:23:06     all    4.33    0.00    1.53    0.00    0.00    0.51    0.00    0.00    0.00   93.64
23:23:07     all    4.60    0.00    1.02    0.00    0.00    0.00    0.00    0.00    0.00   94.37
23:23:08     all    4.08    0.00    1.53    0.00    0.00    0.00    0.00    0.00    0.00   94.39
23:23:09     all    5.13    0.00    1.03    0.26    0.00    0.26    0.00    0.00    0.00   93.33
23:23:10     all    4.35    0.00    1.28    0.00    0.00    0.26    0.00    0.00    0.00   94.12
23:23:11     all    4.58    0.00    1.02    0.00    0.00    0.00    0.00    0.00    0.00   94.40
23:23:12     all    4.36    0.00    1.54    0.00    0.00    0.26    0.00    0.00    0.00   93.85
23:23:13     all    4.34    0.00    1.02    0.00    0.00    0.26    0.00    0.00    0.00   94.39
23:23:14     all    3.86    0.00    1.03    0.00    0.00    0.00    0.00    0.00    0.00   95.12
23:23:15     all    4.36    0.00    1.28    0.00    0.00    0.00    0.00    0.00    0.00   94.36
23:23:16     all    4.34    0.00    1.02    0.00    0.00    0.26    0.00    0.00    0.00   94.39
23:23:17     all    4.86    0.00    1.28    0.00    0.00    0.00    0.00    0.00    0.00   93.86
23:23:18     all    4.59    0.00    1.28    0.00    0.00    0.26    0.00    0.00    0.00   93.88
23:23:19     all    4.34    0.00    1.02    0.26    0.00    0.00    0.00    0.00    0.00   94.39
23:23:20     all    3.59    0.00    1.54    0.00    0.00    0.26    0.00    0.00    0.00   94.62
23:23:21     all    3.82    0.00    1.02    0.00    0.00    0.00    0.00    0.00    0.00   95.17
23:23:22     all    4.59    0.00    1.53    0.00    0.00    0.26    0.00    0.00    0.00   93.62
23:23:23     all    4.86    0.00    1.02    0.00    0.00    0.00    0.00    0.00    0.00   94.12
23:23:24     all    4.37    0.00    1.29    0.00    0.00    0.00    0.00    0.00    0.00   94.34
23:23:25     all    5.12    0.00    1.02    0.00    0.00    0.00    0.00    0.00    0.00   93.86
23:23:26     all    4.63    0.00    1.29    0.00    0.00    0.51    0.00    0.00    0.00   93.57
23:23:27     all    4.60    0.00    1.53    0.26    0.00    0.00    0.00    0.00    0.00   93.61
23:23:28     all    4.55    0.00    1.01    0.00    0.00    1.01    0.00    0.00    0.00   93.43
23:23:29     all    5.13    0.00    1.28    0.00    0.00    0.00    0.00    0.00    0.00   93.59
23:23:30     all    4.63    0.00    1.03    0.00    0.00    0.51    0.00    0.00    0.00   93.83
23:23:31     all    4.35    0.00    1.53    0.00    0.00    0.51    0.00    0.00    0.00   93.61
23:23:32     all    4.60    0.00    1.02    0.51    0.00    0.26    0.00    0.00    0.00   93.61
23:23:33     all    4.08    0.00    1.28    0.00    0.00    0.26    0.00    0.00    0.00   94.39
23:23:34     all    4.39    0.00    1.03    0.00    0.00    0.00    0.00    0.00    0.00   94.57
23:23:35     all    4.87    0.00    1.03    0.00    0.00    0.00    0.00    0.00    0.00   94.10
23:23:36     all    4.09    0.00    1.28    0.00    0.00    0.26    0.00    0.00    0.00   94.37
23:23:37     all    4.07    0.00    1.27    0.00    0.00    0.00    0.00    0.00    0.00   94.66
23:23:38     all    4.33    0.00    1.78    0.00    0.00    0.25    0.00    0.00    0.00   93.64
23:23:39     all    4.33    0.00    1.53    0.00    0.00    0.51    0.00    0.00    0.00   93.64
23:23:40     all    4.35    0.00    1.28    0.00    0.00    0.00    0.00    0.00    0.00   94.37
23:23:41     all    5.14    0.00    1.03    0.00    0.00    0.00    0.00    0.00    0.00   93.83
23:23:42     all    4.60    0.00    0.77    0.00    0.00    0.51    0.00    0.00    0.00   94.12
23:23:43     all    4.34    0.00    1.28    0.00    0.00    0.26    0.00    0.00    0.00   94.13
23:23:44     all    4.64    0.00    0.77    0.26    0.00    0.00    0.00    0.00    0.00   94.33
23:23:45     all    4.87    0.00    1.03    0.00    0.00    0.26    0.00    0.00    0.00   93.85
23:23:46     all    5.37    0.00    1.02    0.00    0.00    0.26    0.00    0.00    0.00   93.35
23:23:47     all    4.90    0.00    1.03    0.00    0.00    0.00    0.00    0.00    0.00   94.07
23:23:48     all    4.38    0.00    0.77    0.00    0.00    0.52    0.00    0.00    0.00   94.33
23:23:49     all    4.85    0.00    1.28    0.00    0.00    0.00    0.00    0.00    0.00   93.88
23:23:50     all    4.13    0.00    0.78    0.00    0.00    0.00    0.00    0.00    0.00   95.09
23:23:51     all    4.64    0.00    1.80    0.00    0.00    0.00    0.00    0.00    0.00   93.56
23:23:52     all    4.34    0.00    4.34    0.00    0.00    0.00    0.00    0.00    0.00   91.33
23:23:53     all    4.10    0.00    4.36    0.00    0.00    0.26    0.00    0.00    0.00   91.28
23:23:54     all    4.58    0.00    4.58    0.00    0.00    0.25    0.00    0.00    0.00   90.59
23:23:55     all    3.59    0.00    4.10    0.26    0.00    0.26    0.00    0.00    0.00   91.79
23:23:56     all    4.37    0.00    4.37    0.00    0.00    0.00    0.00    0.00    0.00   91.26
23:23:57     all    3.85    0.00    4.10    0.00    0.00    0.00    0.00    0.00    0.00   92.05
23:23:58     all    4.62    0.00    4.36    0.00    0.00    0.00    0.00    0.00    0.00   91.03
23:23:59     all    4.37    0.00    4.37    0.00    0.00    0.26    0.00    0.00    0.00   91.00
23:24:00     all    3.89    0.00    5.18    0.00    0.00    0.00    0.00    0.00    0.00   90.93
23:24:01     all    3.82    0.00    4.83    0.00    0.00    0.00    0.00    0.00    0.00   91.35
23:24:02     all    4.37    0.00    4.11    0.00    0.00    0.00    0.00    0.00    0.00   91.52
23:24:03     all    4.35    0.00    4.35    0.00    0.00    0.00    0.00    0.00    0.00   91.30
23:24:04     all    4.09    0.00    4.35    0.00    0.00    0.26    0.00    0.00    0.00   91.30
23:24:05     all    4.35    0.00    3.84    0.26    0.00    0.26    0.00    0.00    0.00   91.30
23:24:06     all    4.64    0.00    4.38    0.00    0.00    0.00    0.00    0.00    0.00   90.98
23:24:07     all    4.38    0.00    4.12    0.00    0.00    0.00    0.00    0.00    0.00   91.49
23:24:08     all    4.34    0.00    3.57    0.00    0.00    0.00    0.00    0.00    0.00   92.09
23:24:09     all    3.85    0.00    4.36    0.00    0.00    0.26    0.00    0.00    0.00   91.54
23:24:10     all    4.10    0.00    4.36    0.77    0.00    0.00    0.00    0.00    0.00   90.77
23:24:11     all    4.35    0.00    4.35    0.00    0.00    0.26    0.00    0.00    0.00   91.05
23:24:12     all    4.59    0.00    3.83    0.00    0.00    0.26    0.00    0.00    0.00   91.33
23:24:13     all    3.87    0.00    4.38    0.00    0.00    0.00    0.00    0.00    0.00   91.75
23:24:14     all    4.63    0.00    3.86    0.00    0.00    0.00    0.00    0.00    0.00   91.52
23:24:15     all    3.83    0.00    4.59    0.00    0.00    0.26    0.00    0.00    0.00   91.33
23:24:16     all    4.38    0.00    3.61    0.00    0.00    0.00    0.00    0.00    0.00   92.01
23:24:17     all    4.10    0.00    4.87    0.00    0.00    0.00    0.00    0.00    0.00   91.03
23:24:18     all    3.59    0.00    4.10    0.00    0.00    0.26    0.00    0.00    0.00   92.05
23:24:19     all    4.83    0.00    1.53    0.00    0.00    0.25    0.00    0.00    0.00   93.38
23:24:20     all    4.08    0.00    2.30    0.00    0.00    0.26    0.00    0.00    0.00   93.37
23:24:21     all    4.63    0.00    1.29    0.26    0.00    0.00    0.00    0.00    0.00   93.83
23:24:22     all    3.08    0.00    0.51    0.00    0.00    0.00    0.00    0.00    0.00   96.41
23:24:23     all    4.35    0.00    1.02    0.00    0.00    0.26    0.00    0.00    0.00   94.37
23:24:24     all    4.35    0.00    1.02    0.00    0.00    0.00    0.00    0.00    0.00   94.63
23:24:25     all    4.38    0.00    1.03    0.00    0.00    0.26    0.00    0.00    0.00   94.33
23:24:26     all    4.36    0.00    1.28    0.00    0.00    0.00    0.00    0.00    0.00   94.36
23:24:27     all    4.65    0.00    1.03    0.00    0.00    0.00    0.00    0.00    0.00   94.32
23:24:28     all    4.37    0.00    0.77    0.00    0.00    0.00    0.00    0.00    0.00   94.86
23:24:29     all    4.35    0.00    0.77    0.00    0.00    0.26    0.00    0.00    0.00   94.63
23:24:30     all    4.88    0.00    1.03    0.00    0.00    0.00    0.00    0.00    0.00   94.09
23:24:31     all    5.33    0.00    2.03    0.00    0.00    0.76    0.00    0.00    0.00   91.88
23:24:32     all    4.38    0.00    0.77    0.00    0.00    0.00    0.00    0.00    0.00   94.85
23:24:33     all    4.62    0.00    1.03    0.00    0.00    0.26    0.00    0.00    0.00   94.10
23:24:34     all    4.62    0.00    1.03    0.00    0.00    0.00    0.00    0.00    0.00   94.36
23:24:35     all    4.88    0.00    1.03    0.00    0.00    0.26    0.00    0.00    0.00   93.83
23:24:36     all    4.86    0.00    1.02    0.26    0.00    0.26    0.00    0.00    0.00   93.61
23:24:37     all    4.60    0.00    1.02    0.00    0.00    0.26    0.00    0.00    0.00   94.12
23:24:38     all    5.15    0.00    1.03    0.00    0.00    0.00    0.00    0.00    0.00   93.81
23:24:39     all    4.92    0.00    0.78    0.26    0.00    0.00    0.00    0.00    0.00   94.04
23:24:40     all    4.11    0.00    1.03    0.00    0.00    0.00    0.00    0.00    0.00   94.86
23:24:41     all    4.63    0.00    1.29    0.00    0.00    0.00    0.00    0.00    0.00   94.09
23:24:42     all    3.84    0.00    0.77    0.00    0.00    0.26    0.00    0.00    0.00   95.14
23:24:43     all    4.64    0.00    1.29    0.00    0.00    0.26    0.00    0.00    0.00   93.81
23:24:44     all    4.65    0.00    1.03    0.00    0.00    0.00    0.00    0.00    0.00   94.32
23:24:45     all    4.59    0.00    0.77    0.00    0.00    0.26    0.00    0.00    0.00   94.39
23:24:46     all    4.36    0.00    1.03    0.00    0.00    0.00    0.00    0.00    0.00   94.62
23:24:47     all    4.62    0.00    1.03    0.00    0.00    0.51    0.00    0.00    0.00   93.85
23:24:48     all    4.34    0.00    1.02    0.00    0.00    0.00    0.00    0.00    0.00   94.64
23:24:49     all    4.65    0.00    1.03    0.26    0.00    0.26    0.00    0.00    0.00   93.80
23:24:50     all    4.36    0.00    1.54    0.00    0.00    0.00    0.00    0.00    0.00   94.10
23:24:51     all    4.60    0.00    1.53    0.00    0.00    0.00    0.00    0.00    0.00   93.86
23:24:52     all    4.36    0.00    1.03    0.00    0.00    0.00    0.00    0.00    0.00   94.62
23:24:53     all    4.11    0.00    1.03    0.00    0.00    0.00    0.00    0.00    0.00   94.86
23:24:54     all    5.34    0.00    1.27    0.25    0.00    0.25    0.00    0.00    0.00   92.88
23:24:55     all    4.35    0.00    1.02    0.26    0.00    0.26    0.00    0.00    0.00   94.12
23:24:56     all    3.78    0.00    0.76    0.00    0.00    1.51    0.00    0.00    0.00   93.95
23:24:57     all    4.57    0.00    1.02    0.00    0.00    1.27    0.00    0.00    0.00   93.15
23:24:58     all    4.09    0.00    2.81    0.00    0.00    0.00    0.00    0.00    0.00   93.09
23:24:59     all    3.35    0.00    4.12    0.00    0.00    0.00    0.00    0.00    0.00   92.53
23:25:00     all    4.59    0.00    4.34    0.00    0.00    0.26    0.00    0.00    0.00   90.82
23:25:01     all    4.08    0.00    3.57    0.26    0.00    0.00    0.00    0.00    0.00   92.09
23:25:02     all    3.31    0.00    3.31    0.00    0.00    0.25    0.00    0.00    0.00   93.13
23:25:03     all    4.63    0.00    4.11    0.00    0.00    0.26    0.00    0.00    0.00   91.00
23:25:04     all    4.09    0.00    4.35    0.00    0.00    0.00    0.00    0.00    0.00   91.56
23:25:05     all    4.60    0.00    4.09    0.00    0.00    0.26    0.00    0.00    0.00   91.05
23:25:06     all    4.37    0.00    4.37    0.00    0.00    0.00    0.00    0.00    0.00   91.26
23:25:07     all    3.84    0.00    3.58    0.26    0.00    0.26    0.00    0.00    0.00   92.07
23:25:08     all    4.08    0.00    4.59    0.00    0.00    0.26    0.00    0.00    0.00   91.07
23:25:09     all    4.60    0.00    4.60    0.00    0.00    0.26    0.00    0.00    0.00   90.54
23:25:10     all    3.86    0.00    3.86    0.00    0.00    0.00    0.00    0.00    0.00   92.29
23:25:11     all    3.58    0.00    4.09    0.00    0.00    0.00    0.00    0.00    0.00   92.33
23:25:12     all    4.62    0.00    4.62    0.00    0.00    0.00    0.00    0.00    0.00   90.77
23:25:13     all    3.60    0.00    3.86    0.00    0.00    0.26    0.00    0.00    0.00   92.29
23:25:14     all    4.09    0.00    4.09    0.00    0.00    0.00    0.00    0.00    0.00   91.82
23:25:15     all    4.10    0.00    4.62    0.00    0.00    0.00    0.00    0.00    0.00   91.28
23:25:16     all    4.10    0.00    4.36    0.00    0.00    0.26    0.00    0.00    0.00   91.28
23:25:17     all    4.08    0.00    4.34    0.00    0.00    0.26    0.00    0.00    0.00   91.33
23:25:18     all    4.37    0.00    4.63    0.00    0.00    0.00    0.00    0.00    0.00   91.00
23:25:19     all    4.37    0.00    3.60    0.00    0.00    0.00    0.00    0.00    0.00   92.03
23:25:20     all    3.82    0.00    4.07    0.00    0.00    0.25    0.00    0.00    0.00   91.86
23:25:21     all    4.60    0.00    4.35    0.00    0.00    0.00    0.00    0.00    0.00   91.05
23:25:22     all    3.85    0.00    4.10    0.26    0.00    0.26    0.00    0.00    0.00   91.54
23:25:23     all    3.30    0.00    4.31    0.00    0.00    0.25    0.00    0.00    0.00   92.13
23:25:24     all    4.35    0.00    4.60    0.00    0.00    0.00    0.00    0.00    0.00   91.05
23:25:25     all    4.07    0.00    4.58    0.00    0.00    0.00    0.00    0.00    0.00   91.35
23:25:26     all    3.59    0.00    3.85    0.00    0.00    0.00    0.00    0.00    0.00   92.56
23:25:27     all    4.56    0.00    4.81    0.51    0.00    0.00    0.00    0.00    0.00   90.13
23:25:28     all    3.84    0.00    4.60    0.00    0.00    0.00    0.00    0.00    0.00   91.56
23:25:29     all    4.34    0.00    4.08    0.00    0.00    0.26    0.00    0.00    0.00   91.33
23:25:30     all    4.07    0.00    4.33    0.00    0.00    0.25    0.00    0.00    0.00   91.35
23:25:31     all    4.36    0.00    5.64    0.00    0.00    0.26    0.00    0.00    0.00   89.74
23:25:32     all    4.33    0.00    4.83    0.25    0.00    0.00    0.00    0.00    0.00   90.59
23:25:33     all    4.35    0.00    5.12    0.00    0.00    0.26    0.00    0.00    0.00   90.28
23:25:34     all    4.58    0.00    4.33    0.00    0.00    0.00    0.00    0.00    0.00   91.09
23:25:35     all    3.84    0.00    4.86    0.00    0.00    0.00    0.00    0.00    0.00   91.30
23:25:36     all    3.83    0.00    4.08    0.00    0.00    0.26    0.00    0.00    0.00   91.84
23:25:37     all    3.83    0.00    4.34    0.00    0.00    0.00    0.00    0.00    0.00   91.84
23:25:38     all    3.82    0.00    4.58    0.25    0.00    0.25    0.00    0.00    0.00   91.09
23:25:39     all    4.60    0.00    4.35    0.00    0.00    0.00    0.00    0.00    0.00   91.05
23:25:40     all    3.84    0.00    4.60    0.00    0.00    0.26    0.00    0.00    0.00   91.30
23:25:41     all    4.34    0.00    1.28    0.00    0.00    0.00    0.00    0.00    0.00   94.39
23:25:42     all    4.12    0.00    1.55    0.00    0.00    0.00    0.00    0.00    0.00   94.33
23:25:43     all    5.08    0.00    1.02    0.00    0.00    0.51    0.00    0.00    0.00   93.40
23:25:44     all    4.38    0.00    1.29    0.26    0.00    0.00    0.00    0.00    0.00   94.07
23:25:45     all    4.35    0.00    1.28    0.00    0.00    0.26    0.00    0.00    0.00   94.12
23:25:46     all    4.11    0.00    0.77    0.00    0.00    0.26    0.00    0.00    0.00   94.86
23:25:47     all    4.34    0.00    1.53    0.00    0.00    0.00    0.00    0.00    0.00   94.13
23:25:48     all    5.12    0.00    1.02    0.00    0.00    0.26    0.00    0.00    0.00   93.61
23:25:49     all    4.90    0.00    0.77    0.00    0.00    0.26    0.00    0.00    0.00   94.07
23:25:50     all    4.10    0.00    1.03    0.26    0.00    0.00    0.00    0.00    0.00   94.62
23:25:51     all    4.90    0.00    1.29    0.00    0.00    0.00    0.00    0.00    0.00   93.81
23:25:52     all    5.09    0.00    1.27    0.00    0.00    0.25    0.00    0.00    0.00   93.38
23:25:53     all    4.86    0.00    1.02    0.00    0.00    0.00    0.00    0.00    0.00   94.12
23:25:54     all    4.08    0.00    1.28    0.00    0.00    0.26    0.00    0.00    0.00   94.39
23:25:55     all    5.36    0.00    1.28    0.00    0.00    0.51    0.00    0.00    0.00   92.86
23:25:56     all    4.87    0.00    1.54    0.00    0.00    0.00    0.00    0.00    0.00   93.59
23:25:57     all    4.60    0.00    1.28    0.00    0.00    0.00    0.00    0.00    0.00   94.12
23:25:58     all    5.12    0.00    1.28    0.00    0.00    0.26    0.00    0.00    0.00   93.35
23:25:59     all    4.59    0.00    1.02    0.00    0.00    0.26    0.00    0.00    0.00   94.13
23:26:00     all    4.38    0.00    1.03    0.00    0.00    0.00    0.00    0.00    0.00   94.59
23:26:01     all    3.81    0.00    0.76    0.00    0.00    0.25    0.00    0.00    0.00   95.18
23:26:02     all    4.82    0.00    1.52    0.51    0.00    0.00    0.00    0.00    0.00   93.15
23:26:03     all    5.13    0.00    1.28    0.00    0.00    0.26    0.00    0.00    0.00   93.33
23:26:04     all    4.36    0.00    1.03    0.00    0.00    0.00    0.00    0.00    0.00   94.62
23:26:05     all    4.60    0.00    1.28    0.00    0.00    0.00    0.00    0.00    0.00   94.12
23:26:06     all    4.88    0.00    1.03    0.00    0.00    0.00    0.00    0.00    0.00   94.09
23:26:07     all    4.36    0.00    1.28    0.00    0.00    0.26    0.00    0.00    0.00   94.10
23:26:08     all    4.33    0.00    1.02    0.00    0.00    0.00    0.00    0.00    0.00   94.66
23:26:09     all    3.85    0.00    1.28    0.00    0.00    0.26    0.00    0.00    0.00   94.62
23:26:10     all    4.30    0.00    1.01    0.00    0.00    0.25    0.00    0.00    0.00   94.43
23:26:11     all    4.35    0.00    1.02    0.00    0.00    0.26    0.00    0.00    0.00   94.37
23:26:12     all    3.82    0.00    1.02    0.25    0.00    0.51    0.00    0.00    0.00   94.40
23:26:13     all    4.35    0.00    1.02    0.00    0.00    0.51    0.00    0.00    0.00   94.12
23:26:14     all    3.80    0.00    1.27    0.00    0.00    0.25    0.00    0.00    0.00   94.68
23:26:15     all    4.37    0.00    1.03    0.00    0.00    0.26    0.00    0.00    0.00   94.34
23:26:16     all    4.10    0.00    1.28    0.00    0.00    0.00    0.00    0.00    0.00   94.62
23:26:17     all    3.81    0.00    0.76    0.00    0.00    0.00    0.00    0.00    0.00   95.43
23:26:18     all    4.11    0.00    1.03    0.26    0.00    0.26    0.00    0.00    0.00   94.34
23:26:19     all    4.60    0.00    1.28    0.00    0.00    0.26    0.00    0.00    0.00   93.86
23:26:20     all    4.63    0.00    1.03    0.00    0.00    0.00    0.00    0.00    0.00   94.34
23:26:21     all    4.85    0.00    1.02    0.00    0.00    0.51    0.00    0.00    0.00   93.62
23:26:22     all    4.91    0.00    0.78    0.00    0.00    0.00    0.00    0.00    0.00   94.32
23:26:23     all    3.60    0.00    0.77    0.00    0.00    0.26    0.00    0.00    0.00   95.37
23:26:24     all    4.35    0.00    0.77    0.00    0.00    0.00    0.00    0.00    0.00   94.88
23:26:25     all    4.62    0.00    1.28    0.00    0.00    0.00    0.00    0.00    0.00   94.10
23:26:26     all    4.10    0.00    2.82    0.00    0.00    0.51    0.00    0.00    0.00   92.56
23:26:27     all    3.85    0.00    4.10    0.00    0.00    0.00    0.00    0.00    0.00   92.05
23:26:28     all    4.13    0.00    4.91    0.00    0.00    0.00    0.00    0.00    0.00   90.96
23:26:29     all    3.84    0.00    4.86    0.00    0.00    0.00    0.00    0.00    0.00   91.30
23:26:30     all    4.06    0.00    4.31    0.51    0.00    0.25    0.00    0.00    0.00   90.86
23:26:31     all    4.11    0.00    5.66    0.00    0.00    0.26    0.00    0.00    0.00   89.97
23:26:32     all    4.34    0.00    4.85    0.00    0.00    0.77    0.00    0.00    0.00   90.05
23:26:33     all    3.85    0.00    5.13    0.00    0.00    0.00    0.00    0.00    0.00   91.03
23:26:34     all    5.34    0.00    4.58    0.00    0.00    0.00    0.00    0.00    0.00   90.08
23:26:35     all    4.86    0.00    4.86    0.00    0.00    0.26    0.00    0.00    0.00   90.03
23:26:36     all    4.33    0.00    4.33    0.00    0.00    0.25    0.00    0.00    0.00   91.09
23:26:37     all    4.62    0.00    4.36    0.00    0.00    0.26    0.00    0.00    0.00   90.77
23:26:38     all    4.34    0.00    5.10    0.00    0.00    0.00    0.00    0.00    0.00   90.56
23:26:39     all    4.35    0.00    4.35    0.00    0.00    0.00    0.00    0.00    0.00   91.30
23:26:40     all    3.83    0.00    4.59    0.00    0.00    0.00    0.00    0.00    0.00   91.58
23:26:41     all    4.07    0.00    4.33    0.00    0.00    0.51    0.00    0.00    0.00   91.09
23:26:42     all    3.84    0.00    4.60    0.00    0.00    0.00    0.00    0.00    0.00   91.56
23:26:43     all    3.82    0.00    4.33    0.00    0.00    0.25    0.00    0.00    0.00   91.60
23:26:44     all    4.87    0.00    4.87    0.00    0.00    0.00    0.00    0.00    0.00   90.26
23:26:45     all    4.29    0.00    4.55    0.51    0.00    0.25    0.00    0.00    0.00   90.40
23:26:46     all    4.60    0.00    5.12    0.00    0.00    0.00    0.00    0.00    0.00   90.28
23:26:47     all    4.64    0.00    4.64    0.00    0.00    0.00    0.00    0.00    0.00   90.72
23:26:48     all    4.57    0.00    4.57    0.00    0.00    0.25    0.00    0.00    0.00   90.61
23:26:49     all    4.59    0.00    4.34    0.00    0.00    0.26    0.00    0.00    0.00   90.82
23:26:50     all    3.82    0.00    5.60    0.00    0.00    0.25    0.00    0.00    0.00   90.33
23:26:51     all    4.63    0.00    4.88    0.00    0.00    0.00    0.00    0.00    0.00   90.49
23:26:52     all    3.83    0.00    4.34    0.00    0.00    0.00    0.00    0.00    0.00   91.84
23:26:53     all    4.08    0.00    4.34    0.00    0.00    0.00    0.00    0.00    0.00   91.58
23:26:54     all    4.08    0.00    4.34    0.00    0.00    0.26    0.00    0.00    0.00   91.33
23:26:55     all    3.54    0.00    3.54    0.25    0.00    0.25    0.00    0.00    0.00   92.41
23:26:56     all    4.58    0.00    4.33    0.00    0.00    0.25    0.00    0.00    0.00   90.84
23:26:57     all    4.03    0.00    4.28    0.00    0.00    1.26    0.00    0.00    0.00   90.43
23:26:58     all    4.12    0.00    4.64    0.00    0.00    0.00    0.00    0.00    0.00   91.24
23:26:59     all    4.36    0.00    3.85    0.00    0.00    0.00    0.00    0.00    0.00   91.79
23:27:00     all    4.86    0.00    1.53    0.00    0.00    0.26    0.00    0.00    0.00   93.35
23:27:01     all    3.83    0.00    1.02    0.26    0.00    0.26    0.00    0.00    0.00   94.64
23:27:02     all    4.40    0.00    1.55    0.00    0.00    0.00    0.00    0.00    0.00   94.04
23:27:03     all    4.58    0.00    4.33    0.00    0.00    0.00    0.00    0.00    0.00   91.09
23:27:04     all    4.56    0.00    3.80    0.00    0.00    0.51    0.00    0.00    0.00   91.14
23:27:05     all    4.33    0.00    4.58    0.00    0.00    0.51    0.00    0.00    0.00   90.59
23:27:06     all    4.07    0.00    4.33    0.00    0.00    0.76    0.00    0.00    0.00   90.84
23:27:07     all    3.58    0.00    4.09    0.00    0.00    0.26    0.00    0.00    0.00   92.07
23:27:08     all    4.30    0.00    4.05    0.00    0.00    0.76    0.00    0.00    0.00   90.89
23:27:09     all    4.09    0.00    4.35    0.00    0.00    0.26    0.00    0.00    0.00   91.30
23:27:10     all    3.56    0.00    4.83    0.00    0.00    0.76    0.00    0.00    0.00   90.84
23:27:11     all    3.83    0.00    4.08    0.26    0.00    0.51    0.00    0.00    0.00   91.33
23:27:12     all    3.84    0.00    4.35    0.00    0.00    0.51    0.00    0.00    0.00   91.30
23:27:13     all    3.31    0.00    3.82    0.00    0.00    0.51    0.00    0.00    0.00   92.37
23:27:14     all    3.33    0.00    4.36    0.00    0.00    0.26    0.00    0.00    0.00   92.05
23:27:15     all    4.58    0.00    4.83    0.00    0.00    0.25    0.00    0.00    0.00   90.33
23:27:16     all    3.56    0.00    3.56    0.00    0.00    0.51    0.00    0.00    0.00   92.37
23:27:17     all    4.37    0.00    4.63    0.00    0.00    0.26    0.00    0.00    0.00   90.75
23:27:18     all    3.55    0.00    4.31    0.00    0.00    0.51    0.00    0.00    0.00   91.62
23:27:19     all    4.07    0.00    4.33    0.00    0.00    0.51    0.00    0.00    0.00   91.09
23:27:20     all    3.31    0.00    4.07    0.00    0.00    0.51    0.00    0.00    0.00   92.11
23:27:21     all    4.35    0.00    4.09    0.00    0.00    0.26    0.00    0.00    0.00   91.30
23:27:22     all    4.36    0.00    4.87    0.26    0.00    0.26    0.00    0.00    0.00   90.26
23:27:23     all    4.35    0.00    4.86    0.00    0.00    0.00    0.00    0.00    0.00   90.79
23:27:24     all    3.83    0.00    4.34    0.00    0.00    0.26    0.00    0.00    0.00   91.58
23:27:25     all    4.08    0.00    4.59    0.00    0.00    0.26    0.00    0.00    0.00   91.07
23:27:26     all    4.31    0.00    4.57    0.00    0.00    0.51    0.00    0.00    0.00   90.61
23:27:27     all    3.05    0.00    3.81    0.25    0.00    0.25    0.00    0.00    0.00   92.64
23:27:28     all    4.58    0.00    4.83    0.00    0.00    0.00    0.00    0.00    0.00   90.59
23:27:29     all    4.35    0.00    4.60    0.00    0.00    0.00    0.00    0.00    0.00   91.05
23:27:30     all    3.84    0.00    4.60    0.00    0.00    0.00    0.00    0.00    0.00   91.56
23:27:31     all    4.35    0.00    5.37    0.00    0.00    0.77    0.00    0.00    0.00   89.51
23:27:32     all    4.06    0.00    4.82    0.25    0.00    0.25    0.00    0.00    0.00   90.61
23:27:33     all    3.58    0.00    4.60    0.00    0.00    0.00    0.00    0.00    0.00   91.82
23:27:34     all    4.35    0.00    4.09    0.00    0.00    0.26    0.00    0.00    0.00   91.30
23:27:35     all    4.86    0.00    4.86    0.00    0.00    0.00    0.00    0.00    0.00   90.28
23:27:36     all    4.34    0.00    4.85    0.00    0.00    0.26    0.00    0.00    0.00   90.56
23:27:37     all    4.07    0.00    4.07    0.25    0.00    0.51    0.00    0.00    0.00   91.09
23:27:38     all    4.58    0.00    4.07    0.00    0.00    0.51    0.00    0.00    0.00   90.84
23:27:39     all    3.85    0.00    3.85    0.00    0.00    0.00    0.00    0.00    0.00   92.31
23:27:40     all    4.36    0.00    4.36    0.00    0.00    0.26    0.00    0.00    0.00   91.03
23:27:41     all    4.59    0.00    3.57    0.00    0.00    0.26    0.00    0.00    0.00   91.58
23:27:42     all    4.60    0.00    4.60    0.00    0.00    0.26    0.00    0.00    0.00   90.54
23:27:43     all    4.55    0.00    4.55    0.00    0.00    1.26    0.00    0.00    0.00   89.65
23:27:44     all    3.88    0.00    4.13    0.00    0.00    0.00    0.00    0.00    0.00   91.99
23:27:45     all    4.07    0.00    4.07    0.00    0.00    0.25    0.00    0.00    0.00   91.60
23:27:46     all    3.86    0.00    4.37    0.00    0.00    0.00    0.00    0.00    0.00   91.77
23:27:47     all    4.09    0.00    4.60    0.00    0.00    0.00    0.00    0.00    0.00   91.30
23:27:48     all    3.61    0.00    4.64    0.00    0.00    0.00    0.00    0.00    0.00   91.75
23:27:49     all    4.86    0.00    3.84    0.26    0.00    0.26    0.00    0.00    0.00   90.79
23:27:50     all    4.11    0.00    4.11    0.00    0.00    0.26    0.00    0.00    0.00   91.52
23:27:51     all    4.83    0.00    4.33    0.00    0.00    0.00    0.00    0.00    0.00   90.84
23:27:52     all    4.12    0.00    5.15    0.00    0.00    0.00    0.00    0.00    0.00   90.72
23:27:53     all    4.36    0.00    4.62    0.00    0.00    0.26    0.00    0.00    0.00   90.77
23:27:54     all    4.87    0.00    4.62    0.00    0.00    0.00    0.00    0.00    0.00   90.51
23:27:55     all    3.83    0.00    4.59    0.26    0.00    0.26    0.00    0.00    0.00   91.07
23:27:56     all    4.11    0.00    4.88    0.00    0.00    0.00    0.00    0.00    0.00   91.00
23:27:57     all    4.37    0.00    4.37    0.00    0.00    0.26    0.00    0.00    0.00   91.00
23:27:58     all    4.58    0.00    4.58    0.00    0.00    0.25    0.00    0.00    0.00   90.59
23:27:59     all    4.36    0.00    4.62    0.00    0.00    0.00    0.00    0.00    0.00   91.03
23:28:00     all    4.58    0.00    5.09    0.00    0.00    0.25    0.00    0.00    0.00   90.08
23:28:01     all    4.10    0.00    4.87    0.26    0.00    0.00    0.00    0.00    0.00   90.77
23:28:02     all    4.35    0.00    3.84    0.00    0.00    0.26    0.00    0.00    0.00   91.56
23:28:03     all    4.08    0.00    4.85    0.00    0.00    0.51    0.00    0.00    0.00   90.56
23:28:04     all    4.09    0.00    5.12    0.00    0.00    0.51    0.00    0.00    0.00   90.28
23:28:05     all    4.09    0.00    4.09    0.00    0.00    0.77    0.00    0.00    0.00   91.05
23:28:06     all    3.56    0.00    4.07    0.00    0.00    0.25    0.00    0.00    0.00   92.11
23:28:07     all    4.06    0.00    4.57    0.00    0.00    0.51    0.00    0.00    0.00   90.86
23:28:08     all    3.84    0.00    3.07    0.00    0.00    0.26    0.00    0.00    0.00   92.84
23:28:09     all    4.06    0.00    4.31    0.00    0.00    0.51    0.00    0.00    0.00   91.12
23:28:10     all    4.08    0.00    4.85    0.00    0.00    0.26    0.00    0.00    0.00   90.82
23:28:11     all    4.09    0.00    4.86    0.26    0.00    0.51    0.00    0.00    0.00   90.28
23:28:12     all    3.58    0.00    3.84    0.00    0.00    0.51    0.00    0.00    0.00   92.07
23:28:13     all    4.28    0.00    4.53    0.00    0.00    0.76    0.00    0.00    0.00   90.43
23:28:14     all    3.85    0.00    4.62    0.00    0.00    0.26    0.00    0.00    0.00   91.28
23:28:15     all    4.35    0.00    3.07    0.00    0.00    0.26    0.00    0.00    0.00   92.33
23:28:16     all    3.82    0.00    4.33    0.00    0.00    0.25    0.00    0.00    0.00   91.60
23:28:17     all    4.37    0.00    4.11    0.26    0.00    0.26    0.00    0.00    0.00   91.00
23:28:18     all    3.84    0.00    5.12    0.00    0.00    0.26    0.00    0.00    0.00   90.79
23:28:19     all    4.60    0.00    4.60    0.00    0.00    0.00    0.00    0.00    0.00   90.79
23:28:20     all    4.35    0.00    4.09    0.00    0.00    0.26    0.00    0.00    0.00   91.30
23:28:21     all    4.35    0.00    3.84    0.00    0.00    0.00    0.00    0.00    0.00   91.82
23:28:22     all    4.36    0.00    1.28    0.51    0.00    0.26    0.00    0.00    0.00   93.59
23:28:23     all    3.60    0.00    3.86    0.00    0.00    0.00    0.00    0.00    0.00   92.54
23:28:24     all    4.35    0.00    4.60    0.00    0.00    0.00    0.00    0.00    0.00   91.05
23:28:25     all    4.88    0.00    3.60    0.00    0.00    0.26    0.00    0.00    0.00   91.26
23:28:26     all    4.10    0.00    4.10    0.00    0.00    0.26    0.00    0.00    0.00   91.54
23:28:27     all    4.30    0.00    4.05    0.00    0.00    0.51    0.00    0.00    0.00   91.14
23:28:28     all    4.10    0.00    4.62    0.00    0.00    0.26    0.00    0.00    0.00   91.03
23:28:29     all    3.58    0.00    4.35    0.00    0.00    0.26    0.00    0.00    0.00   91.82
23:28:30     all    4.08    0.00    4.08    0.00    0.00    0.51    0.00    0.00    0.00   91.33
23:28:31     all    4.05    0.00    5.57    0.00    0.00    1.01    0.00    0.00    0.00   89.37
23:28:32     all    4.60    0.00    4.35    0.00    0.00    0.00    0.00    0.00    0.00   91.05
23:28:33     all    4.11    0.00    4.63    0.00    0.00    0.00    0.00    0.00    0.00   91.26
23:28:34     all    3.88    0.00    4.65    0.26    0.00    0.00    0.00    0.00    0.00   91.21
23:28:35     all    3.05    0.00    3.30    0.00    0.00    0.00    0.00    0.00    0.00   93.65
23:28:36     all    3.86    0.00    4.11    0.00    0.00    0.00    0.00    0.00    0.00   92.03
23:28:37     all    4.63    0.00    4.11    0.00    0.00    0.00    0.00    0.00    0.00   91.26
23:28:38     all    4.35    0.00    4.35    0.00    0.00    0.26    0.00    0.00    0.00   91.05
23:28:39     all    4.36    0.00    4.62    0.00    0.00    0.26    0.00    0.00    0.00   90.77
23:28:40     all    4.12    0.00    4.12    0.00    0.00    0.00    0.00    0.00    0.00   91.75
23:28:41     all    4.37    0.00    4.11    0.00    0.00    0.00    0.00    0.00    0.00   91.52
23:28:42     all    4.37    0.00    4.11    0.00    0.00    0.00    0.00    0.00    0.00   91.52
23:28:43     all    4.62    0.00    4.10    0.00    0.00    0.00    0.00    0.00    0.00   91.28
23:28:44     all    4.31    0.00    4.31    0.25    0.00    0.51    0.00    0.00    0.00   90.61
23:28:45     all    4.11    0.00    3.86    0.00    0.00    0.26    0.00    0.00    0.00   91.77
23:28:46     all    4.11    0.00    4.37    0.00    0.00    0.00    0.00    0.00    0.00   91.52
23:28:47     all    4.90    0.00    4.38    0.00    0.00    0.00    0.00    0.00    0.00   90.72
23:28:48     all    4.36    0.00    4.36    0.00    0.00    0.00    0.00    0.00    0.00   91.28
23:28:49     all    4.64    0.00    4.64    0.00    0.00    0.00    0.00    0.00    0.00   90.72
23:28:50     all    4.36    0.00    4.62    0.00    0.00    0.26    0.00    0.00    0.00   90.77
23:28:51     all    3.60    0.00    4.63    0.00    0.00    0.26    0.00    0.00    0.00   91.52
23:28:52     all    3.85    0.00    4.10    0.00    0.00    0.00    0.00    0.00    0.00   92.05
23:28:53     all    4.87    0.00    4.36    0.00    0.00    0.00    0.00    0.00    0.00   90.77
23:28:54     all    4.34    0.00    4.08    0.26    0.00    0.26    0.00    0.00    0.00   91.07
23:28:55     all    4.09    0.00    4.86    0.00    0.00    0.26    0.00    0.00    0.00   90.79
23:28:56     all    4.38    0.00    4.90    0.00    0.00    0.00    0.00    0.00    0.00   90.72
23:28:57     all    4.11    0.00    4.11    0.00    0.00    0.00    0.00    0.00    0.00   91.77
23:28:58     all    4.63    0.00    4.11    0.00    0.00    0.00    0.00    0.00    0.00   91.26
23:28:59     all    4.10    0.00    4.62    0.00    0.00    0.26    0.00    0.00    0.00   91.03
23:29:00     all    4.35    0.00    4.86    0.00    0.00    0.26    0.00    0.00    0.00   90.54
23:29:01     all    3.88    0.00    4.13    0.00    0.00    0.00    0.00    0.00    0.00   91.99
23:29:02     all    4.33    0.00    5.09    0.00    0.00    0.25    0.00    0.00    0.00   90.33
23:29:03     all    4.08    0.00    4.34    0.00    0.00    0.26    0.00    0.00    0.00   91.33
23:29:04     all    4.08    0.00    4.34    0.51    0.00    0.00    0.00    0.00    0.00   91.07
23:29:05     all    4.33    0.00    5.09    0.00    0.00    0.25    0.00    0.00    0.00   90.33
23:29:06     all    4.33    0.00    4.83    0.00    0.00    0.25    0.00    0.00    0.00   90.59
23:29:07     all    3.61    0.00    4.64    0.00    0.00    0.00    0.00    0.00    0.00   91.75
23:29:08     all    4.33    0.00    4.58    0.00    0.00    0.51    0.00    0.00    0.00   90.59
23:29:09     all    4.36    0.00    3.85    0.00    0.00    0.00    0.00    0.00    0.00   91.79
23:29:10     all    4.36    0.00    4.62    0.00    0.00    0.00    0.00    0.00    0.00   91.03
23:29:11     all    4.36    0.00    4.10    0.00    0.00    0.26    0.00    0.00    0.00   91.28
23:29:12     all    4.62    0.00    4.36    0.00    0.00    0.00    0.00    0.00    0.00   91.03
23:29:13     all    4.37    0.00    4.63    0.00    0.00    0.00    0.00    0.00    0.00   91.00
23:29:14     all    4.35    0.00    3.84    0.00    0.00    0.26    0.00    0.00    0.00   91.56
23:29:15     all    4.07    0.00    3.82    0.25    0.00    0.25    0.00    0.00    0.00   91.60
23:29:16     all    4.35    0.00    4.35    0.00    0.00    0.00    0.00    0.00    0.00   91.30
23:29:17     all    3.88    0.00    4.13    0.00    0.00    0.00    0.00    0.00    0.00   91.99
23:29:18     all    3.83    0.00    3.83    0.00    0.00    0.26    0.00    0.00    0.00   92.09
23:29:19     all    3.59    0.00    4.87    0.00    0.00    0.00    0.00    0.00    0.00   91.54
23:29:20     all    4.10    0.00    3.85    0.00    0.00    0.51    0.00    0.00    0.00   91.54
23:29:21     all    4.87    0.00    4.62    0.00    0.00    0.00    0.00    0.00    0.00   90.51
23:29:22     all    3.84    0.00    3.84    0.00    0.00    0.00    0.00    0.00    0.00   92.33
23:29:23     all    4.59    0.00    3.57    0.00    0.00    0.51    0.00    0.00    0.00   91.33
23:29:24     all    4.11    0.00    3.86    0.00    0.00    0.00    0.00    0.00    0.00   92.03
23:29:25     all    4.34    0.00    4.59    0.51    0.00    0.00    0.00    0.00    0.00   90.56
23:29:26     all    4.88    0.00    4.63    0.00    0.00    0.26    0.00    0.00    0.00   90.23
23:29:27     all    3.58    0.00    4.09    0.00    0.00    0.00    0.00    0.00    0.00   92.33
23:29:28     all    4.08    0.00    4.59    0.00    0.00    0.26    0.00    0.00    0.00   91.07
23:29:29     all    4.11    0.00    4.37    0.00    0.00    0.26    0.00    0.00    0.00   91.26
23:29:30     all    4.10    0.00    3.85    0.00    0.00    0.00    0.00    0.00    0.00   92.05
23:29:31     all    4.07    0.00    5.34    0.00    0.00    0.76    0.00    0.00    0.00   89.82
23:29:32     all    3.86    0.00    4.11    0.00    0.00    0.00    0.00    0.00    0.00   92.03
23:29:33     all    3.57    0.00    4.08    0.00    0.00    0.00    0.00    0.00    0.00   92.35
23:29:34     all    3.86    0.00    4.11    0.00    0.00    0.00    0.00    0.00    0.00   92.03
23:29:35     all    4.34    0.00    4.34    0.26    0.00    0.26    0.00    0.00    0.00   90.82
23:29:36     all    3.57    0.00    3.32    0.00    0.00    0.26    0.00    0.00    0.00   92.86
23:29:37     all    4.09    0.00    4.09    0.00    0.00    0.00    0.00    0.00    0.00   91.82
23:29:38     all    4.12    0.00    4.64    0.00    0.00    0.00    0.00    0.00    0.00   91.24
23:29:39     all    4.09    0.00    4.35    0.00    0.00    0.26    0.00    0.00    0.00   91.30
23:29:40     all    4.11    0.00    4.11    0.00    0.00    0.00    0.00    0.00    0.00   91.77
23:29:41     all    3.85    0.00    4.10    0.00    0.00    0.00    0.00    0.00    0.00   92.05
23:29:42     all    4.35    0.00    4.35    0.00    0.00    0.26    0.00    0.00    0.00   91.05
23:29:43     all    1.78    0.00    1.78    0.00    0.00    0.00    0.00    0.00    0.00   96.45
23:29:44     all    4.10    0.00    2.31    0.00    0.00    0.51    0.00    0.00    0.00   93.08
23:29:45     all    4.36    0.00    1.03    0.51    0.00    0.00    0.00    0.00    0.00   94.10
23:29:46     all    5.34    0.00    4.07    0.00    0.00    0.25    0.00    0.00    0.00   90.33
23:29:47     all    4.10    0.00    3.59    0.00    0.00    0.26    0.00    0.00    0.00   92.05
23:29:48     all    4.10    0.00    3.59    0.00    0.00    0.00    0.00    0.00    0.00   92.31
23:29:49     all    4.35    0.00    4.09    0.00    0.00    0.00    0.00    0.00    0.00   91.56
23:29:50     all    4.36    0.00    5.13    0.00    0.00    0.26    0.00    0.00    0.00   90.26
23:29:51     all    4.40    0.00    4.66    0.00    0.00    0.00    0.00    0.00    0.00   90.93
23:29:52     all    4.58    0.00    4.58    0.00    0.00    0.25    0.00    0.00    0.00   90.59
23:29:53     all    4.09    0.00    3.84    0.00    0.00    0.00    0.00    0.00    0.00   92.07
23:29:54     all    4.38    0.00    4.38    0.00    0.00    0.26    0.00    0.00    0.00   90.98
23:29:55     all    4.10    0.00    4.10    0.00    0.00    0.00    0.00    0.00    0.00   91.79
23:29:56     all    4.58    0.00    4.83    0.00    0.00    0.25    0.00    0.00    0.00   90.33
23:29:57     all    4.35    0.00    4.35    0.51    0.00    0.00    0.00    0.00    0.00   90.79
23:29:58     all    4.35    0.00    3.84    0.00    0.00    0.26    0.00    0.00    0.00   91.56
23:29:59     all    4.39    0.00    4.13    0.00    0.00    0.00    0.00    0.00    0.00   91.47
23:30:00     all    4.36    0.00    4.36    0.00    0.00    0.00    0.00    0.00    0.00   91.28
23:30:01     all    4.08    0.00    4.34    0.26    0.00    0.51    0.00    0.00    0.00   90.82
23:30:02     all    4.34    0.00    3.57    0.00    0.00    0.26    0.00    0.00    0.00   91.84
23:30:03     all    4.64    0.00    3.61    0.00    0.00    0.00    0.00    0.00    0.00   91.75
23:30:04     all    4.08    0.00    4.85    0.00    0.00    0.00    0.00    0.00    0.00   91.07
23:30:05     all    4.37    0.00    4.63    0.00    0.00    0.26    0.00    0.00    0.00   90.75
23:30:06     all    3.58    0.00    4.35    0.00    0.00    0.00    0.00    0.00    0.00   92.07
23:30:07     all    4.36    0.00    4.62    0.26    0.00    0.26    0.00    0.00    0.00   90.51
23:30:08     all    4.35    0.00    3.84    0.00    0.00    0.00    0.00    0.00    0.00   91.82
23:30:09     all    3.83    0.00    4.85    0.00    0.00    0.26    0.00    0.00    0.00   91.07
23:30:10     all    4.11    0.00    3.86    0.00    0.00    0.00    0.00    0.00    0.00   92.03
23:30:11     all    4.60    0.00    3.58    0.00    0.00    0.26    0.00    0.00    0.00   91.56
23:30:12     all    4.63    0.00    4.11    0.00    0.00    0.00    0.00    0.00    0.00   91.26
23:30:13     all    4.37    0.00    4.37    0.00    0.00    0.26    0.00    0.00    0.00   91.00
23:30:14     all    4.11    0.00    4.88    0.00    0.00    0.00    0.00    0.00    0.00   91.00
23:30:15     all    4.11    0.00    4.11    0.00    0.00    0.26    0.00    0.00    0.00   91.52
23:30:16     all    3.82    0.00    3.82    0.00    0.00    0.00    0.00    0.00    0.00   92.37
23:30:17     all    4.11    0.00    4.88    0.00    0.00    0.00    0.00    0.00    0.00   91.00
23:30:18     all    4.36    0.00    4.62    0.51    0.00    0.00    0.00    0.00    0.00   90.51
23:30:19     all    3.84    0.00    3.58    0.00    0.00    0.26    0.00    0.00    0.00   92.33
23:30:20     all    4.34    0.00    4.59    0.00    0.00    0.00    0.00    0.00    0.00   91.07
23:30:21     all    4.36    0.00    4.36    0.00    0.00    0.26    0.00    0.00    0.00   91.03
23:30:22     all    4.37    0.00    3.86    0.00    0.00    0.00    0.00    0.00    0.00   91.77
23:30:23     all    4.35    0.00    4.60    0.00    0.00    0.26    0.00    0.00    0.00   90.79
23:30:24     all    4.35    0.00    4.60    0.00    0.00    0.00    0.00    0.00    0.00   91.05
23:30:25     all    4.09    0.00    4.09    0.00    0.00    0.26    0.00    0.00    0.00   91.56
23:30:26     all    4.63    0.00    4.37    0.00    0.00    0.00    0.00    0.00    0.00   91.00
23:30:27     all    3.85    0.00    4.10    0.00    0.00    0.00    0.00    0.00    0.00   92.05
23:30:28     all    3.85    0.00    4.62    0.26    0.00    0.00    0.00    0.00    0.00   91.28
23:30:29     all    4.36    0.00    4.62    0.00    0.00    0.26    0.00    0.00    0.00   90.77
23:30:30     all    4.09    0.00    4.60    0.00    0.00    0.00    0.00    0.00    0.00   91.30
23:30:31     all    3.82    0.00    5.34    0.00    0.00    0.76    0.00    0.00    0.00   90.08
23:30:32     all    4.59    0.00    5.10    0.00    0.00    0.00    0.00    0.00    0.00   90.31
23:30:33     all    4.59    0.00    4.08    0.00    0.00    0.00    0.00    0.00    0.00   91.33
23:30:34     all    4.62    0.00    4.36    0.26    0.00    0.00    0.00    0.00    0.00   90.77
23:30:35     all    4.34    0.00    4.34    0.00    0.00    0.26    0.00    0.00    0.00   91.07
23:30:36     all    3.86    0.00    3.60    0.00    0.00    0.00    0.00    0.00    0.00   92.54
23:30:37     all    4.60    0.00    4.09    0.00    0.00    0.26    0.00    0.00    0.00   91.05
23:30:38     all    4.62    0.00    4.36    0.00    0.00    0.00    0.00    0.00    0.00   91.03
23:30:39     all    4.34    0.00    4.59    0.00    0.00    0.26    0.00    0.00    0.00   90.82
23:30:40     all    4.37    0.00    4.37    0.00    0.00    0.00    0.00    0.00    0.00   91.26
23:30:41     all    4.33    0.00    4.07    0.00    0.00    0.25    0.00    0.00    0.00   91.35
23:30:42     all    4.11    0.00    4.11    0.00    0.00    0.26    0.00    0.00    0.00   91.52
23:30:43     all    4.35    0.00    3.84    0.00    0.00    0.26    0.00    0.00    0.00   91.56
23:30:44     all    4.10    0.00    4.10    0.00    0.00    0.00    0.00    0.00    0.00   91.79
23:30:45     all    4.59    0.00    4.59    0.26    0.00    0.26    0.00    0.00    0.00   90.31
23:30:46     all    4.35    0.00    4.35    0.00    0.00    0.26    0.00    0.00    0.00   91.05
23:30:47     all    4.36    0.00    4.62    0.00    0.00    0.26    0.00    0.00    0.00   90.77
23:30:48     all    4.35    0.00    4.09    0.00    0.00    0.00    0.00    0.00    0.00   91.56
23:30:49     all    4.58    0.00    4.58    0.00    0.00    0.00    0.00    0.00    0.00   90.84
23:30:50     all    4.63    0.00    4.88    0.26    0.00    0.26    0.00    0.00    0.00   89.97
23:30:51     all    4.60    0.00    4.09    0.00    0.00    0.00    0.00    0.00    0.00   91.30
23:30:52     all    4.08    0.00    4.34    0.00    0.00    0.26    0.00    0.00    0.00   91.33
23:30:53     all    4.36    0.00    4.62    0.00    0.00    0.26    0.00    0.00    0.00   90.77
23:30:54     all    4.35    0.00    4.35    0.00    0.00    0.26    0.00    0.00    0.00   91.05
23:30:55     all    4.35    0.00    4.60    0.51    0.00    0.26    0.00    0.00    0.00   90.28
23:30:56     all    4.60    0.00    4.60    0.00    0.00    0.00    0.00    0.00    0.00   90.79
23:30:57     all    3.85    0.00    3.85    0.00    0.00    0.00    0.00    0.00    0.00   92.31
23:30:58     all    4.60    0.00    4.86    0.00    0.00    0.00    0.00    0.00    0.00   90.54
23:30:59     all    4.38    0.00    2.06    0.00    0.00    0.26    0.00    0.00    0.00   93.30
23:31:00     all    4.33    0.00    1.27    0.00    0.00    0.51    0.00    0.00    0.00   93.89
23:31:01     all    4.63    0.00    1.03    0.00    0.00    0.00    0.00    0.00    0.00   94.34
23:31:02     all    5.17    0.00    0.78    0.00    0.00    0.26    0.00    0.00    0.00   93.80
23:31:03     all    4.62    0.00    1.03    0.00    0.00    0.00    0.00    0.00    0.00   94.36
23:31:04     all    4.62    0.00    1.03    0.00    0.00    0.00    0.00    0.00    0.00   94.36
23:31:05     all    4.62    0.00    1.28    0.00    0.00    0.26    0.00    0.00    0.00   93.85
23:31:06     all    4.88    0.00    0.77    0.00    0.00    0.26    0.00    0.00    0.00   94.09
23:31:07     all    4.36    0.00    1.28    0.00    0.00    0.00    0.00    0.00    0.00   94.36
23:31:08     all    4.10    0.00    1.03    0.26    0.00    0.26    0.00    0.00    0.00   94.36
23:31:09     all    4.90    0.00    0.77    0.00    0.00    0.26    0.00    0.00    0.00   94.07
23:31:10     all    4.87    0.00    1.03    0.00    0.00    0.26    0.00    0.00    0.00   93.85
23:31:11     all    4.34    0.00    1.02    0.00    0.00    0.26    0.00    0.00    0.00   94.39
23:31:12     all    4.39    0.00    1.03    0.00    0.00    0.00    0.00    0.00    0.00   94.57
23:31:13     all    5.12    0.00    0.77    0.00    0.00    0.26    0.00    0.00    0.00   93.86
23:31:14     all    4.90    0.00    1.29    0.00    0.00    0.26    0.00    0.00    0.00   93.56
23:31:15     all    4.85    0.00    0.77    0.00    0.00    0.00    0.00    0.00    0.00   94.39
23:31:16     all    3.85    0.00    1.28    0.00    0.00    0.51    0.00    0.00    0.00   94.36
23:31:17     all    4.90    0.00    0.77    0.00    0.00    0.00    0.00    0.00    0.00   94.33
23:31:18     all    4.35    0.00    1.28    0.00    0.00    0.26    0.00    0.00    0.00   94.12
23:31:19     all    4.85    0.00    1.28    0.00    0.00    0.26    0.00    0.00    0.00   93.62
23:31:20     all    4.13    0.00    1.29    0.00    0.00    0.00    0.00    0.00    0.00   94.57
23:31:21     all    4.57    0.00    1.27    0.51    0.00    0.25    0.00    0.00    0.00   93.40
23:31:22     all    4.88    0.00    1.03    0.00    0.00    0.26    0.00    0.00    0.00   93.83
23:31:23     all    4.64    0.00    0.77    0.00    0.00    0.00    0.00    0.00    0.00   94.59
23:31:24     all    4.62    0.00    1.03    0.00    0.00    0.51    0.00    0.00    0.00   93.85
23:31:25     all    4.63    0.00    1.03    0.00    0.00    0.00    0.00    0.00    0.00   94.34
23:31:26     all    5.15    0.00    1.03    0.00    0.00    0.00    0.00    0.00    0.00   93.81
23:31:27     all    4.36    0.00    0.51    0.00    0.00    0.26    0.00    0.00    0.00   94.87
23:31:28     all    4.36    0.00    1.28    0.00    0.00    0.00    0.00    0.00    0.00   94.36
23:31:29     all    4.88    0.00    0.77    0.00    0.00    0.00    0.00    0.00    0.00   94.34
23:31:30     all    4.59    0.00    1.28    0.00    0.00    0.51    0.00    0.00    0.00   93.62
23:31:31     all    4.62    0.00    2.56    0.26    0.00    0.26    0.00    0.00    0.00   92.31
23:31:32     all    4.64    0.00    0.77    0.00    0.00    0.26    0.00    0.00    0.00   94.33
23:31:33     all    5.37    0.00    1.02    0.00    0.00    0.26    0.00    0.00    0.00   93.35
23:31:34     all    4.63    0.00    1.03    0.00    0.00    0.26    0.00    0.00    0.00   94.09
23:31:35     all    4.86    0.00    1.02    0.00    0.00    0.00    0.00    0.00    0.00   94.12
23:31:36     all    4.37    0.00    1.03    0.00    0.00    0.51    0.00    0.00    0.00   94.09
23:31:37     all    4.60    0.00    1.53    0.00    0.00    0.00    0.00    0.00    0.00   93.86
23:31:38     all    5.10    0.00    1.02    0.00    0.00    0.26    0.00    0.00    0.00   93.62
23:31:39     all    4.63    0.00    1.03    0.00    0.00    0.26    0.00    0.00    0.00   94.09
23:31:40     all    5.40    0.00    1.03    0.00    0.00    0.00    0.00    0.00    0.00   93.57
23:31:41     all    4.37    0.00    1.03    0.26    0.00    0.26    0.00    0.00    0.00   94.09
23:31:42     all    5.15    0.00    1.29    0.00    0.00    0.00    0.00    0.00    0.00   93.56
23:31:43     all    4.35    0.00    1.28    0.00    0.00    0.00    0.00    0.00    0.00   94.37
23:31:44     all    5.12    0.00    1.28    0.00    0.00    0.26    0.00    0.00    0.00   93.35
23:31:45     all    5.13    0.00    1.03    0.00    0.00    0.00    0.00    0.00    0.00   93.85
23:31:46     all    4.59    0.00    1.02    0.26    0.00    0.26    0.00    0.00    0.00   93.88
23:31:47     all    4.88    0.00    1.29    0.00    0.00    0.26    0.00    0.00    0.00   93.57
23:31:48     all    4.37    0.00    0.77    0.00    0.00    0.00    0.00    0.00    0.00   94.86
23:31:49     all    4.62    0.00    1.03    0.00    0.00    0.00    0.00    0.00    0.00   94.36
23:31:50     all    4.65    0.00    1.03    0.00    0.00    0.00    0.00    0.00    0.00   94.32
23:31:51     all    4.35    0.00    1.02    0.00    0.00    0.51    0.00    0.00    0.00   94.12
23:31:52     all    4.83    0.00    1.27    0.51    0.00    0.25    0.00    0.00    0.00   93.13
23:31:53     all    4.91    0.00    1.03    0.00    0.00    0.00    0.00    0.00    0.00   94.06
23:31:54     all    4.60    0.00    1.02    0.00    0.00    0.26    0.00    0.00    0.00   94.12
23:31:55     all    4.40    0.00    0.78    0.00    0.00    0.00    0.00    0.00    0.00   94.82
23:31:56     all    5.61    0.00    0.77    0.00    0.00    0.51    0.00    0.00    0.00   93.11
23:31:57     all    4.87    0.00    1.28    0.00    0.00    0.00    0.00    0.00    0.00   93.85
23:31:58     all    4.63    0.00    1.29    0.00    0.00    0.26    0.00    0.00    0.00   93.83
23:31:59     all    4.65    0.00    1.03    0.00    0.00    0.00    0.00    0.00    0.00   94.32
23:32:00     all    4.36    0.00    1.03    0.00    0.00    0.26    0.00    0.00    0.00   94.36
23:32:01     all    4.62    0.00    1.03    0.00    0.00    0.26    0.00    0.00    0.00   94.10
23:32:02     all    4.88    0.00    0.77    0.00    0.00    0.00    0.00    0.00    0.00   94.34
23:32:03     all    4.64    0.00    1.29    0.00    0.00    0.26    0.00    0.00    0.00   93.81
23:32:04     all    4.85    0.00    1.53    0.26    0.00    0.51    0.00    0.00    0.00   92.86
23:32:05     all    4.37    0.00    1.29    0.00    0.00    0.00    0.00    0.00    0.00   94.34
23:32:06     all    4.62    0.00    1.28    0.00    0.00    0.00    0.00    0.00    0.00   94.10
23:32:07     all    5.12    0.00    0.77    0.00    0.00    0.26    0.00    0.00    0.00   93.86
23:32:08     all    4.88    0.00    1.03    0.00    0.00    0.26    0.00    0.00    0.00   93.83
23:32:09     all    5.17    0.00    1.03    0.00    0.00    0.00    0.00    0.00    0.00   93.80
23:32:10     all    4.37    0.00    1.03    0.00    0.00    0.26    0.00    0.00    0.00   94.34
23:32:11     all    4.85    0.00    1.28    0.00    0.00    0.26    0.00    0.00    0.00   93.62
23:32:12     all    4.64    0.00    1.29    0.00    0.00    0.00    0.00    0.00    0.00   94.07
23:32:13     all    5.14    0.00    1.03    0.00    0.00    0.26    0.00    0.00    0.00   93.57
23:32:14     all    5.12    0.00    1.02    0.00    0.00    0.26    0.00    0.00    0.00   93.61
23:32:15     all    4.63    0.00    1.03    0.00    0.00    0.00    0.00    0.00    0.00   94.34
23:32:16     all    4.60    0.00    1.02    0.51    0.00    0.00    0.00    0.00    0.00   93.86
23:32:17     all    4.87    0.00    1.28    0.00    0.00    0.26    0.00    0.00    0.00   93.59
23:32:18     all    4.37    0.00    1.03    0.00    0.00    0.00    0.00    0.00    0.00   94.60
23:32:19     all    5.37    0.00    0.77    0.00    0.00    0.26    0.00    0.00    0.00   93.61
23:32:20     all    4.39    0.00    1.03    0.00    0.00    0.00    0.00    0.00    0.00   94.57
23:32:21     all    4.38    0.00    0.77    0.00    0.00    0.26    0.00    0.00    0.00   94.59
23:32:22     all    4.34    0.00    1.28    0.00    0.00    0.51    0.00    0.00    0.00   93.88
23:32:23     all    4.64    0.00    0.77    0.00    0.00    0.00    0.00    0.00    0.00   94.59
23:32:24     all    4.37    0.00    1.03    0.00    0.00    0.26    0.00    0.00    0.00   94.34
23:32:25     all    4.87    0.00    1.03    0.00    0.00    0.00    0.00    0.00    0.00   94.10
23:32:26     all    4.62    0.00    1.03    0.26    0.00    0.51    0.00    0.00    0.00   93.59
23:32:27     all    4.60    0.00    1.28    0.00    0.00    0.00    0.00    0.00    0.00   94.12
23:32:28     all    4.57    0.00    1.02    0.00    0.00    0.51    0.00    0.00    0.00   93.91
23:32:29     all    4.59    0.00    1.28    0.00    0.00    0.26    0.00    0.00    0.00   93.88
23:32:30     all    4.33    0.00    1.27    0.00    0.00    0.25    0.00    0.00    0.00   94.15
23:32:31     all    3.82    0.00    2.80    0.25    0.00    0.76    0.00    0.00    0.00   92.37
23:32:32     all    5.64    0.00    1.54    0.00    0.00    0.00    0.00    0.00    0.00   92.82
23:32:33     all    4.62    0.00    0.77    0.00    0.00    0.26    0.00    0.00    0.00   94.36
23:32:34     all    4.36    0.00    1.28    0.00    0.00    0.26    0.00    0.00    0.00   94.10
23:32:35     all    5.41    0.00    1.29    0.00    0.00    0.00    0.00    0.00    0.00   93.30
23:32:36     all    4.37    0.00    1.03    0.26    0.00    0.26    0.00    0.00    0.00   94.09
23:32:37     all    4.64    0.00    1.03    0.00    0.00    0.26    0.00    0.00    0.00   94.07
23:32:38     all    4.63    0.00    1.29    0.00    0.00    0.00    0.00    0.00    0.00   94.09
23:32:39     all    4.88    0.00    1.03    0.00    0.00    0.26    0.00    0.00    0.00   93.83
23:32:40     all    4.33    0.00    1.53    0.00    0.00    0.25    0.00    0.00    0.00   93.89
23:32:41     all    4.85    0.00    1.28    0.00    0.00    0.26    0.00    0.00    0.00   93.62
23:32:42     all    4.91    0.00    1.03    0.26    0.00    0.00    0.00    0.00    0.00   93.80
23:32:43     all    4.59    0.00    1.28    0.00    0.00    0.26    0.00    0.00    0.00   93.88
23:32:44     all    5.17    0.00    1.03    0.00    0.00    0.00    0.00    0.00    0.00   93.80
23:32:45     all    4.83    0.00    1.27    0.00    0.00    0.51    0.00    0.00    0.00   93.38
23:32:46     all    4.62    0.00    1.03    0.00    0.00    0.00    0.00    0.00    0.00   94.36
23:32:47     all    4.29    0.00    1.01    0.00    0.00    1.26    0.00    0.00    0.00   93.43
23:32:48     all    4.34    0.00    1.28    0.26    0.00    0.26    0.00    0.00    0.00   93.88
23:32:49     all    4.06    0.00    1.27    0.00    0.00    0.76    0.00    0.00    0.00   93.91
23:32:50     all    4.10    0.00    1.54    0.00    0.00    0.51    0.00    0.00    0.00   93.85
23:32:51     all    4.58    0.00    1.02    0.00    0.00    0.25    0.00    0.00    0.00   94.15
23:32:52     all    4.10    0.00    1.03    0.00    0.00    0.26    0.00    0.00    0.00   94.62
23:32:53     all    4.07    0.00    1.27    0.00    0.00    0.51    0.00    0.00    0.00   94.15
23:32:54     all    4.58    0.00    1.27    0.25    0.00    0.51    0.00    0.00    0.00   93.38
23:32:55     all    4.35    0.00    1.53    0.00    0.00    0.51    0.00    0.00    0.00   93.61
23:32:56     all    4.34    0.00    1.02    0.00    0.00    0.26    0.00    0.00    0.00   94.39
23:32:57     all    4.36    0.00    1.03    0.00    0.00    0.26    0.00    0.00    0.00   94.36
23:32:58     all    4.60    0.00    1.02    0.00    0.00    0.26    0.00    0.00    0.00   94.12
23:32:59     all    4.34    0.00    1.53    0.26    0.00    0.26    0.00    0.00    0.00   93.62
23:33:00     all    4.94    0.00    1.04    0.00    0.00    0.00    0.00    0.00    0.00   94.03
23:33:01     all    4.88    0.00    1.29    0.00    0.00    0.00    0.00    0.00    0.00   93.83
23:33:02     all    4.87    0.00    1.03    0.00    0.00    0.26    0.00    0.00    0.00   93.85
23:33:03     all    4.88    0.00    1.03    0.00    0.00    0.26    0.00    0.00    0.00   93.83
23:33:04     all    4.37    0.00    1.03    0.00    0.00    0.26    0.00    0.00    0.00   94.34
23:33:05     all    5.36    0.00    1.28    0.00    0.00    0.26    0.00    0.00    0.00   93.11
23:33:06     all    4.90    0.00    1.03    0.00    0.00    0.00    0.00    0.00    0.00   94.07
23:33:07     all    4.35    0.00    1.28    0.00    0.00    0.26    0.00    0.00    0.00   94.12
23:33:08     all    5.43    0.00    1.29    0.00    0.00    0.26    0.00    0.00    0.00   93.02
23:33:09     all    4.85    0.00    1.02    0.00    0.00    0.26    0.00    0.00    0.00   93.88
23:33:10     all    4.62    0.00    0.77    0.26    0.00    0.51    0.00    0.00    0.00   93.85
23:33:11     all    4.12    0.00    1.29    0.00    0.00    0.00    0.00    0.00    0.00   94.59
23:33:12     all    4.12    0.00    1.03    0.00    0.00    0.00    0.00    0.00    0.00   94.85
23:33:13     all    5.12    0.00    1.28    0.00    0.00    0.00    0.00    0.00    0.00   93.61
23:33:14     all    4.65    0.00    0.78    0.00    0.00    0.26    0.00    0.00    0.00   94.32
23:33:15     all    4.62    0.00    1.03    0.26    0.00    0.00    0.00    0.00    0.00   94.10
23:33:16     all    5.14    0.00    1.03    0.00    0.00    0.26    0.00    0.00    0.00   93.57
23:33:17     all    4.09    0.00    0.77    0.00    0.00    0.26    0.00    0.00    0.00   94.88
23:33:18     all    4.90    0.00    0.77    0.00    0.00    0.26    0.00    0.00    0.00   94.07
23:33:19     all    4.58    0.00    1.02    0.00    0.00    0.25    0.00    0.00    0.00   94.15
23:33:20     all    4.62    0.00    1.54    0.00    0.00    0.26    0.00    0.00    0.00   93.59
23:33:21     all    5.12    0.00    1.28    0.26    0.00    0.00    0.00    0.00    0.00   93.35
23:33:22     all    4.64    0.00    1.03    0.00    0.00    0.26    0.00    0.00    0.00   94.07
23:33:23     all    4.62    0.00    1.03    0.00    0.00    0.26    0.00    0.00    0.00   94.10
23:33:24     all    4.36    0.00    1.03    0.00    0.00    0.26    0.00    0.00    0.00   94.36
23:33:25     all    4.11    0.00    0.77    0.00    0.00    0.26    0.00    0.00    0.00   94.86
23:33:26     all    4.64    0.00    1.29    0.00    0.00    0.00    0.00    0.00    0.00   94.07
23:33:27     all    4.85    0.00    1.02    0.00    0.00    0.26    0.00    0.00    0.00   93.88
Average:     all    4.35    0.00    2.88    0.04    0.00    0.18    0.00    0.00    0.00   92.55
