Linux 5.15.0-173-generic (csb-bench-host-huawei) 	08/04/2026 	_x86_64_	(4 CPU)

06:50:35 AM  CPU    %usr   %nice    %sys %iowait    %irq   %soft  %steal  %guest  %gnice   %idle
06:50:36 AM  all    1.52    0.00   15.66    0.00    0.00    8.59    0.00    0.00    0.00   74.24
06:50:37 AM  all    0.77    0.00   15.17    0.00    0.00    8.23    0.00    0.00    0.00   75.84
06:50:38 AM  all    1.29    0.00   15.72    0.00    0.00    7.73    0.00    0.00    0.00   75.26
06:50:39 AM  all    1.24    0.00   20.35    0.00    0.00    6.95    0.00    0.00    0.00   71.46
06:50:40 AM  all    0.94    0.00   21.88    0.00    0.00    8.47    0.00    0.00    0.00   68.71
06:50:41 AM  all    1.20    0.00   18.80    0.00    0.00    9.88    0.00    0.00    0.00   70.12
06:50:42 AM  all    0.70    0.00   17.84    0.00    0.00   11.27    0.00    0.00    0.00   70.19
06:50:43 AM  all    1.00    0.00   14.54    0.00    0.00   10.03    0.00    0.00    0.00   74.44
06:50:44 AM  all    0.50    0.00   18.61    0.00    0.00    6.95    0.00    0.00    0.00   73.95
06:50:45 AM  all    1.00    0.00   15.96    0.00    0.00    8.98    0.00    0.00    0.00   74.06
06:50:46 AM  all    1.02    0.00   16.50    0.00    0.00    8.88    0.00    0.00    0.00   73.60
06:50:47 AM  all    1.00    0.00   16.25    0.00    0.00    7.75    0.00    0.00    0.00   75.00
06:50:48 AM  all    0.76    0.00   18.39    0.00    0.00    8.56    0.00    0.00    0.00   72.29
06:50:49 AM  all    0.76    0.00   15.27    0.00    0.00    8.91    0.00    0.00    0.00   75.06
06:50:50 AM  all    1.00    0.00   15.46    0.00    0.00    9.73    0.00    0.00    0.00   73.82
06:50:51 AM  all    0.77    0.00   17.22    0.00    0.00    7.97    0.00    0.00    0.00   74.04
06:50:52 AM  all    0.48    0.00   12.11    0.00    0.00    6.54    0.00    0.00    0.00   80.87
06:50:53 AM  all    0.25    0.00    5.71    0.00    0.00    3.97    0.00    0.00    0.00   90.07
06:50:54 AM  all    0.00    0.00    4.26    0.00    0.00    2.51    0.00    0.00    0.00   93.23
06:50:55 AM  all    0.25    0.00    4.52    0.00    0.00    4.02    0.00    0.00    0.00   91.21
06:50:56 AM  all    0.25    0.00    5.68    0.00    0.00    3.46    0.00    0.00    0.00   90.62
06:50:57 AM  all    0.00    0.00    3.82    0.00    0.00    2.54    0.00    0.00    0.00   93.64
06:50:58 AM  all    0.50    0.00    4.49    0.00    0.00    3.74    0.00    0.00    0.00   91.27
06:50:59 AM  all    0.50    0.00    5.47    0.00    0.00    2.74    0.00    0.00    0.00   91.29
06:51:00 AM  all    0.00    0.00    3.82    0.00    0.00    2.80    0.00    0.00    0.00   93.38
06:51:01 AM  all    0.25    0.00    5.74    0.00    0.00    2.49    0.00    0.00    0.00   91.52
06:51:02 AM  all    0.25    0.00    4.31    0.00    0.00    2.79    0.00    0.00    0.00   92.64
06:51:03 AM  all    0.00    0.00    4.55    0.00    0.00    3.03    0.00    0.00    0.00   92.42
06:51:04 AM  all    0.00    0.00    2.80    0.00    0.00    2.54    0.00    0.00    0.00   94.66
06:51:05 AM  all    0.25    0.00    5.24    0.00    0.00    2.74    0.00    0.00    0.00   91.77
06:51:06 AM  all    0.25    0.00    4.50    0.00    0.00    2.50    0.00    0.00    0.00   92.75
06:51:07 AM  all    0.25    0.00    3.76    0.00    0.00    3.76    0.00    0.00    0.00   92.23
06:51:08 AM  all    0.00    0.00    4.99    0.00    0.00    2.24    0.00    0.00    0.00   92.77
06:51:09 AM  all    0.00    0.00    4.50    0.00    0.00    4.25    0.00    0.00    0.00   91.25
06:51:10 AM  all    0.50    0.00    4.50    0.00    0.00    1.50    0.00    0.00    0.00   93.50
06:51:11 AM  all    0.00    0.00    3.76    0.00    0.00    3.26    0.00    0.00    0.00   92.98
06:51:12 AM  all    0.25    0.00    4.99    0.00    0.00    3.24    0.00    0.00    0.00   91.52
06:51:13 AM  all    0.00    0.00    3.54    0.00    0.00    2.28    0.00    0.00    0.00   94.18
06:51:14 AM  all    0.25    0.00    5.67    0.00    0.00    4.43    0.00    0.00    0.00   89.66
06:51:15 AM  all    0.24    0.00    5.11    0.00    0.00    4.38    0.00    0.00    0.00   90.27
06:51:16 AM  all    0.00    0.00    4.79    0.00    0.00    3.53    0.00    0.00    0.00   91.69
06:51:17 AM  all    0.50    0.00    4.53    0.00    0.00    2.77    0.00    0.00    0.00   92.19
06:51:18 AM  all    0.25    0.00    4.98    0.00    0.00    3.23    0.00    0.00    0.00   91.54
06:51:19 AM  all    0.00    0.00    6.48    0.00    0.00    2.99    0.00    0.00    0.00   90.52
06:51:20 AM  all    0.25    0.00    4.91    0.00    0.00    3.44    0.00    0.00    0.00   91.40
06:51:21 AM  all    0.25    0.00    5.30    0.00    0.00    2.78    0.00    0.00    0.00   91.67
06:51:22 AM  all    0.00    0.00    3.08    0.00    0.00    1.80    0.00    0.00    0.00   95.12
06:51:23 AM  all    0.00    0.00    4.25    0.25    0.00    3.00    0.00    0.00    0.00   92.50
06:51:24 AM  all    0.51    0.00    4.80    0.00    0.00    3.03    0.00    0.00    0.00   91.67
06:51:25 AM  all    0.00    0.00    2.80    0.00    0.00    3.05    0.00    0.00    0.00   94.15
06:51:26 AM  all    0.74    0.00    5.69    0.00    0.00    4.46    0.00    0.00    0.00   89.11
06:51:27 AM  all    0.76    0.00    4.07    0.00    0.00    1.53    0.00    0.00    0.00   93.64
06:51:28 AM  all    0.00    0.00    4.58    0.25    0.00    2.54    0.00    0.00    0.00   92.62
06:51:29 AM  all    0.00    0.00    4.75    0.00    0.00    3.25    0.00    0.00    0.00   92.00
06:51:30 AM  all    0.50    0.00    5.79    0.00    0.00    3.02    0.00    0.00    0.00   90.68
06:51:31 AM  all    0.00    0.00    4.48    0.00    0.00    4.48    0.00    0.00    0.00   91.04
06:51:32 AM  all    0.00    0.00    3.29    0.00    0.00    4.05    0.00    0.00    0.00   92.66
06:51:33 AM  all    0.75    0.00    4.50    0.00    0.00    3.50    0.00    0.00    0.00   91.25
06:51:34 AM  all    0.00    0.00    2.79    0.00    0.00    2.79    0.00    0.00    0.00   94.42
06:51:35 AM  all    0.25    0.00    3.56    0.00    0.00    2.29    0.00    0.00    0.00   93.89
06:51:36 AM  all    0.00    0.00    1.78    0.00    0.00    1.27    0.00    0.00    0.00   96.95
06:51:37 AM  all    0.00    0.00    5.24    0.00    0.00    2.74    0.00    0.00    0.00   92.02
06:51:38 AM  all    0.75    0.00    4.02    0.00    0.00    3.27    0.00    0.00    0.00   91.96
06:51:39 AM  all    0.25    0.00    4.28    0.00    0.00    3.02    0.00    0.00    0.00   92.44
06:51:40 AM  all    0.00    0.00    4.79    0.00    0.00    3.02    0.00    0.00    0.00   92.19
06:51:41 AM  all    0.50    0.00    4.73    0.00    0.00    2.49    0.00    0.00    0.00   92.29
06:51:42 AM  all    0.00    0.00    4.77    0.00    0.00    3.77    0.00    0.00    0.00   91.46
06:51:43 AM  all    0.00    0.00    5.78    0.00    0.00    2.26    0.00    0.00    0.00   91.96
06:51:44 AM  all    1.00    0.00    4.50    0.00    0.00    3.25    0.00    0.00    0.00   91.25
06:51:45 AM  all    0.49    0.00    6.65    0.00    0.00    3.94    0.00    0.00    0.00   88.92
06:51:46 AM  all    0.25    0.00    4.25    0.00    0.00    3.50    0.00    0.00    0.00   92.00
06:51:47 AM  all    0.00    0.00    7.35    0.00    0.00    3.19    0.00    0.00    0.00   89.46
06:51:48 AM  all    0.50    0.00    3.96    0.00    0.00    3.47    0.00    0.00    0.00   92.08
06:51:49 AM  all    0.00    0.00    6.50    0.00    0.00    2.75    0.00    0.00    0.00   90.75
06:51:50 AM  all    0.50    0.00    4.75    0.00    0.00    4.00    0.00    0.00    0.00   90.75
06:51:51 AM  all    0.25    0.00    6.65    0.00    0.00    4.43    0.00    0.00    0.00   88.67
06:51:52 AM  all    0.00    0.00    5.22    0.00    0.00    4.48    0.00    0.00    0.00   90.30
06:51:53 AM  all    0.50    0.00    3.27    0.00    0.00    3.02    0.00    0.00    0.00   93.22
06:51:54 AM  all    0.00    0.00    6.00    0.00    0.00    3.50    0.00    0.00    0.00   90.50
06:51:55 AM  all    0.25    0.00    4.51    0.00    0.00    2.51    0.00    0.00    0.00   92.73
06:51:56 AM  all    0.00    0.00    5.25    0.00    0.00    3.50    0.00    0.00    0.00   91.25
06:51:57 AM  all    0.26    0.00    3.84    0.00    0.00    3.07    0.00    0.00    0.00   92.84
06:51:58 AM  all    0.00    0.00    4.06    0.00    0.00    3.05    0.00    0.00    0.00   92.89
06:51:59 AM  all    0.26    0.00    3.08    0.00    0.00    2.82    0.00    0.00    0.00   93.85
06:52:00 AM  all    0.25    0.00    4.03    0.00    0.00    2.02    0.00    0.00    0.00   93.70
06:52:01 AM  all    0.25    0.00    4.76    0.00    0.00    4.01    0.00    0.00    0.00   90.98
06:52:02 AM  all    0.25    0.00    2.54    0.00    0.00    2.54    0.00    0.00    0.00   94.66
06:52:03 AM  all    0.24    0.00    6.55    0.00    0.00    5.34    0.00    0.00    0.00   87.86
06:52:04 AM  all    0.50    0.00    5.28    0.00    0.00    3.02    0.00    0.00    0.00   91.21
06:52:05 AM  all    0.24    0.00    7.09    0.00    0.00    3.42    0.00    0.00    0.00   89.24
06:52:06 AM  all    0.00    0.00    4.30    0.00    0.00    3.80    0.00    0.00    0.00   91.90
06:52:07 AM  all    0.50    0.00    4.50    0.00    0.00    3.50    0.00    0.00    0.00   91.50
06:52:08 AM  all    0.25    0.00    4.79    0.00    0.00    3.78    0.00    0.00    0.00   91.18
06:52:09 AM  all    0.00    0.00    5.53    0.00    0.00    3.52    0.00    0.00    0.00   90.95
06:52:10 AM  all    0.26    0.00    4.11    0.00    0.00    2.31    0.00    0.00    0.00   93.32
06:52:11 AM  all    0.00    0.00    5.91    0.00    0.00    3.20    0.00    0.00    0.00   90.89
06:52:12 AM  all    0.24    0.00    5.60    0.00    0.00    2.19    0.00    0.00    0.00   91.97
06:52:13 AM  all    0.25    0.00    5.32    0.00    0.00    2.78    0.00    0.00    0.00   91.65
06:52:14 AM  all    0.24    0.00    6.59    0.00    0.00    4.88    0.00    0.00    0.00   88.29
06:52:15 AM  all    0.48    0.00    8.89    0.00    0.00    3.85    0.00    0.00    0.00   86.78
06:52:16 AM  all    0.00    0.00    5.85    0.00    0.00    5.12    0.00    0.00    0.00   89.02
06:52:17 AM  all    0.25    0.00    4.71    0.00    0.00    5.21    0.00    0.00    0.00   89.83
06:52:18 AM  all    0.00    0.00    5.79    0.00    0.00    3.53    0.00    0.00    0.00   90.68
06:52:19 AM  all    0.74    0.00    3.97    0.00    0.00    4.96    0.00    0.00    0.00   90.32
06:52:20 AM  all    0.26    0.00    2.30    0.00    0.00    2.56    0.00    0.00    0.00   94.88
06:52:21 AM  all    0.25    0.00    4.56    0.00    0.00    2.78    0.00    0.00    0.00   92.41
06:52:22 AM  all    0.25    0.00    4.96    0.00    0.00    2.98    0.00    0.00    0.00   91.81
06:52:23 AM  all    0.00    0.00    4.79    0.00    0.00    2.77    0.00    0.00    0.00   92.44
06:52:24 AM  all    0.00    0.00    3.79    0.00    0.00    1.26    0.00    0.00    0.00   94.95
06:52:25 AM  all    0.25    0.00    5.08    0.00    0.00    2.79    0.00    0.00    0.00   91.88
06:52:26 AM  all    0.50    0.00    5.54    0.00    0.00    3.02    0.00    0.00    0.00   90.93
06:52:27 AM  all    0.76    0.00    5.29    0.00    0.00    3.02    0.00    0.00    0.00   90.93
06:52:28 AM  all    0.00    0.00    5.49    0.00    0.00    3.74    0.00    0.00    0.00   90.77
06:52:29 AM  all    0.25    0.00    3.74    0.00    0.00    3.99    0.00    0.00    0.00   92.02
06:52:30 AM  all    0.00    0.00    2.53    0.00    0.00    3.29    0.00    0.00    0.00   94.18
06:52:31 AM  all    0.49    0.00    4.94    0.00    0.00    4.20    0.00    0.00    0.00   90.37
06:52:32 AM  all    0.25    0.00    5.93    0.00    0.00    3.95    0.00    0.00    0.00   89.88
06:52:33 AM  all    0.49    0.00    6.14    0.00    0.00    3.93    0.00    0.00    0.00   89.43
06:52:34 AM  all    0.25    0.00    5.76    0.00    0.00    2.26    0.00    0.00    0.00   91.73
06:52:35 AM  all    0.51    0.00    3.54    0.00    0.00    2.53    0.00    0.00    0.00   93.43
06:52:36 AM  all    0.25    0.00    3.79    0.00    0.00    3.79    0.00    0.00    0.00   92.17
06:52:37 AM  all    0.00    0.00    4.58    0.00    0.00    3.05    0.00    0.00    0.00   92.37
06:52:38 AM  all    0.25    0.00    5.96    0.00    0.00    2.23    0.00    0.00    0.00   91.56
06:52:39 AM  all    0.00    0.00    4.52    0.00    0.00    3.52    0.00    0.00    0.00   91.96
06:52:40 AM  all    0.26    0.00    3.06    0.00    0.00    3.32    0.00    0.00    0.00   93.37
06:52:41 AM  all    0.50    0.00    4.96    0.00    0.00    3.72    0.00    0.00    0.00   90.82
06:52:42 AM  all    0.49    0.00    6.36    0.00    0.00    3.42    0.00    0.00    0.00   89.73
06:52:43 AM  all    0.00    0.00    4.80    0.00    0.00    2.78    0.00    0.00    0.00   92.42
06:52:44 AM  all    0.25    0.00    6.88    0.00    0.00    3.93    0.00    0.00    0.00   88.94
06:52:45 AM  all    0.25    0.00    5.94    0.00    0.00    3.96    0.00    0.00    0.00   89.85
06:52:46 AM  all    0.25    0.00    6.27    0.00    0.00    2.51    0.00    0.00    0.00   90.98
06:52:47 AM  all    0.00    0.00    5.81    0.00    0.00    2.78    0.00    0.00    0.00   91.41
06:52:48 AM  all    0.00    0.00    4.60    0.00    0.00    2.81    0.00    0.00    0.00   92.58
06:52:49 AM  all    0.25    0.00    5.28    0.00    0.00    3.52    0.00    0.00    0.00   90.95
06:52:50 AM  all    0.50    0.00    5.01    0.00    0.00    2.51    0.00    0.00    0.00   91.98
06:52:51 AM  all    0.25    0.00    6.14    0.00    0.00    4.67    0.00    0.00    0.00   88.94
06:52:52 AM  all    0.25    0.00    5.96    0.00    0.00    3.23    0.00    0.00    0.00   90.57
06:52:53 AM  all    0.00    0.00    3.24    0.25    0.00    3.24    0.00    0.00    0.00   93.27
06:52:54 AM  all    0.00    0.00    2.76    0.00    0.00    1.51    0.00    0.00    0.00   95.73
06:52:55 AM  all    0.49    0.00    5.87    0.00    0.00    3.91    0.00    0.00    0.00   89.73
06:52:56 AM  all    0.25    0.00    6.42    0.00    0.00    4.20    0.00    0.00    0.00   89.14
06:52:57 AM  all    0.00    0.00    3.78    0.00    0.00    3.53    0.00    0.00    0.00   92.70
06:52:58 AM  all    0.50    0.00    5.25    0.00    0.00    3.75    0.00    0.00    0.00   90.50
06:52:59 AM  all    0.00    0.00    3.80    0.00    0.00    3.04    0.00    0.00    0.00   93.16
06:53:00 AM  all    0.25    0.00    5.05    0.00    0.00    2.78    0.00    0.00    0.00   91.92
06:53:01 AM  all    0.00    0.00    4.76    0.00    0.00    3.26    0.00    0.00    0.00   91.98
06:53:02 AM  all    0.00    0.00    2.76    0.00    0.00    2.26    0.00    0.00    0.00   94.97
06:53:03 AM  all    0.00    0.00    4.82    0.25    0.00    3.05    0.00    0.00    0.00   91.88
06:53:04 AM  all    0.00    0.00    4.77    0.00    0.00    2.76    0.00    0.00    0.00   92.46
06:53:05 AM  all    0.00    0.00    4.08    0.00    0.00    3.57    0.00    0.00    0.00   92.35
06:53:06 AM  all    0.25    0.00    3.28    0.00    0.00    2.27    0.00    0.00    0.00   94.19
06:53:07 AM  all    0.00    0.00    3.27    0.00    0.00    1.76    0.00    0.00    0.00   94.96
06:53:08 AM  all    0.50    0.00    6.02    0.00    0.00    3.51    0.00    0.00    0.00   89.97
06:53:09 AM  all    0.25    0.00    4.46    0.00    0.00    4.21    0.00    0.00    0.00   91.09
06:53:10 AM  all    0.25    0.00    5.82    0.00    0.00    3.04    0.00    0.00    0.00   90.89
06:53:11 AM  all    0.25    0.00    4.31    0.00    0.00    2.28    0.00    0.00    0.00   93.15
06:53:12 AM  all    0.00    0.00    6.02    0.00    0.00    3.26    0.00    0.00    0.00   90.73
06:53:13 AM  all    0.49    0.00    5.85    0.00    0.00    4.15    0.00    0.00    0.00   89.51
06:53:14 AM  all    0.26    0.00    2.31    0.00    0.00    3.60    0.00    0.00    0.00   93.83
06:53:15 AM  all    0.25    0.00    4.79    0.00    0.00    2.27    0.00    0.00    0.00   92.70
06:53:16 AM  all    0.00    0.00    4.27    0.00    0.00    2.51    0.00    0.00    0.00   93.22
06:53:17 AM  all    0.50    0.00    4.52    0.00    0.00    3.52    0.00    0.00    0.00   91.46
06:53:18 AM  all    0.00    0.00    2.54    0.00    0.00    2.28    0.00    0.00    0.00   95.18
06:53:19 AM  all    0.25    0.00    2.01    0.00    0.00    3.02    0.00    0.00    0.00   94.72
06:53:20 AM  all    0.25    0.00    5.03    0.00    0.00    4.02    0.00    0.00    0.00   90.70
06:53:21 AM  all    0.00    0.00    4.21    0.00    0.00    4.95    0.00    0.00    0.00   90.84
06:53:22 AM  all    0.00    0.00    6.68    0.00    0.00    3.71    0.00    0.00    0.00   89.60
06:53:23 AM  all    0.00    0.00    3.58    0.00    0.00    2.05    0.00    0.00    0.00   94.37
06:53:24 AM  all    0.25    0.00    5.76    0.00    0.00    3.76    0.00    0.00    0.00   90.23
06:53:25 AM  all    0.25    0.00    4.48    0.00    0.00    4.23    0.00    0.00    0.00   91.04
06:53:26 AM  all    0.99    0.00    7.14    0.00    0.00    3.45    0.00    0.00    0.00   88.42
06:53:27 AM  all    0.73    0.00    5.61    0.00    0.00    5.37    0.00    0.00    0.00   88.29
06:53:28 AM  all    0.24    0.00    7.26    0.00    0.00    4.60    0.00    0.00    0.00   87.89
06:53:29 AM  all    0.00    0.00    6.36    0.00    0.00    5.62    0.00    0.00    0.00   88.02
06:53:30 AM  all    0.75    0.00    4.01    0.00    0.00    2.51    0.00    0.00    0.00   92.73
06:53:31 AM  all    0.25    0.00    2.76    0.00    0.00    1.75    0.00    0.00    0.00   95.24
06:53:32 AM  all    0.25    0.00    5.75    0.00    0.00    3.50    0.00    0.00    0.00   90.50
06:53:33 AM  all    0.00    0.00    5.47    0.00    0.00    3.23    0.00    0.00    0.00   91.29
06:53:34 AM  all    0.00    0.00    1.81    0.00    0.00    3.63    0.00    0.00    0.00   94.56
06:53:35 AM  all    0.25    0.00    4.23    0.00    0.00    4.48    0.00    0.00    0.00   91.04
06:53:36 AM  all    0.51    0.00    4.60    0.00    0.00    2.05    0.00    0.00    0.00   92.84
06:53:37 AM  all    0.00    0.00    4.73    0.00    0.00    3.48    0.00    0.00    0.00   91.79
06:53:38 AM  all    0.25    0.00    4.04    0.00    0.00    4.55    0.00    0.00    0.00   91.16
06:53:39 AM  all    0.50    0.00    6.00    0.00    0.00    3.50    0.00    0.00    0.00   90.00
06:53:40 AM  all    0.24    0.00    6.60    0.00    0.00    4.16    0.00    0.00    0.00   89.00
06:53:41 AM  all    0.00    0.00    5.60    0.00    0.00    2.04    0.00    0.00    0.00   92.37
06:53:42 AM  all    0.25    0.00    5.93    0.00    0.00    2.72    0.00    0.00    0.00   91.11
06:53:43 AM  all    0.25    0.00    3.79    0.00    0.00    2.27    0.00    0.00    0.00   93.69
06:53:44 AM  all    0.51    0.00    4.31    0.00    0.00    3.55    0.00    0.00    0.00   91.62
06:53:45 AM  all    0.00    0.00    5.96    0.00    0.00    4.22    0.00    0.00    0.00   89.83
06:53:46 AM  all    0.49    0.00    5.87    0.00    0.00    4.89    0.00    0.00    0.00   88.75
06:53:47 AM  all    0.25    0.00    5.75    0.00    0.00    3.75    0.00    0.00    0.00   90.25
06:53:48 AM  all    0.00    0.00    5.24    0.00    0.00    3.74    0.00    0.00    0.00   91.02
06:53:49 AM  all    0.50    0.00    5.46    0.00    0.00    2.98    0.00    0.00    0.00   91.07
06:53:50 AM  all    0.00    0.00    5.76    0.00    0.00    3.26    0.00    0.00    0.00   90.98
06:53:51 AM  all    0.00    0.00    4.49    0.00    0.00    3.74    0.00    0.00    0.00   91.77
06:53:52 AM  all    0.00    0.00    3.07    0.00    0.00    3.58    0.00    0.00    0.00   93.35
06:53:53 AM  all    0.25    0.00    5.78    0.00    0.00    2.26    0.00    0.00    0.00   91.71
06:53:54 AM  all    0.50    0.00    3.49    0.00    0.00    3.24    0.00    0.00    0.00   92.77
06:53:55 AM  all    0.00    0.00    2.28    0.00    0.00    2.54    0.00    0.00    0.00   95.18
06:53:56 AM  all    0.25    0.00    5.49    0.00    0.00    3.99    0.00    0.00    0.00   90.27
06:53:57 AM  all    0.25    0.00    6.63    0.00    0.00    3.69    0.00    0.00    0.00   89.43
06:53:58 AM  all    0.00    0.00    5.51    0.25    0.00    3.51    0.00    0.00    0.00   90.73
06:53:59 AM  all    0.25    0.00    5.51    0.00    0.00    3.76    0.00    0.00    0.00   90.48
06:54:00 AM  all    0.25    0.00    5.96    0.00    0.00    3.23    0.00    0.00    0.00   90.57
06:54:01 AM  all    0.00    0.00    4.71    0.00    0.00    3.47    0.00    0.00    0.00   91.81
06:54:02 AM  all    0.25    0.00    4.82    0.00    0.00    2.28    0.00    0.00    0.00   92.64
06:54:03 AM  all    0.00    0.00    3.84    0.00    0.00    3.07    0.00    0.00    0.00   93.09
06:54:04 AM  all    0.25    0.00    5.26    0.00    0.00    3.51    0.00    0.00    0.00   90.98
06:54:05 AM  all    0.00    0.00    5.34    0.00    0.00    2.54    0.00    0.00    0.00   92.11
06:54:06 AM  all    0.25    0.00    4.27    0.00    0.00    3.27    0.00    0.00    0.00   92.21
06:54:07 AM  all    0.00    0.00    2.52    0.00    0.00    1.76    0.00    0.00    0.00   95.72
06:54:08 AM  all    0.25    0.00    4.83    0.00    0.00    1.78    0.00    0.00    0.00   93.13
06:54:09 AM  all    0.75    0.00    4.26    0.00    0.00    3.51    0.00    0.00    0.00   91.48
06:54:10 AM  all    0.00    0.00    4.81    0.00    0.00    3.29    0.00    0.00    0.00   91.90
06:54:11 AM  all    0.24    0.00    4.65    0.00    0.00    4.89    0.00    0.00    0.00   90.22
06:54:12 AM  all    0.00    0.00    4.85    0.00    0.00    2.81    0.00    0.00    0.00   92.35
06:54:13 AM  all    0.25    0.00    5.51    0.00    0.00    3.26    0.00    0.00    0.00   90.98
06:54:14 AM  all    0.00    0.00    5.03    0.00    0.00    4.77    0.00    0.00    0.00   90.20
06:54:15 AM  all    0.00    0.00    4.77    0.00    0.00    4.02    0.00    0.00    0.00   91.21
06:54:16 AM  all    0.50    0.00    4.74    0.00    0.00    3.74    0.00    0.00    0.00   91.02
06:54:17 AM  all    0.00    0.00    4.65    0.00    0.00    6.11    0.00    0.00    0.00   89.24
06:54:18 AM  all    0.49    0.00    4.93    0.00    0.00    3.69    0.00    0.00    0.00   90.89
06:54:19 AM  all    0.00    0.00    2.78    0.00    0.00    1.52    0.00    0.00    0.00   95.70
06:54:20 AM  all    0.25    0.00    2.74    0.00    0.00    3.24    0.00    0.00    0.00   93.77
06:54:21 AM  all    0.00    0.00    4.79    0.00    0.00    4.28    0.00    0.00    0.00   90.93
06:54:22 AM  all    0.25    0.00    4.26    0.00    0.00    4.01    0.00    0.00    0.00   91.48
06:54:23 AM  all    0.50    0.00    5.20    0.00    0.00    3.47    0.00    0.00    0.00   90.84
06:54:24 AM  all    0.26    0.00    5.10    0.00    0.00    2.04    0.00    0.00    0.00   92.60
06:54:25 AM  all    0.25    0.00    4.51    0.00    0.00    3.01    0.00    0.00    0.00   92.23
06:54:26 AM  all    1.25    0.00    4.51    0.00    0.00    3.76    0.00    0.00    0.00   90.48
06:54:27 AM  all    0.00    0.00    4.47    0.00    0.00    4.47    0.00    0.00    0.00   91.07
06:54:28 AM  all    0.25    0.00    5.46    0.00    0.00    3.47    0.00    0.00    0.00   90.82
06:54:29 AM  all    0.25    0.00    5.45    0.00    0.00    3.96    0.00    0.00    0.00   90.35
06:54:30 AM  all    0.25    0.00    3.51    0.00    0.00    2.26    0.00    0.00    0.00   93.98
06:54:31 AM  all    0.00    0.00    3.47    0.00    0.00    1.99    0.00    0.00    0.00   94.54
06:54:32 AM  all    0.25    0.00    3.02    0.00    0.00    1.76    0.00    0.00    0.00   94.97
06:54:33 AM  all    0.50    0.00    6.52    0.00    0.00    3.76    0.00    0.00    0.00   89.22
06:54:34 AM  all    0.25    0.00    5.43    0.00    0.00    4.20    0.00    0.00    0.00   90.12
06:54:35 AM  all    0.50    0.00    5.49    0.00    0.00    2.99    0.00    0.00    0.00   91.02
06:54:36 AM  all    0.51    0.00    5.05    0.00    0.00    3.03    0.00    0.00    0.00   91.41
06:54:37 AM  all    0.50    0.00    4.47    0.00    0.00    4.22    0.00    0.00    0.00   90.82
06:54:38 AM  all    0.25    0.00    3.82    0.00    0.00    4.33    0.00    0.00    0.00   91.60
06:54:39 AM  all    0.25    0.00    4.77    0.00    0.00    2.76    0.00    0.00    0.00   92.21
06:54:40 AM  all    0.25    0.00    6.23    0.00    0.00    3.24    0.00    0.00    0.00   90.27
06:54:41 AM  all    0.00    0.00    5.01    0.00    0.00    3.76    0.00    0.00    0.00   91.23
06:54:42 AM  all    0.00    0.00    5.71    0.00    0.00    3.23    0.00    0.00    0.00   91.07
06:54:43 AM  all    0.00    0.00    2.26    0.00    0.00    2.01    0.00    0.00    0.00   95.74
06:54:44 AM  all    0.00    0.00    3.48    0.00    0.00    1.00    0.00    0.00    0.00   95.52
06:54:45 AM  all    0.25    0.00    6.00    0.00    0.00    3.75    0.00    0.00    0.00   90.00
06:54:46 AM  all    0.00    0.00    3.81    0.00    0.00    2.79    0.00    0.00    0.00   93.40
06:54:47 AM  all    0.25    0.00    5.88    0.00    0.00    5.39    0.00    0.00    0.00   88.48
06:54:48 AM  all    0.50    0.00    5.49    0.00    0.00    2.99    0.00    0.00    0.00   91.02
06:54:49 AM  all    0.00    0.00    5.45    0.00    0.00    2.97    0.00    0.00    0.00   91.58
06:54:50 AM  all    0.24    0.00    7.06    0.00    0.00    4.38    0.00    0.00    0.00   88.32
06:54:51 AM  all    0.00    0.00    6.60    0.00    0.00    3.42    0.00    0.00    0.00   89.98
06:54:52 AM  all    0.74    0.00    3.97    0.00    0.00    5.46    0.00    0.00    0.00   89.83
06:54:53 AM  all    0.00    0.00    2.57    0.00    0.00    3.86    0.00    0.00    0.00   93.57
06:54:54 AM  all    0.00    0.00    4.35    0.00    0.00    3.07    0.00    0.00    0.00   92.58
06:54:55 AM  all    0.00    0.00    3.76    0.00    0.00    2.26    0.00    0.00    0.00   93.98
06:54:56 AM  all    0.50    0.00    3.48    0.25    0.00    1.49    0.00    0.00    0.00   94.28
06:54:57 AM  all    0.25    0.00    5.05    0.00    0.00    3.54    0.00    0.00    0.00   91.16
06:54:58 AM  all    0.50    0.00    3.02    0.00    0.00    3.27    0.00    0.00    0.00   93.20
06:54:59 AM  all    0.25    0.00    5.49    0.00    0.00    4.24    0.00    0.00    0.00   90.02
06:55:00 AM  all    0.00    0.00    3.31    0.00    0.00    3.31    0.00    0.00    0.00   93.38
06:55:01 AM  all    0.00    0.00    3.58    0.51    0.00    1.02    0.00    0.00    0.00   94.88
06:55:02 AM  all    0.25    0.00    4.57    0.00    0.00    2.28    0.00    0.00    0.00   92.89
06:55:03 AM  all    0.25    0.00    4.00    0.00    0.00    3.00    0.00    0.00    0.00   92.75
06:55:04 AM  all    0.73    0.00    5.57    0.00    0.00    5.33    0.00    0.00    0.00   88.38
06:55:05 AM  all    0.00    0.00    4.99    0.00    0.00    3.24    0.00    0.00    0.00   91.77
06:55:06 AM  all    0.25    0.00    6.42    0.00    0.00    3.70    0.00    0.00    0.00   89.63
06:55:07 AM  all    0.00    0.00    2.74    0.00    0.00    2.49    0.00    0.00    0.00   94.78
06:55:08 AM  all    0.00    0.00    4.20    0.00    0.00    1.73    0.00    0.00    0.00   94.07
06:55:09 AM  all    0.24    0.00    8.07    0.00    0.00    4.16    0.00    0.00    0.00   87.53
06:55:10 AM  all    0.00    0.00    4.25    0.00    0.00    3.25    0.00    0.00    0.00   92.50
06:55:11 AM  all    0.24    0.00    7.06    0.24    0.00    4.87    0.00    0.00    0.00   87.59
06:55:12 AM  all    0.25    0.00    5.01    0.00    0.00    3.01    0.00    0.00    0.00   91.73
06:55:13 AM  all    0.00    0.00    4.76    0.00    0.00    3.51    0.00    0.00    0.00   91.73
06:55:14 AM  all    0.00    0.00    5.69    0.00    0.00    3.47    0.00    0.00    0.00   90.84
06:55:15 AM  all    0.25    0.00    4.28    0.00    0.00    3.02    0.00    0.00    0.00   92.44
06:55:16 AM  all    0.25    0.00    4.79    0.00    0.00    4.03    0.00    0.00    0.00   90.93
06:55:17 AM  all    0.00    0.00    4.75    0.00    0.00    3.25    0.00    0.00    0.00   92.00
06:55:18 AM  all    0.50    0.00    5.49    0.00    0.00    4.24    0.00    0.00    0.00   89.78
06:55:19 AM  all    0.50    0.00    4.48    0.00    0.00    2.49    0.00    0.00    0.00   92.54
06:55:20 AM  all    0.00    0.00    2.00    0.00    0.00    0.75    0.00    0.00    0.00   97.26
06:55:21 AM  all    0.00    0.00    1.79    0.00    0.00    1.28    0.00    0.00    0.00   96.94
06:55:22 AM  all    0.25    0.00    5.21    0.00    0.00    2.98    0.00    0.00    0.00   91.56
06:55:23 AM  all    0.00    0.00    4.82    0.00    0.00    3.05    0.00    0.00    0.00   92.13
06:55:24 AM  all    0.50    0.00    4.48    0.00    0.00    3.98    0.00    0.00    0.00   91.04
06:55:25 AM  all    0.00    0.00    4.34    0.00    0.00    3.06    0.00    0.00    0.00   92.60
06:55:26 AM  all    0.74    0.00    5.91    0.00    0.00    3.20    0.00    0.00    0.00   90.15
06:55:27 AM  all    0.25    0.00    4.76    0.00    0.00    3.51    0.00    0.00    0.00   91.48
06:55:28 AM  all    0.51    0.00    4.60    0.00    0.00    2.56    0.00    0.00    0.00   92.33
06:55:29 AM  all    0.00    0.00    1.81    0.00    0.00    2.33    0.00    0.00    0.00   95.87
06:55:30 AM  all    0.76    0.00    4.33    0.00    0.00    3.56    0.00    0.00    0.00   91.35
06:55:31 AM  all    0.25    0.00    5.01    0.00    0.00    2.26    0.00    0.00    0.00   92.48
06:55:32 AM  all    0.00    0.00    5.78    0.00    0.00    3.02    0.00    0.00    0.00   91.21
06:55:33 AM  all    0.00    0.00    5.67    0.00    0.00    2.71    0.00    0.00    0.00   91.63
06:55:34 AM  all    0.50    0.00    1.99    0.00    0.00    1.24    0.00    0.00    0.00   96.27
06:55:35 AM  all    0.51    0.00    5.08    0.00    0.00    3.05    0.00    0.00    0.00   91.37
06:55:36 AM  all    0.00    0.00    5.22    0.00    0.00    3.23    0.00    0.00    0.00   91.54
06:55:37 AM  all    0.25    0.00    5.45    0.00    0.00    4.21    0.00    0.00    0.00   90.10
06:55:38 AM  all    0.50    0.00    5.96    0.00    0.00    2.48    0.00    0.00    0.00   91.07
06:55:39 AM  all    0.00    0.00    2.56    0.00    0.00    2.81    0.00    0.00    0.00   94.63
06:55:40 AM  all    0.00    0.00    4.35    0.00    0.00    2.56    0.00    0.00    0.00   93.09
06:55:41 AM  all    0.50    0.00    5.28    0.00    0.00    3.27    0.00    0.00    0.00   90.95
06:55:42 AM  all    0.25    0.00    6.73    0.00    0.00    3.49    0.00    0.00    0.00   89.53
06:55:43 AM  all    0.00    0.00    6.02    0.00    0.00    3.01    0.00    0.00    0.00   90.98
06:55:44 AM  all    0.00    0.00    3.30    0.00    0.00    1.52    0.00    0.00    0.00   95.18
06:55:45 AM  all    0.24    0.00    4.16    0.00    0.00    2.69    0.00    0.00    0.00   92.91
06:55:46 AM  all    0.24    0.00    7.49    0.00    0.00    4.35    0.00    0.00    0.00   87.92
06:55:47 AM  all    0.00    0.00    5.88    0.00    0.00    5.15    0.00    0.00    0.00   88.97
06:55:48 AM  all    0.49    0.00    6.36    0.00    0.00    4.89    0.00    0.00    0.00   88.26
06:55:49 AM  all    0.00    0.00    3.48    0.00    0.00    4.98    0.00    0.00    0.00   91.54
06:55:50 AM  all    0.50    0.00    4.47    0.00    0.00    3.47    0.00    0.00    0.00   91.56
06:55:51 AM  all    0.00    0.00    3.56    0.00    0.00    4.07    0.00    0.00    0.00   92.37
06:55:52 AM  all    0.76    0.00    4.31    0.00    0.00    2.79    0.00    0.00    0.00   92.13
06:55:53 AM  all    0.00    0.00    4.88    0.00    0.00    2.31    0.00    0.00    0.00   92.80
06:55:54 AM  all    0.00    0.00    4.75    0.00    0.00    4.00    0.00    0.00    0.00   91.25
06:55:55 AM  all    0.00    0.00    4.10    0.00    0.00    3.08    0.00    0.00    0.00   92.82
06:55:56 AM  all    0.00    0.00    2.54    0.00    0.00    2.54    0.00    0.00    0.00   94.91
06:55:57 AM  all    0.00    0.00    0.26    0.00    0.00    0.51    0.00    0.00    0.00   99.23
06:55:58 AM  all    0.00    0.00    2.74    0.00    0.00    2.00    0.00    0.00    0.00   95.26
06:55:59 AM  all    0.25    0.00    5.72    0.00    0.00    3.48    0.00    0.00    0.00   90.55
06:56:00 AM  all    0.26    0.00    4.08    0.00    0.00    2.55    0.00    0.00    0.00   93.11
06:56:01 AM  all    0.00    0.00    5.19    0.00    0.00    4.44    0.00    0.00    0.00   90.37
06:56:02 AM  all    0.50    0.00    4.79    0.00    0.00    2.27    0.00    0.00    0.00   92.44
06:56:03 AM  all    0.50    0.00    4.25    0.25    0.00    3.25    0.00    0.00    0.00   91.75
06:56:04 AM  all    0.00    0.00    5.06    0.00    0.00    3.29    0.00    0.00    0.00   91.65
06:56:05 AM  all    0.25    0.00    6.40    0.00    0.00    3.45    0.00    0.00    0.00   89.90
06:56:06 AM  all    0.49    0.00    7.60    0.00    0.00    3.19    0.00    0.00    0.00   88.73
06:56:07 AM  all    0.00    0.00    4.28    0.00    0.00    4.28    0.00    0.00    0.00   91.44
06:56:08 AM  all    0.50    0.00    4.49    0.00    0.00    4.24    0.00    0.00    0.00   90.77
06:56:09 AM  all    0.00    0.00    5.46    0.00    0.00    3.23    0.00    0.00    0.00   91.32
06:56:10 AM  all    0.00    0.00    1.50    0.00    0.00    0.75    0.00    0.00    0.00   97.74
06:56:11 AM  all    0.25    0.00    3.97    0.00    0.00    1.49    0.00    0.00    0.00   94.29
06:56:12 AM  all    0.00    0.00    2.81    0.00    0.00    3.32    0.00    0.00    0.00   93.86
06:56:13 AM  all    0.74    0.00    5.19    0.00    0.00    3.95    0.00    0.00    0.00   90.12
06:56:14 AM  all    0.25    0.00    5.25    0.00    0.00    3.00    0.00    0.00    0.00   91.50
06:56:15 AM  all    0.00    0.00    4.03    0.00    0.00    3.27    0.00    0.00    0.00   92.70
06:56:16 AM  all    0.00    0.00    5.99    0.00    0.00    3.99    0.00    0.00    0.00   90.02
06:56:17 AM  all    0.00    0.00    4.73    0.00    0.00    4.23    0.00    0.00    0.00   91.04
06:56:18 AM  all    0.51    0.00    4.82    0.00    0.00    3.05    0.00    0.00    0.00   91.62
06:56:19 AM  all    0.00    0.00    4.06    0.00    0.00    2.54    0.00    0.00    0.00   93.40
06:56:20 AM  all    0.51    0.00    3.57    0.00    0.00    2.30    0.00    0.00    0.00   93.62
06:56:21 AM  all    0.26    0.00    2.81    0.00    0.00    2.30    0.00    0.00    0.00   94.63
06:56:22 AM  all    0.25    0.00    1.75    0.00    0.00    1.25    0.00    0.00    0.00   96.75
06:56:23 AM  all    0.00    0.00    2.78    0.00    0.00    1.52    0.00    0.00    0.00   95.70
06:56:24 AM  all    0.00    0.00    6.39    0.00    0.00    4.42    0.00    0.00    0.00   89.19
06:56:25 AM  all    0.00    0.00    5.25    0.00    0.00    4.25    0.00    0.00    0.00   90.50
06:56:26 AM  all    1.01    0.00    4.81    0.00    0.00    3.04    0.00    0.00    0.00   91.14
06:56:27 AM  all    0.00    0.00    3.33    0.00    0.00    3.08    0.00    0.00    0.00   93.59
06:56:28 AM  all    0.00    0.00    5.29    0.00    0.00    3.53    0.00    0.00    0.00   91.18
06:56:29 AM  all    0.25    0.00    3.52    0.00    0.00    3.77    0.00    0.00    0.00   92.46
06:56:30 AM  all    0.00    0.00    5.49    0.00    0.00    4.49    0.00    0.00    0.00   90.02
06:56:31 AM  all    0.50    0.00    4.99    0.00    0.00    3.49    0.00    0.00    0.00   91.02
06:56:32 AM  all    0.51    0.00    5.57    0.00    0.00    3.04    0.00    0.00    0.00   90.89
06:56:33 AM  all    0.24    0.00    5.87    0.24    0.00    4.16    0.00    0.00    0.00   89.49
06:56:34 AM  all    0.25    0.00    2.27    0.00    0.00    1.26    0.00    0.00    0.00   96.22
06:56:35 AM  all    0.00    0.00    2.02    0.00    0.00    2.27    0.00    0.00    0.00   95.72
06:56:36 AM  all    0.00    0.00    4.77    0.00    0.00    2.76    0.00    0.00    0.00   92.46
06:56:37 AM  all    0.00    0.00    5.76    0.00    0.00    3.01    0.00    0.00    0.00   91.23
06:56:38 AM  all    0.50    0.00    5.75    0.00    0.00    3.25    0.00    0.00    0.00   90.50
06:56:39 AM  all    0.25    0.00    5.45    0.00    0.00    4.21    0.00    0.00    0.00   90.10
06:56:40 AM  all    0.25    0.00    5.54    0.00    0.00    2.77    0.00    0.00    0.00   91.44
06:56:41 AM  all    0.00    0.00    3.78    0.00    0.00    4.03    0.00    0.00    0.00   92.19
06:56:42 AM  all    0.74    0.00    6.63    0.00    0.00    4.18    0.00    0.00    0.00   88.45
06:56:43 AM  all    0.00    0.00    4.52    0.00    0.00    3.27    0.00    0.00    0.00   92.21
06:56:44 AM  all    0.00    0.00    7.26    0.00    0.00    5.57    0.00    0.00    0.00   87.17
06:56:45 AM  all    0.00    0.00    5.68    0.00    0.00    3.95    0.00    0.00    0.00   90.37
06:56:46 AM  all    0.00    0.00    3.02    0.00    0.00    1.76    0.00    0.00    0.00   95.23
06:56:47 AM  all    0.50    0.00    2.23    0.00    0.00    0.99    0.00    0.00    0.00   96.28
06:56:48 AM  all    0.00    0.00    1.52    0.00    0.00    1.01    0.00    0.00    0.00   97.47
06:56:49 AM  all    0.00    0.00    4.05    0.00    0.00    4.05    0.00    0.00    0.00   91.90
06:56:50 AM  all    0.25    0.00    3.05    0.00    0.00    2.54    0.00    0.00    0.00   94.16
06:56:51 AM  all    0.52    0.00    2.86    0.00    0.00    2.86    0.00    0.00    0.00   93.77
06:56:52 AM  all    0.00    0.00    2.31    0.00    0.00    1.28    0.00    0.00    0.00   96.41
06:56:53 AM  all    0.00    0.00    1.50    0.00    0.00    1.75    0.00    0.00    0.00   96.75
06:56:54 AM  all    0.00    0.00    2.53    0.00    0.00    1.01    0.00    0.00    0.00   96.46
06:56:55 AM  all    0.26    0.00    2.56    0.00    0.00    2.31    0.00    0.00    0.00   94.87
06:56:56 AM  all    0.25    0.00    4.05    0.00    0.00    3.80    0.00    0.00    0.00   91.90
06:56:57 AM  all    0.25    0.00    3.52    0.00    0.00    3.27    0.00    0.00    0.00   92.96
06:56:58 AM  all    0.25    0.00    5.91    0.25    0.00    3.69    0.00    0.00    0.00   89.90
06:56:59 AM  all    0.49    0.00    5.93    0.00    0.00    3.46    0.00    0.00    0.00   90.12
06:57:00 AM  all    0.50    0.00    4.01    0.00    0.00    3.51    0.00    0.00    0.00   91.98
06:57:01 AM  all    0.00    0.00    5.20    0.00    0.00    4.21    0.00    0.00    0.00   90.59
06:57:02 AM  all    0.25    0.00    3.72    0.00    0.00    2.98    0.00    0.00    0.00   93.05
06:57:03 AM  all    0.00    0.00    4.75    0.00    0.00    5.00    0.00    0.00    0.00   90.25
06:57:04 AM  all    0.49    0.00    6.42    0.00    0.00    2.72    0.00    0.00    0.00   90.37
06:57:05 AM  all    0.00    0.00    4.79    0.00    0.00    2.77    0.00    0.00    0.00   92.44
06:57:06 AM  all    0.00    0.00    3.08    0.00    0.00    3.08    0.00    0.00    0.00   93.85
06:57:07 AM  all    0.75    0.00    1.00    0.00    0.00    0.50    0.00    0.00    0.00   97.76
06:57:08 AM  all    0.00    0.00    0.51    0.00    0.00    1.80    0.00    0.00    0.00   97.69
06:57:09 AM  all    0.00    0.00    5.22    0.00    0.00    3.23    0.00    0.00    0.00   91.54
06:57:10 AM  all    0.25    0.00    4.99    0.00    0.00    3.74    0.00    0.00    0.00   91.02
06:57:11 AM  all    0.49    0.00    4.94    0.00    0.00    3.70    0.00    0.00    0.00   90.86
06:57:12 AM  all    0.25    0.00    3.54    0.00    0.00    3.54    0.00    0.00    0.00   92.66
06:57:13 AM  all    0.00    0.00    3.86    0.00    0.00    2.57    0.00    0.00    0.00   93.57
06:57:14 AM  all    0.00    0.00    4.27    0.00    0.00    2.76    0.00    0.00    0.00   92.96
06:57:15 AM  all    0.00    0.00    6.73    0.00    0.00    3.49    0.00    0.00    0.00   89.78
06:57:16 AM  all    0.50    0.00    4.25    0.00    0.00    3.00    0.00    0.00    0.00   92.25
06:57:17 AM  all    0.00    0.00    4.53    0.00    0.00    3.27    0.00    0.00    0.00   92.19
06:57:18 AM  all    0.49    0.00    5.83    0.00    0.00    5.10    0.00    0.00    0.00   88.59
06:57:19 AM  all    0.25    0.00    4.93    0.00    0.00    3.45    0.00    0.00    0.00   91.38
06:57:20 AM  all    0.25    0.00    1.27    0.00    0.00    1.01    0.00    0.00    0.00   97.47
06:57:21 AM  all    0.00    0.00    1.77    0.00    0.00    1.01    0.00    0.00    0.00   97.22
06:57:22 AM  all    0.00    0.00    4.17    0.00    0.00    2.08    0.00    0.00    0.00   93.75
06:57:23 AM  all    0.00    0.00    3.78    0.00    0.00    3.53    0.00    0.00    0.00   92.70
06:57:24 AM  all    0.00    0.00    3.55    0.00    0.00    4.06    0.00    0.00    0.00   92.39
06:57:25 AM  all    0.00    0.00    3.80    0.00    0.00    2.78    0.00    0.00    0.00   93.42
06:57:26 AM  all    1.03    0.00    3.59    0.00    0.00    2.05    0.00    0.00    0.00   93.33
06:57:27 AM  all    0.00    0.00    5.56    0.00    0.00    3.03    0.00    0.00    0.00   91.41
06:57:28 AM  all    0.25    0.00    5.25    0.00    0.00    3.25    0.00    0.00    0.00   91.25
06:57:29 AM  all    0.50    0.00    6.93    0.00    0.00    3.22    0.00    0.00    0.00   89.36
06:57:30 AM  all    0.75    0.00    5.99    0.00    0.00    2.74    0.00    0.00    0.00   90.52
06:57:31 AM  all    0.00    0.00    3.49    0.00    0.00    2.74    0.00    0.00    0.00   93.77
06:57:32 AM  all    0.00    0.00    1.74    0.00    0.00    0.50    0.00    0.00    0.00   97.77
06:57:33 AM  all    0.00    0.00    2.27    0.00    0.00    1.77    0.00    0.00    0.00   95.96
06:57:34 AM  all    0.00    0.00    4.79    0.00    0.00    4.53    0.00    0.00    0.00   90.68
06:57:35 AM  all    0.49    0.00    4.69    0.00    0.00    4.69    0.00    0.00    0.00   90.12
06:57:36 AM  all    0.00    0.00    3.33    0.00    0.00    4.10    0.00    0.00    0.00   92.56
06:57:37 AM  all    0.51    0.00    4.09    0.00    0.00    2.56    0.00    0.00    0.00   92.84
06:57:38 AM  all    0.25    0.00    6.25    0.00    0.00    2.50    0.00    0.00    0.00   91.00
06:57:39 AM  all    0.00    0.00    7.07    0.00    0.00    4.63    0.00    0.00    0.00   88.29
06:57:40 AM  all    0.25    0.00    6.00    0.00    0.00    2.75    0.00    0.00    0.00   91.00
06:57:41 AM  all    0.00    0.00    6.12    0.00    0.00    2.30    0.00    0.00    0.00   91.58
06:57:42 AM  all    0.74    0.00    6.14    0.00    0.00    3.44    0.00    0.00    0.00   89.68
06:57:43 AM  all    0.25    0.00    5.94    0.00    0.00    3.96    0.00    0.00    0.00   89.85
06:57:44 AM  all    0.25    0.00    4.93    0.00    0.00    2.96    0.00    0.00    0.00   91.87
06:57:45 AM  all    0.00    0.00    1.00    0.00    0.00    1.00    0.00    0.00    0.00   98.01
06:57:46 AM  all    0.25    0.00    1.50    0.00    0.00    2.50    0.00    0.00    0.00   95.75
06:57:47 AM  all    0.24    0.00    5.61    0.00    0.00    4.88    0.00    0.00    0.00   89.27
06:57:48 AM  all    0.00    0.00    4.35    0.00    0.00    2.81    0.00    0.00    0.00   92.84
06:57:49 AM  all    0.00    0.00    4.76    0.00    0.00    4.01    0.00    0.00    0.00   91.23
06:57:50 AM  all    0.00    0.00    3.33    0.00    0.00    3.33    0.00    0.00    0.00   93.33
06:57:51 AM  all    0.00    0.00    5.10    0.00    0.00    3.32    0.00    0.00    0.00   91.58
06:57:52 AM  all    0.00    0.00    5.72    0.00    0.00    3.98    0.00    0.00    0.00   90.30
06:57:53 AM  all    0.25    0.00    5.72    0.00    0.00    4.23    0.00    0.00    0.00   89.80
06:57:54 AM  all    0.50    0.00    5.51    0.00    0.00    3.26    0.00    0.00    0.00   90.73
06:57:55 AM  all    0.25    0.00    5.67    0.00    0.00    4.68    0.00    0.00    0.00   89.41
06:57:56 AM  all    0.00    0.00    5.69    0.00    0.00    3.22    0.00    0.00    0.00   91.09
06:57:57 AM  all    0.00    0.00    1.53    0.00    0.00    1.78    0.00    0.00    0.00   96.69
06:57:58 AM  all    0.00    0.00    1.26    0.25    0.00    1.01    0.00    0.00    0.00   97.48
06:57:59 AM  all    0.00    0.00    1.50    0.00    0.00    2.24    0.00    0.00    0.00   96.26
06:58:00 AM  all    0.51    0.00    4.33    0.00    0.00    2.04    0.00    0.00    0.00   93.13
06:58:01 AM  all    0.00    0.00    4.48    0.00    0.00    2.74    0.00    0.00    0.00   92.79
06:58:02 AM  all    0.00    0.00    4.00    0.00    0.00    3.50    0.00    0.00    0.00   92.50
06:58:03 AM  all    0.00    0.00    5.85    0.00    0.00    5.12    0.00    0.00    0.00   89.02
06:58:04 AM  all    0.25    0.00    4.71    0.00    0.00    3.23    0.00    0.00    0.00   91.81
06:58:05 AM  all    0.25    0.00    5.53    0.00    0.00    2.76    0.00    0.00    0.00   91.46
06:58:06 AM  all    0.00    0.00    6.65    0.00    0.00    3.94    0.00    0.00    0.00   89.41
06:58:07 AM  all    0.50    0.00    5.96    0.00    0.00    3.47    0.00    0.00    0.00   90.07
06:58:08 AM  all    0.00    0.00    6.88    0.00    0.00    3.69    0.00    0.00    0.00   89.43
06:58:09 AM  all    0.00    0.00    3.54    0.00    0.00    2.53    0.00    0.00    0.00   93.94
06:58:10 AM  all    0.00    0.00    1.74    0.00    0.00    1.24    0.00    0.00    0.00   97.01
06:58:11 AM  all    0.25    0.00    1.27    0.00    0.00    1.53    0.00    0.00    0.00   96.95
06:58:12 AM  all    0.25    0.00    5.00    0.00    0.00    3.25    0.00    0.00    0.00   91.50
06:58:13 AM  all    0.00    0.00    4.55    0.00    0.00    3.79    0.00    0.00    0.00   91.67
06:58:14 AM  all    0.00    0.00    5.75    0.00    0.00    3.75    0.00    0.00    0.00   90.50
06:58:15 AM  all    0.25    0.00    5.79    0.00    0.00    2.02    0.00    0.00    0.00   91.94
06:58:16 AM  all    0.74    0.00    4.46    0.00    0.00    3.47    0.00    0.00    0.00   91.34
06:58:17 AM  all    0.25    0.00    4.81    0.00    0.00    3.04    0.00    0.00    0.00   91.90
06:58:18 AM  all    0.00    0.00    5.90    0.00    0.00    4.91    0.00    0.00    0.00   89.19
06:58:19 AM  all    0.00    0.00    4.79    0.00    0.00    3.02    0.00    0.00    0.00   92.19
06:58:20 AM  all    0.48    0.00    6.54    0.00    0.00    5.33    0.00    0.00    0.00   87.65
06:58:21 AM  all    0.25    0.00    5.99    0.00    0.00    2.49    0.00    0.00    0.00   91.27
06:58:22 AM  all    0.25    0.00    4.69    0.00    0.00    4.44    0.00    0.00    0.00   90.62
06:58:23 AM  all    0.00    0.00    2.23    0.00    0.00    0.99    0.00    0.00    0.00   96.78
06:58:24 AM  all    0.00    0.00    2.99    0.00    0.00    2.74    0.00    0.00    0.00   94.26
06:58:25 AM  all    0.00    0.00    4.25    0.00    0.00    3.25    0.00    0.00    0.00   92.50
06:58:26 AM  all    0.74    0.00    5.71    0.00    0.00    4.71    0.00    0.00    0.00   88.83
06:58:27 AM  all    1.24    0.00    5.45    0.00    0.00    3.47    0.00    0.00    0.00   89.85
06:58:28 AM  all    0.48    0.00    6.76    0.00    0.00    4.35    0.00    0.00    0.00   88.41
06:58:29 AM  all    0.00    0.00    4.77    0.00    0.00    5.28    0.00    0.00    0.00   89.95
06:58:30 AM  all    0.25    0.00    4.51    0.00    0.00    3.01    0.00    0.00    0.00   92.23
06:58:31 AM  all    0.25    0.00    4.29    0.00    0.00    4.04    0.00    0.00    0.00   91.41
06:58:32 AM  all    0.00    0.00    4.57    0.00    0.00    3.55    0.00    0.00    0.00   91.88
06:58:33 AM  all    0.26    0.00    4.08    0.00    0.00    3.06    0.00    0.00    0.00   92.60
06:58:34 AM  all    0.00    0.00    3.07    0.00    0.00    2.56    0.00    0.00    0.00   94.37
06:58:35 AM  all    0.00    0.00    1.28    0.00    0.00    1.28    0.00    0.00    0.00   97.45
06:58:36 AM  all    0.25    0.00    1.74    0.00    0.00    1.74    0.00    0.00    0.00   96.28
06:58:37 AM  all    0.25    0.00    1.25    0.00    0.00    0.25    0.00    0.00    0.00   98.25
06:58:38 AM  all    0.00    0.00    3.24    0.00    0.00    2.00    0.00    0.00    0.00   94.76
06:58:39 AM  all    0.49    0.00    8.05    0.00    0.00    4.15    0.00    0.00    0.00   87.32
06:58:40 AM  all    0.73    0.00   13.32    0.00    0.00    6.05    0.00    0.00    0.00   79.90
06:58:41 AM  all    1.25    0.00   15.46    0.00    0.00    7.98    0.00    0.00    0.00   75.31
06:58:42 AM  all    1.00    0.00   13.00    0.00    0.00    5.75    0.00    0.00    0.00   80.25
06:58:43 AM  all    0.50    0.00   15.67    0.00    0.00    9.20    0.00    0.00    0.00   74.63
06:58:44 AM  all    1.02    0.00   12.02    0.00    0.00    5.63    0.00    0.00    0.00   81.33
06:58:45 AM  all    0.76    0.00   13.13    0.00    0.00    7.83    0.00    0.00    0.00   78.28
06:58:46 AM  all    1.01    0.00   12.41    0.00    0.00    8.10    0.00    0.00    0.00   78.48
06:58:47 AM  all    0.26    0.00    7.83    0.00    0.00    7.05    0.00    0.00    0.00   84.86
06:58:48 AM  all    1.02    0.00   10.71    0.00    0.00    8.67    0.00    0.00    0.00   79.59
06:58:49 AM  all    0.53    0.00    5.88    0.00    0.00    5.08    0.00    0.00    0.00   88.50
06:58:50 AM  all    1.28    0.00   12.79    0.00    0.00    4.35    0.00    0.00    0.00   81.59
06:58:51 AM  all    0.75    0.00   11.06    0.00    0.00    7.29    0.00    0.00    0.00   80.90
06:58:52 AM  all    0.26    0.00    9.82    0.00    0.00    6.46    0.00    0.00    0.00   83.46
06:58:53 AM  all    0.75    0.00   14.32    0.00    0.00    7.29    0.00    0.00    0.00   77.64
06:58:54 AM  all    0.74    0.00   10.34    0.00    0.00    7.39    0.00    0.00    0.00   81.53
06:58:55 AM  all    0.97    0.00   15.57    0.00    0.00    7.30    0.00    0.00    0.00   76.16
06:58:56 AM  all    0.25    0.00   13.30    0.00    0.00    6.40    0.00    0.00    0.00   80.05
06:58:57 AM  all    0.75    0.00   12.06    0.00    0.00    8.29    0.00    0.00    0.00   78.89
06:58:58 AM  all    0.00    0.00   10.26    0.00    0.00    7.18    0.00    0.00    0.00   82.56
06:58:59 AM  all    1.24    0.00   12.19    0.00    0.00    7.21    0.00    0.00    0.00   79.35
06:59:00 AM  all    0.50    0.00   13.85    0.00    0.00    7.30    0.00    0.00    0.00   78.34
06:59:01 AM  all    0.75    0.00    7.73    0.00    0.00    5.49    0.00    0.00    0.00   86.03
06:59:02 AM  all    0.51    0.00   11.90    0.00    0.00    7.85    0.00    0.00    0.00   79.75
06:59:03 AM  all    0.50    0.00   11.06    0.00    0.00    7.04    0.00    0.00    0.00   81.41
06:59:04 AM  all    0.76    0.00   12.94    0.00    0.00    6.35    0.00    0.00    0.00   79.95
06:59:05 AM  all    0.25    0.00   12.56    0.00    0.00    7.29    0.00    0.00    0.00   79.90
06:59:06 AM  all    0.50    0.00   11.08    0.00    0.00    7.30    0.00    0.00    0.00   81.11
06:59:07 AM  all    0.78    0.00   10.18    0.00    0.00    7.57    0.00    0.00    0.00   81.46
06:59:08 AM  all    0.50    0.00    9.55    0.25    0.00    5.78    0.00    0.00    0.00   83.92
06:59:09 AM  all    1.00    0.00   12.22    0.00    0.00    8.73    0.00    0.00    0.00   78.05
06:59:10 AM  all    0.00    0.00   10.41    0.00    0.00    6.09    0.00    0.00    0.00   83.50
06:59:11 AM  all    1.01    0.00   11.08    0.00    0.00    7.81    0.00    0.00    0.00   80.10
06:59:12 AM  all    1.01    0.00   12.91    0.00    0.00    5.82    0.00    0.00    0.00   80.25
06:59:13 AM  all    0.50    0.00   11.39    0.00    0.00    6.68    0.00    0.00    0.00   81.44
06:59:14 AM  all    0.25    0.00   13.38    0.00    0.00    7.58    0.00    0.00    0.00   78.79
06:59:15 AM  all    0.76    0.00   10.86    0.00    0.00    7.32    0.00    0.00    0.00   81.06
06:59:16 AM  all    0.76    0.00   11.90    0.00    0.00    8.10    0.00    0.00    0.00   79.24
06:59:17 AM  all    0.00    0.00   11.53    0.00    0.00    7.52    0.00    0.00    0.00   80.95
06:59:18 AM  all    0.52    0.00   10.36    0.00    0.00    6.74    0.00    0.00    0.00   82.38
06:59:19 AM  all    0.77    0.00   11.34    0.00    0.00    6.70    0.00    0.00    0.00   81.19
06:59:20 AM  all    0.77    0.00    8.95    0.00    0.00    7.67    0.00    0.00    0.00   82.61
06:59:21 AM  all    1.02    0.00   11.42    0.00    0.00    7.87    0.00    0.00    0.00   79.70
06:59:22 AM  all    0.25    0.00    9.67    0.00    0.00    8.40    0.00    0.00    0.00   81.68
06:59:23 AM  all    0.00    0.00   11.08    0.25    0.00    8.82    0.00    0.00    0.00   79.85
06:59:24 AM  all    0.26    0.00   11.17    0.00    0.00    7.01    0.00    0.00    0.00   81.56
06:59:25 AM  all    0.51    0.00   10.51    0.00    0.00    6.67    0.00    0.00    0.00   82.31
06:59:26 AM  all    1.28    0.00   10.77    0.00    0.00    8.46    0.00    0.00    0.00   79.49
06:59:27 AM  all    0.26    0.00   12.28    0.00    0.00    7.16    0.00    0.00    0.00   80.31
06:59:28 AM  all    1.00    0.00   12.69    0.00    0.00    8.21    0.00    0.00    0.00   78.11
06:59:29 AM  all    1.02    0.00   10.41    0.00    0.00    7.11    0.00    0.00    0.00   81.47
06:59:30 AM  all    0.49    0.00   15.16    0.00    0.00    7.58    0.00    0.00    0.00   76.77
06:59:31 AM  all    1.28    0.00   10.71    0.00    0.00    7.91    0.00    0.00    0.00   80.10
06:59:32 AM  all    0.25    0.00   10.91    0.00    0.00    6.09    0.00    0.00    0.00   82.74
06:59:33 AM  all    0.49    0.00   13.33    0.00    0.00    8.15    0.00    0.00    0.00   78.02
06:59:34 AM  all    0.99    0.00   12.35    0.00    0.00    7.65    0.00    0.00    0.00   79.01
06:59:35 AM  all    0.50    0.00   12.03    0.00    0.00    6.27    0.00    0.00    0.00   81.20
06:59:36 AM  all    0.48    0.00   16.55    0.00    0.00    6.95    0.00    0.00    0.00   76.02
06:59:37 AM  all    0.48    0.00   15.46    0.00    0.00    6.28    0.00    0.00    0.00   77.78
06:59:38 AM  all    0.96    0.00   12.95    0.00    0.00    8.39    0.00    0.00    0.00   77.70
06:59:39 AM  all    0.49    0.00   10.29    0.00    0.00   10.05    0.00    0.00    0.00   79.17
06:59:40 AM  all    0.52    0.00   10.05    0.00    0.00    8.25    0.00    0.00    0.00   81.19
06:59:41 AM  all    0.25    0.00    9.16    0.00    0.00    8.91    0.00    0.00    0.00   81.68
06:59:42 AM  all    1.02    0.00   10.49    0.00    0.00    7.42    0.00    0.00    0.00   81.07
06:59:43 AM  all    1.02    0.00   11.76    0.00    0.00    6.39    0.00    0.00    0.00   80.82
06:59:44 AM  all    0.00    0.00   14.22    0.00    0.00    7.95    0.00    0.00    0.00   77.83
06:59:45 AM  all    0.76    0.00   10.94    0.00    0.00    6.36    0.00    0.00    0.00   81.93
06:59:46 AM  all    0.75    0.00   11.19    0.00    0.00    8.46    0.00    0.00    0.00   79.60
06:59:47 AM  all    0.00    0.00    4.59    0.00    0.00    4.85    0.00    0.00    0.00   90.56
06:59:48 AM  all    0.00    0.00    3.54    0.00    0.00    3.79    0.00    0.00    0.00   92.68
06:59:49 AM  all    0.49    0.00    5.62    0.00    0.00    4.40    0.00    0.00    0.00   89.49
06:59:50 AM  all    0.00    0.00    4.70    0.00    0.00    4.21    0.00    0.00    0.00   91.09
06:59:51 AM  all    0.00    0.00    3.30    0.00    0.00    2.79    0.00    0.00    0.00   93.91
06:59:52 AM  all    0.25    0.00    4.94    0.00    0.00    3.95    0.00    0.00    0.00   90.86
06:59:53 AM  all    0.49    0.00    3.45    0.00    0.00    2.22    0.00    0.00    0.00   93.84
06:59:54 AM  all    0.00    0.00    0.51    0.00    0.00    0.51    0.00    0.00    0.00   98.99
06:59:55 AM  all    0.00    0.00    1.52    0.00    0.00    1.01    0.00    0.00    0.00   97.47
06:59:56 AM  all    0.00    0.00    4.69    0.00    0.00    5.19    0.00    0.00    0.00   90.12
06:59:57 AM  all    0.25    0.00    5.93    0.00    0.00    3.95    0.00    0.00    0.00   89.88
06:59:58 AM  all    0.25    0.00    3.54    0.00    0.00    2.53    0.00    0.00    0.00   93.69
06:59:59 AM  all    0.25    0.00    2.77    0.00    0.00    3.78    0.00    0.00    0.00   93.20
07:00:00 AM  all    0.00    0.00    4.51    0.00    0.00    3.26    0.00    0.00    0.00   92.23
07:00:01 AM  all    0.00    0.00    2.76    0.25    0.00    2.76    0.00    0.00    0.00   94.22
07:00:02 AM  all    0.00    0.00    3.28    0.00    0.00    3.03    0.00    0.00    0.00   93.69
07:00:03 AM  all    0.00    0.00    1.80    0.00    0.00    2.57    0.00    0.00    0.00   95.63
07:00:04 AM  all    0.00    0.00    4.05    0.00    0.00    3.04    0.00    0.00    0.00   92.91
07:00:05 AM  all    0.25    0.00    3.74    0.00    0.00    2.99    0.00    0.00    0.00   93.02
07:00:06 AM  all    0.00    0.00    3.50    0.00    0.00    3.75    0.00    0.00    0.00   92.75
07:00:07 AM  all    0.25    0.00    4.28    0.00    0.00    2.27    0.00    0.00    0.00   93.20
07:00:08 AM  all    0.50    0.00    4.25    0.00    0.00    1.50    0.00    0.00    0.00   93.75
07:00:09 AM  all    0.25    0.00    3.29    0.00    0.00    3.80    0.00    0.00    0.00   92.66
07:00:10 AM  all    0.00    0.00    4.23    0.00    0.00    3.48    0.00    0.00    0.00   92.29
07:00:11 AM  all    0.00    0.00    3.54    0.00    0.00    3.54    0.00    0.00    0.00   92.93
07:00:12 AM  all    0.00    0.00    3.25    0.00    0.00    4.50    0.00    0.00    0.00   92.25
07:00:13 AM  all    0.00    0.00    3.74    0.00    0.00    3.99    0.00    0.00    0.00   92.27
07:00:14 AM  all    0.25    0.00    5.39    0.00    0.00    4.17    0.00    0.00    0.00   90.20
07:00:15 AM  all    0.25    0.00    3.96    0.00    0.00    3.96    0.00    0.00    0.00   91.83
07:00:16 AM  all    0.00    0.00    3.78    0.00    0.00    3.53    0.00    0.00    0.00   92.70
07:00:17 AM  all    0.00    0.00    2.00    0.00    0.00    3.25    0.00    0.00    0.00   94.75
07:00:18 AM  all    0.00    0.00    4.75    0.00    0.00    4.00    0.00    0.00    0.00   91.25
07:00:19 AM  all    0.25    0.00    4.03    0.00    0.00    2.52    0.00    0.00    0.00   93.20
07:00:20 AM  all    0.00    0.00    4.03    0.00    0.00    2.52    0.00    0.00    0.00   93.45
07:00:21 AM  all    0.50    0.00    4.49    0.00    0.00    2.99    0.00    0.00    0.00   92.02
07:00:22 AM  all    0.00    0.00    3.03    0.00    0.00    3.28    0.00    0.00    0.00   93.69
07:00:23 AM  all    0.25    0.00    5.28    0.00    0.00    2.76    0.00    0.00    0.00   91.71
07:00:24 AM  all    0.25    0.00    3.96    0.00    0.00    3.96    0.00    0.00    0.00   91.83
07:00:25 AM  all    0.25    0.00    3.99    0.00    0.00    3.99    0.00    0.00    0.00   91.77
07:00:26 AM  all    1.24    0.00    4.71    0.00    0.00    3.47    0.00    0.00    0.00   90.57
07:00:27 AM  all    0.00    0.00    3.03    0.00    0.00    2.27    0.00    0.00    0.00   94.70
07:00:28 AM  all    0.00    0.00    3.97    0.00    0.00    4.71    0.00    0.00    0.00   91.32
07:00:29 AM  all    0.00    0.00    2.76    0.00    0.00    3.52    0.00    0.00    0.00   93.72
07:00:30 AM  all    0.00    0.00    4.56    0.00    0.00    3.29    0.00    0.00    0.00   92.15
07:00:31 AM  all    0.25    0.00    4.03    0.00    0.00    2.52    0.00    0.00    0.00   93.20
07:00:32 AM  all    0.25    0.00    2.54    0.00    0.00    3.56    0.00    0.00    0.00   93.64
07:00:33 AM  all    0.00    0.00    4.51    0.00    0.00    4.26    0.00    0.00    0.00   91.23
07:00:34 AM  all    0.25    0.00    3.02    0.00    0.00    4.03    0.00    0.00    0.00   92.70
07:00:35 AM  all    0.25    0.00    4.67    0.00    0.00    4.67    0.00    0.00    0.00   90.42
07:00:36 AM  all    0.25    0.00    4.26    0.00    0.00    3.01    0.00    0.00    0.00   92.48
07:00:37 AM  all    0.25    0.00    5.93    0.00    0.00    3.70    0.00    0.00    0.00   90.12
07:00:38 AM  all    0.00    0.00    4.43    0.00    0.00    2.71    0.00    0.00    0.00   92.86
07:00:39 AM  all    0.00    0.00    4.94    0.00    0.00    3.21    0.00    0.00    0.00   91.85
07:00:40 AM  all    0.00    0.00    5.26    0.00    0.00    3.76    0.00    0.00    0.00   90.98
07:00:41 AM  all    0.25    0.00    3.02    0.00    0.00    3.27    0.00    0.00    0.00   93.45
07:00:42 AM  all    0.25    0.00    5.42    0.00    0.00    4.19    0.00    0.00    0.00   90.15
07:00:43 AM  all    0.00    0.00    3.03    0.00    0.00    3.28    0.00    0.00    0.00   93.69
07:00:44 AM  all    0.25    0.00    3.80    0.00    0.00    3.29    0.00    0.00    0.00   92.66
07:00:45 AM  all    0.00    0.00    3.70    0.00    0.00    4.94    0.00    0.00    0.00   91.36
07:00:46 AM  all    0.00    0.00    5.01    0.00    0.00    3.26    0.00    0.00    0.00   91.73
07:00:47 AM  all    0.00    0.00    5.17    0.00    0.00    5.67    0.00    0.00    0.00   89.16
07:00:48 AM  all    0.00    0.00    3.72    0.25    0.00    4.22    0.00    0.00    0.00   91.81
07:00:49 AM  all    0.25    0.00    5.19    0.00    0.00    4.44    0.00    0.00    0.00   90.12
07:00:50 AM  all    0.00    0.00    5.19    0.00    0.00    3.70    0.00    0.00    0.00   91.11
07:00:51 AM  all    0.00    0.00    4.49    0.00    0.00    3.74    0.00    0.00    0.00   91.77
07:00:52 AM  all    0.24    0.00    6.83    0.00    0.00    3.17    0.00    0.00    0.00   89.76
07:00:53 AM  all    0.24    0.00    4.87    0.00    0.00    4.87    0.00    0.00    0.00   90.02
07:00:54 AM  all    0.00    2.24    6.73    3.99    0.00    2.99    0.00    0.00    0.00   84.04
07:00:55 AM  all    0.25    0.00    3.78    0.00    0.00    2.52    0.00    0.00    0.00   93.45
07:00:56 AM  all    0.00    0.00    4.28    0.00    0.00    4.03    0.00    0.00    0.00   91.69
07:00:57 AM  all    0.25    0.00    3.02    0.00    0.00    3.27    0.00    0.00    0.00   93.47
07:00:58 AM  all    0.00    0.00    2.31    0.00    0.00    2.31    0.00    0.00    0.00   95.37
07:00:59 AM  all    0.00    0.00    3.09    0.00    0.00    1.55    0.00    0.00    0.00   95.36
07:01:00 AM  all    0.00    0.00    3.76    0.00    0.00    3.26    0.00    0.00    0.00   92.98
07:01:01 AM  all    0.51    0.00    1.78    0.00    0.00    2.79    0.00    0.00    0.00   94.92
07:01:02 AM  all    0.00    0.00    3.72    0.00    0.00    3.72    0.00    0.00    0.00   92.56
07:01:03 AM  all    0.00    0.00    3.79    0.00    0.00    3.28    0.00    0.00    0.00   92.93
07:01:04 AM  all    0.25    0.00    4.73    0.00    0.00    4.23    0.00    0.00    0.00   90.80
07:01:05 AM  all    0.25    0.00    4.49    0.00    0.00    3.74    0.00    0.00    0.00   91.52
07:01:06 AM  all    0.00    0.00    4.00    0.00    0.00    4.00    0.00    0.00    0.00   92.00
07:01:07 AM  all    0.00    0.00    4.27    0.00    0.00    3.77    0.00    0.00    0.00   91.96
07:01:08 AM  all    0.00    0.00    4.51    0.00    0.00    3.26    0.00    0.00    0.00   92.23
07:01:09 AM  all    0.50    0.00    4.49    0.00    0.00    3.99    0.00    0.00    0.00   91.02
07:01:10 AM  all    0.00    0.00    3.97    0.00    0.00    4.71    0.00    0.00    0.00   91.32
07:01:11 AM  all    0.00    0.00    4.53    0.00    0.00    3.02    0.00    0.00    0.00   92.44
07:01:12 AM  all    0.00    0.00    4.47    0.00    0.00    4.71    0.00    0.00    0.00   90.82
07:01:13 AM  all    0.25    0.00    4.20    0.00    0.00    4.69    0.00    0.00    0.00   90.86
07:01:14 AM  all    0.25    0.00    4.00    0.00    0.00    4.00    0.00    0.00    0.00   91.75
07:01:15 AM  all    0.25    0.00    4.95    0.00    0.00    4.21    0.00    0.00    0.00   90.59
07:01:16 AM  all    0.00    0.00    5.25    0.00    0.00    3.50    0.00    0.00    0.00   91.25
07:01:17 AM  all    0.00    0.00    4.03    0.00    0.00    3.02    0.00    0.00    0.00   92.95
07:01:18 AM  all    0.25    0.00    4.01    0.00    0.00    4.26    0.00    0.00    0.00   91.48
07:01:19 AM  all    0.00    0.00    5.03    0.00    0.00    2.51    0.00    0.00    0.00   92.46
07:01:20 AM  all    0.25    0.00    5.49    0.00    0.00    2.74    0.00    0.00    0.00   91.52
07:01:21 AM  all    0.00    0.00    3.54    0.00    0.00    4.04    0.00    0.00    0.00   92.42
07:01:22 AM  all    0.00    0.00    4.80    0.00    0.00    3.54    0.00    0.00    0.00   91.67
07:01:23 AM  all    0.24    0.00    4.63    0.24    0.00    4.39    0.00    0.00    0.00   90.49
07:01:24 AM  all    0.25    0.00    2.77    0.00    0.00    4.03    0.00    0.00    0.00   92.95
07:01:25 AM  all    0.00    0.00    3.58    0.00    0.00    1.79    0.00    0.00    0.00   94.63
07:01:26 AM  all    0.99    0.00    4.71    0.00    0.00    3.72    0.00    0.00    0.00   90.57
07:01:27 AM  all    0.25    0.00    3.80    0.00    0.00    2.53    0.00    0.00    0.00   93.42
07:01:28 AM  all    0.00    0.00    3.02    0.00    0.00    3.27    0.00    0.00    0.00   93.70
07:01:29 AM  all    0.00    0.00    3.78    0.00    0.00    2.77    0.00    0.00    0.00   93.45
07:01:30 AM  all    0.25    0.00    3.47    0.00    0.00    4.47    0.00    0.00    0.00   91.81
07:01:31 AM  all    0.25    0.00    4.75    0.00    0.00    3.00    0.00    0.00    0.00   92.00
07:01:32 AM  all    0.25    0.00    4.77    0.00    0.00    2.76    0.00    0.00    0.00   92.21
07:01:33 AM  all    0.00    0.00    4.71    0.00    0.00    3.23    0.00    0.00    0.00   92.06
07:01:34 AM  all    0.00    0.00    5.21    0.00    0.00    3.72    0.00    0.00    0.00   91.07
07:01:35 AM  all    0.25    0.00    3.98    0.00    0.00    3.23    0.00    0.00    0.00   92.54
07:01:36 AM  all    0.24    0.00    5.84    0.00    0.00    4.38    0.00    0.00    0.00   89.54
07:01:37 AM  all    0.00    0.00    5.38    0.00    0.00    4.89    0.00    0.00    0.00   89.73
07:01:38 AM  all    0.00    0.00    2.74    0.00    0.00    4.99    0.00    0.00    0.00   92.27
07:01:39 AM  all    0.25    0.00    4.68    0.00    0.00    3.94    0.00    0.00    0.00   91.13
07:01:40 AM  all    0.00    0.00    5.16    0.00    0.00    3.93    0.00    0.00    0.00   90.91
07:01:41 AM  all    0.00    0.00    3.74    0.00    0.00    4.24    0.00    0.00    0.00   92.02
07:01:42 AM  all    0.00    0.00    5.96    0.00    0.00    2.48    0.00    0.00    0.00   91.56
07:01:43 AM  all    0.00    0.00    4.73    0.00    0.00    3.48    0.00    0.00    0.00   91.79
07:01:44 AM  all    0.00    0.00    4.69    0.00    0.00    3.95    0.00    0.00    0.00   91.36
07:01:45 AM  all    0.00    0.00    5.41    0.25    0.00    3.93    0.00    0.00    0.00   90.42
07:01:46 AM  all    0.74    0.00    4.22    0.00    0.00    3.97    0.00    0.00    0.00   91.07
07:01:47 AM  all    0.25    0.00    4.68    0.00    0.00    4.19    0.00    0.00    0.00   90.89
07:01:48 AM  all    0.00    0.00    5.93    0.00    0.00    3.46    0.00    0.00    0.00   90.62
07:01:49 AM  all    0.00    0.00    5.65    0.00    0.00    3.69    0.00    0.00    0.00   90.66
07:01:50 AM  all    0.25    0.00    3.81    0.00    0.00    2.28    0.00    0.00    0.00   93.65
07:01:51 AM  all    0.49    0.00    5.43    0.00    0.00    3.95    0.00    0.00    0.00   90.12
07:01:52 AM  all    0.00    0.00    4.75    0.00    0.00    2.75    0.00    0.00    0.00   92.50
07:01:53 AM  all    0.00    0.00    4.44    0.00    0.00    4.44    0.00    0.00    0.00   91.11
07:01:54 AM  all    0.00    0.00    3.54    0.00    0.00    2.53    0.00    0.00    0.00   93.94
07:01:55 AM  all    0.00    0.00    4.74    0.00    0.00    3.49    0.00    0.00    0.00   91.77
07:01:56 AM  all    0.25    0.00    3.01    0.00    0.00    3.26    0.00    0.00    0.00   93.48
07:01:57 AM  all    0.25    0.00    3.05    0.00    0.00    2.79    0.00    0.00    0.00   93.91
07:01:58 AM  all    0.00    0.00    4.31    0.00    0.00    2.28    0.00    0.00    0.00   93.40
07:01:59 AM  all    0.00    0.00    2.51    0.00    0.00    1.51    0.00    0.00    0.00   95.98
07:02:00 AM  all    0.00    0.00    3.22    0.00    0.00    2.48    0.00    0.00    0.00   94.31
07:02:01 AM  all    0.00    0.00    1.51    0.00    0.00    1.51    0.00    0.00    0.00   96.98
07:02:02 AM  all    0.50    0.00    3.26    0.00    0.00    2.51    0.00    0.00    0.00   93.73
07:02:03 AM  all    0.00    0.00    4.44    0.00    0.00    4.94    0.00    0.00    0.00   90.62
07:02:04 AM  all    0.00    0.00    3.26    0.00    0.00    3.01    0.00    0.00    0.00   93.73
07:02:05 AM  all    0.00    0.00    4.27    0.00    0.00    3.77    0.00    0.00    0.00   91.96
07:02:06 AM  all    0.00    0.00    3.50    0.00    0.00    3.00    0.00    0.00    0.00   93.50
07:02:07 AM  all    0.76    0.00    4.03    0.00    0.00    3.53    0.00    0.00    0.00   91.69
07:02:08 AM  all    0.00    0.00    4.73    0.00    0.00    3.23    0.00    0.00    0.00   92.04
07:02:09 AM  all    0.00    0.00    3.51    0.00    0.00    3.51    0.00    0.00    0.00   92.98
07:02:10 AM  all    0.00    0.00    3.79    0.00    0.00    2.27    0.00    0.00    0.00   93.94
07:02:11 AM  all    0.00    0.00    4.68    0.00    0.00    3.45    0.00    0.00    0.00   91.87
07:02:12 AM  all    0.49    0.00    5.83    0.00    0.00    4.13    0.00    0.00    0.00   89.56
07:02:13 AM  all    0.49    0.00    4.42    0.00    0.00    3.19    0.00    0.00    0.00   91.89
07:02:14 AM  all    0.00    0.00    3.98    0.00    0.00    3.73    0.00    0.00    0.00   92.29
07:02:15 AM  all    0.00    0.00    3.74    0.00    0.00    2.99    0.00    0.00    0.00   93.27
07:02:16 AM  all    0.00    0.00    3.77    0.00    0.00    4.02    0.00    0.00    0.00   92.21
07:02:17 AM  all    0.25    0.00    3.81    0.00    0.00    2.54    0.00    0.00    0.00   93.40
07:02:18 AM  all    0.00    0.00    5.41    0.00    0.00    3.19    0.00    0.00    0.00   91.40
07:02:19 AM  all    0.00    0.00    5.49    0.00    0.00    3.49    0.00    0.00    0.00   91.02
07:02:20 AM  all    0.00    0.00    3.29    0.00    0.00    3.04    0.00    0.00    0.00   93.67
07:02:21 AM  all    0.00    0.00    4.21    0.00    0.00    4.21    0.00    0.00    0.00   91.58
07:02:22 AM  all    0.00    0.00    2.28    0.00    0.00    2.78    0.00    0.00    0.00   94.94
07:02:23 AM  all    0.00    0.00    5.47    0.00    0.00    3.23    0.00    0.00    0.00   91.29
07:02:24 AM  all    0.50    0.00    5.97    0.00    0.00    3.23    0.00    0.00    0.00   90.30
07:02:25 AM  all    0.00    0.00    4.28    0.00    0.00    2.27    0.00    0.00    0.00   93.45
07:02:26 AM  all    1.00    0.00    5.97    0.00    0.00    3.73    0.00    0.00    0.00   89.30
07:02:27 AM  all    0.25    0.00    4.91    0.00    0.00    4.91    0.00    0.00    0.00   89.93
07:02:28 AM  all    0.25    0.00    5.45    0.00    0.00    4.21    0.00    0.00    0.00   90.10
07:02:29 AM  all    0.25    0.00    4.69    0.00    0.00    3.21    0.00    0.00    0.00   91.85
07:02:30 AM  all    0.00    0.00    4.74    0.25    0.00    2.74    0.00    0.00    0.00   92.27
07:02:31 AM  all    0.50    0.00    4.49    0.00    0.00    2.49    0.00    0.00    0.00   92.52
07:02:32 AM  all    0.00    0.00    1.52    0.00    0.00    1.52    0.00    0.00    0.00   96.96
07:02:33 AM  all    0.00    0.00    6.14    0.00    0.00    4.67    0.00    0.00    0.00   89.19
07:02:34 AM  all    0.00    0.00    2.76    0.00    0.00    3.27    0.00    0.00    0.00   93.97
07:02:35 AM  all    0.00    0.00    3.24    0.00    0.00    3.99    0.00    0.00    0.00   92.77
07:02:36 AM  all    0.00    0.00    5.45    0.00    0.00    4.21    0.00    0.00    0.00   90.35
07:02:37 AM  all    0.00    0.00    4.07    0.00    0.00    2.54    0.00    0.00    0.00   93.38
07:02:38 AM  all    0.00    0.00    3.54    0.00    0.00    3.29    0.00    0.00    0.00   93.16
07:02:39 AM  all    0.25    0.00    5.39    0.00    0.00    3.19    0.00    0.00    0.00   91.18
07:02:40 AM  all    0.25    0.00    3.99    0.25    0.00    4.49    0.00    0.00    0.00   91.02
07:02:41 AM  all    0.75    0.00    4.49    0.00    0.00    2.74    0.00    0.00    0.00   92.02
07:02:42 AM  all    0.25    0.00    3.29    0.00    0.00    3.04    0.00    0.00    0.00   93.42
07:02:43 AM  all    0.25    0.00    3.50    0.00    0.00    3.75    0.00    0.00    0.00   92.50
07:02:44 AM  all    0.00    0.00    3.79    0.00    0.00    2.53    0.00    0.00    0.00   93.69
07:02:45 AM  all    0.25    0.00    4.74    0.00    0.00    2.99    0.00    0.00    0.00   92.02
07:02:46 AM  all    0.00    0.00    4.09    0.00    0.00    2.56    0.00    0.00    0.00   93.35
07:02:47 AM  all    0.00    0.00    5.72    0.00    0.00    3.23    0.00    0.00    0.00   91.04
07:02:48 AM  all    0.00    0.00    4.04    0.00    0.00    2.02    0.00    0.00    0.00   93.94
07:02:49 AM  all    0.24    0.00    4.61    0.00    0.00    5.10    0.00    0.00    0.00   90.05
07:02:50 AM  all    0.00    0.00    3.51    0.00    0.00    3.76    0.00    0.00    0.00   92.73
07:02:51 AM  all    0.00    0.00    2.77    0.00    0.00    4.03    0.00    0.00    0.00   93.20
07:02:52 AM  all    0.00    0.00    4.74    0.00    0.00    2.99    0.00    0.00    0.00   92.27
07:02:53 AM  all    0.25    0.00    4.50    0.00    0.00    3.25    0.00    0.00    0.00   92.00
07:02:54 AM  all    0.00    0.00    3.75    0.00    0.00    4.25    0.00    0.00    0.00   92.00
07:02:55 AM  all    0.00    0.00    5.19    0.00    0.00    3.70    0.00    0.00    0.00   91.11
07:02:56 AM  all    0.00    0.00    3.06    0.00    0.00    3.32    0.00    0.00    0.00   93.62
07:02:57 AM  all    0.25    0.00    4.05    0.00    0.00    2.28    0.00    0.00    0.00   93.42
07:02:58 AM  all    0.25    0.00    5.00    0.00    0.00    2.25    0.00    0.00    0.00   92.50
07:02:59 AM  all    0.00    0.00    3.31    0.00    0.00    2.04    0.00    0.00    0.00   94.66
07:03:00 AM  all    0.00    0.00    5.72    0.00    0.00    2.49    0.00    0.00    0.00   91.79
07:03:01 AM  all    0.50    0.00    3.25    0.00    0.00    3.00    0.00    0.00    0.00   93.25
07:03:02 AM  all    0.00    0.00    2.79    0.00    0.00    2.54    0.00    0.00    0.00   94.67
07:03:03 AM  all    0.00    0.00    5.16    0.00    0.00    3.93    0.00    0.00    0.00   90.91
07:03:04 AM  all    0.25    0.00    5.00    0.00    0.00    2.75    0.00    0.00    0.00   92.00
07:03:05 AM  all    0.00    0.00    4.23    0.25    0.00    3.23    0.00    0.00    0.00   92.29
07:03:06 AM  all    0.00    0.00    4.49    0.00    0.00    3.49    0.00    0.00    0.00   92.02
07:03:07 AM  all    0.24    0.00    7.30    0.00    0.00    2.92    0.00    0.00    0.00   89.54
07:03:08 AM  all    0.00    0.00    4.53    0.00    0.00    3.53    0.00    0.00    0.00   91.94
07:03:09 AM  all    0.25    0.00    4.91    0.00    0.00    4.67    0.00    0.00    0.00   90.17
07:03:10 AM  all    0.49    0.00    5.41    0.00    0.00    4.18    0.00    0.00    0.00   89.93
07:03:11 AM  all    0.00    0.00    4.98    0.00    0.00    4.23    0.00    0.00    0.00   90.80
07:03:12 AM  all    0.25    0.00    4.28    0.00    0.00    3.02    0.00    0.00    0.00   92.44
07:03:13 AM  all    0.00    0.00    4.50    0.00    0.00    4.00    0.00    0.00    0.00   91.50
07:03:14 AM  all    0.00    0.00    2.81    0.00    0.00    3.32    0.00    0.00    0.00   93.88
07:03:15 AM  all    0.25    0.00    2.54    0.00    0.00    3.05    0.00    0.00    0.00   94.16
07:03:16 AM  all    0.00    0.00    4.06    0.00    0.00    3.55    0.00    0.00    0.00   92.39
07:03:17 AM  all    0.25    0.00    3.49    0.00    0.00    4.24    0.00    0.00    0.00   92.02
07:03:18 AM  all    0.00    0.00    5.47    0.00    0.00    3.98    0.00    0.00    0.00   90.55
07:03:19 AM  all    0.25    0.00    4.81    0.00    0.00    2.03    0.00    0.00    0.00   92.91
07:03:20 AM  all    0.25    0.00    4.73    0.00    0.00    2.99    0.00    0.00    0.00   92.04
07:03:21 AM  all    0.00    0.00    4.80    0.00    0.00    3.54    0.00    0.00    0.00   91.67
07:03:22 AM  all    0.50    0.00    4.71    0.00    0.00    3.72    0.00    0.00    0.00   91.07
07:03:23 AM  all    0.25    0.00    4.96    0.00    0.00    4.71    0.00    0.00    0.00   90.07
07:03:24 AM  all    0.00    0.00    4.48    0.00    0.00    3.98    0.00    0.00    0.00   91.54
07:03:25 AM  all    0.00    0.00    4.81    0.00    0.00    3.04    0.00    0.00    0.00   92.15
07:03:26 AM  all    0.97    0.00    6.80    0.00    0.00    4.37    0.00    0.00    0.00   87.86
07:03:27 AM  all    0.25    0.00    4.23    0.00    0.00    4.48    0.00    0.00    0.00   91.04
07:03:28 AM  all    0.25    0.00    5.67    0.00    0.00    4.68    0.00    0.00    0.00   89.41
07:03:29 AM  all    0.25    0.00    3.74    0.00    0.00    2.99    0.00    0.00    0.00   93.02
07:03:30 AM  all    0.00    0.00    3.55    0.00    0.00    3.55    0.00    0.00    0.00   92.89
07:03:31 AM  all    0.25    0.00    4.81    0.00    0.00    3.04    0.00    0.00    0.00   91.90
07:03:32 AM  all    0.25    0.00    5.90    0.00    0.00    3.44    0.00    0.00    0.00   90.42
07:03:33 AM  all    0.25    0.00    5.16    0.00    0.00    4.91    0.00    0.00    0.00   89.68
07:03:34 AM  all    0.00    0.00    5.00    0.00    0.00    2.25    0.00    0.00    0.00   92.75
07:03:35 AM  all    0.25    0.00    4.01    0.25    0.00    2.76    0.00    0.00    0.00   92.73
07:03:36 AM  all    0.00    0.00    3.55    0.00    0.00    2.54    0.00    0.00    0.00   93.91
07:03:37 AM  all    0.00    0.00    4.30    0.00    0.00    3.29    0.00    0.00    0.00   92.41
07:03:38 AM  all    0.25    0.00    3.29    0.00    0.00    3.04    0.00    0.00    0.00   93.42
07:03:39 AM  all    0.00    0.00    5.21    0.00    0.00    3.47    0.00    0.00    0.00   91.32
07:03:40 AM  all    0.25    0.00    4.23    0.00    0.00    3.98    0.00    0.00    0.00   91.54
07:03:41 AM  all    0.00    0.00    4.01    0.00    0.00    2.26    0.00    0.00    0.00   93.73
07:03:42 AM  all    0.25    0.00    4.99    0.00    0.00    3.74    0.00    0.00    0.00   91.02
07:03:43 AM  all    0.00    0.00    4.19    0.00    0.00    3.69    0.00    0.00    0.00   92.12
07:03:44 AM  all    0.25    0.00    4.51    0.00    0.00    3.01    0.00    0.00    0.00   92.23
07:03:45 AM  all    0.25    0.00    3.24    0.00    0.00    3.99    0.00    0.00    0.00   92.52
07:03:46 AM  all    0.00    0.00    4.24    0.00    0.00    2.99    0.00    0.00    0.00   92.77
07:03:47 AM  all    0.74    0.00    5.42    0.00    0.00    3.45    0.00    0.00    0.00   90.39
07:03:48 AM  all    0.00    0.00    3.25    0.00    0.00    3.00    0.00    0.00    0.00   93.75
07:03:49 AM  all    0.25    0.00    4.46    0.00    0.00    4.21    0.00    0.00    0.00   91.09
07:03:50 AM  all    0.00    0.00    3.75    0.00    0.00    3.00    0.00    0.00    0.00   93.25
07:03:51 AM  all    0.00    0.00    7.19    0.00    0.00    4.08    0.00    0.00    0.00   88.73
07:03:52 AM  all    0.24    0.00    5.13    0.00    0.00    4.89    0.00    0.00    0.00   89.73
07:03:53 AM  all    0.00    0.00    3.98    0.00    0.00    3.23    0.00    0.00    0.00   92.79
07:03:54 AM  all    0.00    0.00    4.03    0.00    0.00    3.27    0.00    0.00    0.00   92.70
07:03:55 AM  all    0.00    0.00    3.50    0.00    0.00    2.50    0.00    0.00    0.00   94.00
07:03:56 AM  all    0.00    0.00    2.26    0.00    0.00    2.51    0.00    0.00    0.00   95.23
07:03:57 AM  all    0.25    0.00    5.01    0.00    0.00    1.50    0.00    0.00    0.00   93.23
07:03:58 AM  all    0.25    0.00    3.02    0.00    0.00    3.02    0.00    0.00    0.00   93.70
07:03:59 AM  all    0.25    0.00    5.45    0.00    0.00    3.47    0.00    0.00    0.00   90.84
07:04:00 AM  all    0.00    0.00    3.51    0.00    0.00    3.26    0.00    0.00    0.00   93.23
07:04:01 AM  all    0.00    0.00    2.25    0.00    0.00    3.25    0.00    0.00    0.00   94.50
07:04:02 AM  all    0.25    0.00    2.99    0.00    0.00    1.24    0.00    0.00    0.00   95.52
07:04:03 AM  all    0.25    0.00    4.47    0.00    0.00    2.73    0.00    0.00    0.00   92.56
07:04:04 AM  all    0.00    0.00    4.27    0.00    0.00    3.77    0.00    0.00    0.00   91.96
07:04:05 AM  all    0.00    0.00    4.04    0.00    0.00    2.27    0.00    0.00    0.00   93.69
07:04:06 AM  all    0.24    0.00    7.23    0.00    0.00    3.61    0.00    0.00    0.00   88.92
07:04:07 AM  all    0.25    0.00    3.99    0.00    0.00    4.24    0.00    0.00    0.00   91.52
07:04:08 AM  all    0.00    0.00    2.53    0.00    0.00    2.78    0.00    0.00    0.00   94.70
07:04:09 AM  all    0.00    0.00    4.24    0.00    0.00    3.99    0.00    0.00    0.00   91.77
07:04:10 AM  all    0.50    0.00    4.52    0.00    0.00    3.02    0.00    0.00    0.00   91.96
07:04:11 AM  all    0.25    0.00    3.97    0.00    0.00    3.72    0.00    0.00    0.00   92.06
07:04:12 AM  all    0.25    0.00    5.01    0.00    0.00    2.51    0.00    0.00    0.00   92.23
07:04:13 AM  all    0.00    0.00    4.47    0.00    0.00    3.72    0.00    0.00    0.00   91.81
07:04:14 AM  all    0.00    0.00    6.60    0.00    0.00    3.91    0.00    0.00    0.00   89.49
07:04:15 AM  all    0.24    0.00    5.81    0.00    0.00    5.33    0.00    0.00    0.00   88.62
07:04:16 AM  all    0.25    0.00    5.45    0.00    0.00    3.71    0.00    0.00    0.00   90.59
07:04:17 AM  all    0.00    0.00    6.16    0.00    0.00    3.69    0.00    0.00    0.00   90.15
07:04:18 AM  all    0.00    0.00    4.03    0.00    0.00    3.78    0.00    0.00    0.00   92.19
07:04:19 AM  all    0.25    0.00    6.14    0.00    0.00    3.44    0.00    0.00    0.00   90.17
07:04:20 AM  all    0.50    0.00    4.23    0.00    0.00    3.98    0.00    0.00    0.00   91.29
07:04:21 AM  all    0.49    0.00    5.65    0.00    0.00    4.42    0.00    0.00    0.00   89.43
07:04:22 AM  all    0.00    0.00    4.76    0.00    0.00    4.26    0.00    0.00    0.00   90.98
07:04:23 AM  all    0.00    0.00    5.01    0.00    0.00    3.51    0.00    0.00    0.00   91.48
07:04:24 AM  all    0.00    0.00    5.50    0.00    0.00    3.50    0.00    0.00    0.00   91.00
07:04:25 AM  all    0.50    0.00    5.24    0.00    0.00    3.99    0.00    0.00    0.00   90.27
07:04:26 AM  all    0.99    0.00    5.93    0.00    0.00    3.46    0.00    0.00    0.00   89.63
07:04:27 AM  all    0.00    0.00    3.26    0.00    0.00    2.01    0.00    0.00    0.00   94.74
07:04:28 AM  all    0.00    0.00    4.98    0.00    0.00    4.23    0.00    0.00    0.00   90.80
07:04:29 AM  all    0.00    0.00    4.04    0.00    0.00    3.28    0.00    0.00    0.00   92.68
07:04:30 AM  all    0.25    0.00    3.04    0.00    0.00    2.03    0.00    0.00    0.00   94.68
07:04:31 AM  all    0.25    0.00    4.53    0.00    0.00    3.53    0.00    0.00    0.00   91.69
07:04:32 AM  all    0.00    0.00    2.50    0.00    0.00    2.25    0.00    0.00    0.00   95.25
07:04:33 AM  all    0.00    0.00    2.74    0.00    0.00    1.74    0.00    0.00    0.00   95.52
07:04:34 AM  all    0.24    0.00    5.61    0.00    0.00    4.15    0.00    0.00    0.00   90.00
07:04:35 AM  all    0.00    0.00    3.76    0.00    0.00    2.51    0.00    0.00    0.00   93.73
07:04:36 AM  all    0.00    0.00    4.55    0.00    0.00    2.27    0.00    0.00    0.00   93.18
07:04:37 AM  all    0.00    0.00    2.78    0.00    0.00    2.78    0.00    0.00    0.00   94.44
07:04:38 AM  all    0.00    0.00    5.88    0.00    0.00    4.66    0.00    0.00    0.00   89.46
07:04:39 AM  all    0.50    0.00    4.96    0.00    0.00    3.72    0.00    0.00    0.00   90.82
07:04:40 AM  all    0.00    0.00    4.26    0.00    0.00    3.01    0.00    0.00    0.00   92.73
07:04:41 AM  all    0.25    0.00    4.94    0.00    0.00    5.19    0.00    0.00    0.00   89.63
07:04:42 AM  all    0.25    0.00    4.03    0.00    0.00    2.77    0.00    0.00    0.00   92.95
07:04:43 AM  all    0.00    0.00    5.68    0.00    0.00    5.19    0.00    0.00    0.00   89.14
07:04:44 AM  all    0.00    0.00    4.96    0.00    0.00    2.98    0.00    0.00    0.00   92.06
07:04:45 AM  all    0.00    0.00    4.79    0.00    0.00    3.78    0.00    0.00    0.00   91.44
07:04:46 AM  all    0.25    0.00    4.73    0.00    0.00    4.23    0.00    0.00    0.00   90.80
07:04:47 AM  all    0.00    0.00    5.39    0.00    0.00    3.92    0.00    0.00    0.00   90.69
07:04:48 AM  all    0.50    0.00    5.45    0.00    0.00    4.46    0.00    0.00    0.00   89.60
07:04:49 AM  all    0.00    0.00    4.04    0.00    0.00    2.78    0.00    0.00    0.00   93.18
07:04:50 AM  all    0.00    0.00    5.29    0.00    0.00    2.77    0.00    0.00    0.00   91.94
07:04:51 AM  all    0.25    0.00    3.30    0.00    0.00    3.05    0.00    0.00    0.00   93.40
07:04:52 AM  all    0.00    0.00    5.19    0.00    0.00    4.20    0.00    0.00    0.00   90.62
07:04:53 AM  all    0.24    0.00    7.80    0.00    0.00    3.17    0.00    0.00    0.00   88.78
07:04:54 AM  all    0.24    0.00    6.28    0.00    0.00    3.38    0.00    0.00    0.00   90.10
07:04:55 AM  all    0.49    0.00    5.93    0.00    0.00    3.46    0.00    0.00    0.00   90.12
07:04:56 AM  all    0.25    0.00    4.69    0.00    0.00    3.21    0.00    0.00    0.00   91.85
07:04:57 AM  all    0.25    0.00    3.98    0.00    0.00    4.23    0.00    0.00    0.00   91.54
07:04:58 AM  all    0.25    0.00    3.05    0.00    0.00    2.79    0.00    0.00    0.00   93.91
07:04:59 AM  all    0.00    0.00    4.71    0.00    0.00    3.72    0.00    0.00    0.00   91.56
07:05:00 AM  all    0.25    0.00    3.47    0.00    0.00    5.69    0.00    0.00    0.00   90.59
07:05:01 AM  all    0.25    0.00    1.77    0.25    0.00    1.77    0.00    0.00    0.00   95.95
07:05:02 AM  all    0.00    0.00    3.54    0.00    0.00    2.53    0.00    0.00    0.00   93.94
07:05:03 AM  all    0.00    0.00    1.28    0.00    0.00    1.28    0.00    0.00    0.00   97.45
07:05:04 AM  all    0.25    0.00    4.56    0.00    0.00    1.27    0.00    0.00    0.00   93.92
07:05:05 AM  all    0.00    0.00    4.03    0.00    0.00    3.27    0.00    0.00    0.00   92.70
07:05:06 AM  all    0.25    0.00    2.74    0.00    0.00    3.98    0.00    0.00    0.00   93.03
07:05:07 AM  all    0.49    0.00    4.93    0.00    0.00    3.94    0.00    0.00    0.00   90.64
07:05:08 AM  all    0.00    0.00    2.74    0.00    0.00    2.00    0.00    0.00    0.00   95.26
07:05:09 AM  all    0.00    0.00    3.80    0.00    0.00    2.53    0.00    0.00    0.00   93.67
07:05:10 AM  all    0.00    0.00    4.02    0.00    0.00    3.77    0.00    0.00    0.00   92.21
07:05:11 AM  all    0.00    0.00    4.00    0.00    0.00    3.75    0.00    0.00    0.00   92.25
07:05:12 AM  all    0.00    0.00    4.05    0.00    0.00    3.29    0.00    0.00    0.00   92.66
07:05:13 AM  all    0.00    0.00    4.77    0.00    0.00    3.02    0.00    0.00    0.00   92.21
07:05:14 AM  all    0.00    0.00    5.21    0.00    0.00    2.98    0.00    0.00    0.00   91.81
07:05:15 AM  all    0.25    0.00    5.22    0.00    0.00    3.73    0.00    0.00    0.00   90.80
07:05:16 AM  all    0.49    0.00    4.66    0.00    0.00    5.15    0.00    0.00    0.00   89.71
07:05:17 AM  all    0.00    0.00    5.43    0.00    0.00    4.20    0.00    0.00    0.00   90.37
07:05:18 AM  all    0.00    0.00    5.25    0.00    0.00    3.00    0.00    0.00    0.00   91.75
07:05:19 AM  all    0.00    0.00    5.03    0.00    0.00    3.77    0.00    0.00    0.00   91.21
07:05:20 AM  all    0.25    0.00    4.73    0.00    0.00    3.73    0.00    0.00    0.00   91.29
07:05:21 AM  all    0.74    0.00    6.42    0.00    0.00    2.47    0.00    0.00    0.00   90.37
07:05:22 AM  all    0.00    0.00    4.81    0.00    0.00    3.04    0.00    0.00    0.00   92.15
07:05:23 AM  all    0.00    0.00    5.21    0.00    0.00    4.22    0.00    0.00    0.00   90.57
07:05:24 AM  all    0.00    0.00    5.91    0.00    0.00    3.69    0.00    0.00    0.00   90.39
07:05:25 AM  all    0.00    0.00    5.20    0.00    0.00    4.21    0.00    0.00    0.00   90.59
07:05:26 AM  all    0.74    0.00    5.93    0.00    0.00    3.21    0.00    0.00    0.00   90.12
07:05:27 AM  all    0.25    0.00    5.22    0.00    0.00    3.23    0.00    0.00    0.00   91.29
07:05:28 AM  all    0.00    0.00    5.00    0.00    0.00    3.25    0.00    0.00    0.00   91.75
07:05:29 AM  all    0.00    0.00    5.74    0.00    0.00    3.24    0.00    0.00    0.00   91.02
07:05:30 AM  all    0.25    0.00    5.01    0.00    0.00    2.51    0.00    0.00    0.00   92.23
07:05:31 AM  all    0.98    0.00    5.62    0.00    0.00    4.40    0.00    0.00    0.00   89.00
07:05:32 AM  all    0.00    0.00    2.79    0.00    0.00    4.06    0.00    0.00    0.00   93.15
07:05:33 AM  all    0.25    0.00    3.21    0.25    0.00    4.20    0.00    0.00    0.00   92.10
07:05:34 AM  all    0.25    0.00    3.81    0.00    0.00    2.79    0.00    0.00    0.00   93.15
07:05:35 AM  all    0.00    0.00    4.02    0.00    0.00    3.02    0.00    0.00    0.00   92.96
Average:     all    0.24    0.00    5.27    0.01    0.00    3.68    0.00    0.00    0.00   90.80
